n,L,Delta,Kappa
100,1,0.03,0.009801
100,1,0.04,0.009178
100,1,0.05,0.014480000000000002
100,1,0.06,0.013716999999999998
100,1,0.07,0.016687
100,1,0.08,0.021934
100,1,0.09,0.025205
100,1,0.1,0.026912000000000002
100,1,0.11,0.033982
100,1,0.12,0.034629
100,1,0.13,0.038322
100,1,0.14,0.040969
100,1,0.15,0.045283
100,1,0.16,0.052314
100,1,0.17,0.053314
100,1,0.18,0.058320000000000004
100,1,0.19,0.064316
100,1,0.2,0.06730499999999999
100,1,0.21,0.075986
100,1,0.22,0.080653
100,1,0.23,0.084995
100,1,0.24,0.09333
100,1,0.25,0.099664
100,1,0.26,0.10299000000000001
100,1,0.27,0.10866400000000001
100,1,0.28,0.113331
100,1,0.29,0.123331
100,1,0.3,0.13
100,1,0.31,0.135331
100,1,0.32,0.143331
100,1,0.33,0.147331
100,1,0.34,0.154999
100,1,0.35,0.160995
100,1,0.36,0.167666
100,1,0.37,0.179333
100,1,0.38,0.17966600000000002
100,1,0.39,0.195
100,1,0.4,0.202667
100,1,0.41,0.207
100,1,0.42,0.217667
100,1,0.43,0.22866599999999998
100,1,0.44,0.22666599999999998
100,1,0.45,0.242
100,1,0.46,0.253333
100,1,0.47,0.259667
100,1,0.48,0.270333
100,1,0.49,0.277
100,1,0.5,0.289333
100,1,0.51,0.300667
100,1,0.52,0.308667
100,1,0.53,0.326333
100,1,0.54,0.326667
100,1,0.55,0.342667
100,1,0.56,0.350667
100,1,0.57,0.359667
100,1,0.58,0.372667
100,1,0.59,0.382
100,1,0.6,0.394333
100,1,0.61,0.405667
100,1,0.62,0.422333
100,1,0.63,0.426667
100,1,0.64,0.445667
100,1,0.65,0.456333
100,1,0.66,0.462667
100,1,0.67,0.479
100,1,0.68,0.494
100,1,0.69,0.509
100,1,0.7,0.516667
100,1,0.71,0.532
100,1,0.72,0.554
100,1,0.73,0.558667
100,1,0.74,0.580333
100,1,0.75,0.592333
100,1,0.76,0.603667
100,1,0.77,0.622333
100,1,0.78,0.63
100,1,0.79,0.645333
100,1,0.8,0.665
100,1,0.81,0.682667
100,1,0.82,0.695333
100,1,0.83,0.713667
100,1,0.84,0.723
100,1,0.85,0.741334
100,1,0.86,0.759667
100,1,0.87,0.777668
100,1,0.88,0.790668
100,1,0.89,0.811335
100,1,0.9,0.827341
100,1,0.91,0.84801
100,1,0.92,0.8670059999999999
100,1,0.93,0.883674
100,1,0.94,0.906349
100,1,0.95,0.916359
100,1,0.96,0.933082
100,1,0.97,0.9531229999999999
100,1,0.98,0.9734950000000001
100,1,0.99,0.987966
100,1,1.0,-1344124422948638.5
100,2,0.03,0.009481
100,2,0.04,0.009689
100,2,0.05,0.010653
100,2,0.06,0.014278
100,2,0.07,0.021435
100,2,0.08,0.023144
100,2,0.09,0.027183
100,2,0.1,0.034408
100,2,0.11,0.037207
100,2,0.12,0.045572
100,2,0.13,0.048175
100,2,0.14,0.05764400000000001
100,2,0.15,0.062311
100,2,0.16,0.067971
100,2,0.17,0.07261799999999999
100,2,0.18,0.08298
100,2,0.19,0.086982
100,2,0.2,0.092644
100,2,0.21,0.103655
100,2,0.22,0.11066
100,2,0.23,0.116323
100,2,0.24,0.124999
100,2,0.25,0.13266
100,2,0.26,0.143332
100,2,0.27,0.15166500000000002
100,2,0.28,0.15466400000000002
100,2,0.29,0.171665
100,2,0.3,0.174664
100,2,0.31,0.188331
100,2,0.32,0.191666
100,2,0.33,0.208666
100,2,0.34,0.21599899999999997
100,2,0.35,0.21599699999999997
100,2,0.36,0.228665
100,2,0.37,0.242331
100,2,0.38,0.255
100,2,0.39,0.263333
100,2,0.4,0.278
100,2,0.41,0.288999
100,2,0.42,0.304333
100,2,0.43,0.317333
100,2,0.44,0.323666
100,2,0.45,0.33966599999999997
100,2,0.46,0.355
100,2,0.47,0.367
100,2,0.48,0.37533299999999997
100,2,0.49,0.394
100,2,0.5,0.405667
100,2,0.51,0.425667
100,2,0.52,0.442
100,2,0.53,0.453
100,2,0.54,0.474667
100,2,0.55,0.486
100,2,0.56,0.503667
100,2,0.57,0.510333
100,2,0.58,0.543333
100,2,0.59,0.551
100,2,0.6,0.563334
100,2,0.61,0.590002
100,2,0.62,0.613334
100,2,0.63,0.629003
100,2,0.64,0.650011
100,2,0.65,0.6696880000000001
100,2,0.66,0.697358
100,2,0.67,0.720471
100,2,0.68,0.737835
100,2,0.69,0.7714
100,2,0.7,0.789096
100,2,0.71,0.8177369999999999
100,2,0.72,0.84152
100,2,0.73,0.873331
100,2,0.74,0.914845
100,2,0.75,0.93466
100,2,0.76,0.9742350000000001
100,2,0.77,0.9813219999999999
100,2,0.78,1.028451
100,2,0.79,1.031603
100,2,0.8,1.10314
100,2,0.81,1.058693
100,2,0.82,1.081935
100,2,0.83,1.1514389999999999
100,2,0.84,1.046294
100,2,0.85,1.316912
100,2,0.86,-1344124422948638.5
100,2,0.87,-1344124422948638.5
100,2,0.88,-1344124422948638.5
100,2,0.89,-1344124422948638.5
100,2,0.9,-1344124422948638.5
100,2,0.91,-1344124422948638.5
100,2,0.92,-1344124422948638.5
100,2,0.93,-1344124422948638.5
100,2,0.94,-1344124422948638.5
100,2,0.95,-1344124422948638.5
100,2,0.96,-1344124422948638.5
100,2,0.97,-1344124422948638.5
100,2,0.98,-1344124422948638.5
100,2,0.99,-1344124422948638.5
100,2,1.0,-1344124422948638.5
100,3,0.04,0.006670000000000001
100,3,0.05,0.011422
100,3,0.06,0.018818
100,3,0.07,0.0195
100,3,0.08,0.027183
100,3,0.09,0.032929
100,3,0.1,0.037594999999999996
100,3,0.11,0.040232
100,3,0.12,0.047902
100,3,0.13,0.053298000000000005
100,3,0.14,0.06130700000000001
100,3,0.15,0.067256
100,3,0.16,0.075323
100,3,0.17,0.082986
100,3,0.18,0.09366000000000001
100,3,0.19,0.09931799999999999
100,3,0.2,0.10765999999999999
100,3,0.21,0.11399000000000001
100,3,0.22,0.119325
100,3,0.23,0.129994
100,3,0.24,0.144332
100,3,0.25,0.141994
100,3,0.26,0.163996
100,3,0.27,0.167997
100,3,0.28,0.179
100,3,0.29,0.187332
100,3,0.3,0.20233299999999999
100,3,0.31,0.209331
100,3,0.32,0.222333
100,3,0.33,0.23366599999999998
100,3,0.34,0.24233200000000002
100,3,0.35,0.257666
100,3,0.36,0.269333
100,3,0.37,0.277
100,3,0.38,0.290333
100,3,0.39,0.304
100,3,0.4,0.320666
100,3,0.41,0.328333
100,3,0.42,0.346667
100,3,0.43,0.360333
100,3,0.44,0.37566700000000003
100,3,0.45,0.394
100,3,0.46,0.406
100,3,0.47,0.418333
100,3,0.48,0.44166700000000003
100,3,0.49,0.446667
100,3,0.5,0.467333
100,3,0.51,0.486333
100,3,0.52,0.505667
100,3,0.53,0.521667
100,3,0.54,0.545
100,3,0.55,0.558334
100,3,0.56,0.5846680000000001
100,3,0.57,0.608668
100,3,0.58,0.63334
100,3,0.59,0.64968
100,3,0.6,0.6763819999999999
100,3,0.61,0.7074010000000001
100,3,0.62,0.723805
100,3,0.63,0.756354
100,3,0.64,0.788732
100,3,0.65,0.812916
100,3,0.66,0.8375940000000001
100,3,0.67,0.8794549999999999
100,3,0.68,0.907415
100,3,0.69,0.961942
100,3,0.7,0.9725959999999999
100,3,0.71,1.027847
100,3,0.72,1.03398
100,3,0.73,1.0628879999999998
100,3,0.74,1.064511
100,3,0.75,1.118166
100,3,0.76,1.125034
100,3,0.77,1.132783
100,3,0.78,-1344124422948638.5
100,3,0.79,1.218689
100,3,0.8,-1344124422948638.5
100,3,0.81,-1344124422948638.5
100,3,0.82,-1344124422948638.5
100,3,0.83,-1344124422948638.5
100,3,0.84,-1344124422948638.5
100,3,0.85,-1344124422948638.5
100,3,0.86,-1344124422948638.5
100,3,0.87,-1344124422948638.5
100,3,0.88,-1344124422948638.5
100,3,0.89,-1344124422948638.5
100,3,0.9,-1344124422948638.5
100,3,0.91,-1344124422948638.5
100,3,0.92,-1344124422948638.5
100,3,0.93,-1344124422948638.5
100,3,0.94,-1344124422948638.5
100,3,0.95,-1344124422948638.5
100,3,0.96,-1344124422948638.5
100,3,0.97,-1344124422948638.5
100,3,0.98,-1344124422948638.5
100,3,0.99,-1344124422948638.5
100,4,0.03,0.0023769999999999998
100,4,0.04,0.010511
100,4,0.05,0.0057020000000000005
100,4,0.06,0.016963
100,4,0.07,0.024919
100,4,0.08,0.03048
100,4,0.09,0.030232
100,4,0.1,0.04028
100,4,0.11,0.041238
100,4,0.12,0.050649
100,4,0.13,0.054956
100,4,0.14,0.06665700000000001
100,4,0.15,0.07261799999999999
100,4,0.16,0.079992
100,4,0.17,0.08732899999999999
100,4,0.18,0.095326
100,4,0.19,0.10399800000000001
100,4,0.2,0.114665
100,4,0.21,0.118663
100,4,0.22,0.127998
100,4,0.23,0.140999
100,4,0.24,0.14466500000000002
100,4,0.25,0.153331
100,4,0.26,0.166
100,4,0.27,0.17166700000000001
100,4,0.28,0.182999
100,4,0.29,0.194
100,4,0.3,0.208
100,4,0.31,0.217333
100,4,0.32,0.221333
100,4,0.33,0.23766700000000002
100,4,0.34,0.257333
100,4,0.35,0.269667
100,4,0.36,0.282667
100,4,0.37,0.29
100,4,0.38,0.298
100,4,0.39,0.32
100,4,0.4,0.332667
100,4,0.41,0.346667
100,4,0.42,0.365667
100,4,0.43,0.37133299999999997
100,4,0.44,0.392333
100,4,0.45,0.413667
100,4,0.46,0.426
100,4,0.47,0.449333
100,4,0.48,0.465667
100,4,0.49,0.487667
100,4,0.5,0.499
100,4,0.51,0.521333
100,4,0.52,0.539667
100,4,0.53,0.556667
100,4,0.54,0.598337
100,4,0.55,0.6236689999999999
100,4,0.56,0.632007
100,4,0.57,0.67135
100,4,0.58,0.691765
100,4,0.59,0.724903
100,4,0.6,0.753753
100,4,0.61,0.788115
100,4,0.62,0.815183
100,4,0.63,0.851158
100,4,0.64,0.894343
100,4,0.65,0.919148
100,4,0.66,0.959038
100,4,0.67,1.023668
100,4,0.68,1.048883
100,4,0.69,1.082568
100,4,0.7,1.102331
100,4,0.71,1.146696
100,4,0.72,1.116356
100,4,0.73,1.299733
100,4,0.74,1.205194
100,4,0.75,1.109587
100,4,0.76,-1344124422948638.5
100,4,0.77,1.058538
100,4,0.78,-1344124422948638.5
100,4,0.79,-1344124422948638.5
100,4,0.8,-1344124422948638.5
100,4,0.81,-1344124422948638.5
100,4,0.82,-1344124422948638.5
100,4,0.83,-1344124422948638.5
100,4,0.84,-1344124422948638.5
100,4,0.85,-1344124422948638.5
100,4,0.86,-1344124422948638.5
100,4,0.87,-1344124422948638.5
100,4,0.88,-1344124422948638.5
100,4,0.89,-1344124422948638.5
100,4,0.9,-1344124422948638.5
100,4,0.91,-1344124422948638.5
100,4,0.92,-1344124422948638.5
100,4,0.93,-1344124422948638.5
100,4,0.94,-1344124422948638.5
100,4,0.95,-1344124422948638.5
100,4,0.96,-1344124422948638.5
100,4,0.97,-1344124422948638.5
100,4,0.98,-1344124422948638.5
100,4,0.99,-1344124422948638.5
100,4,1.0,-1344124422948638.5
100,5,0.03,0.009481
100,5,0.04,0.006764
100,5,0.05,0.012038
100,5,0.06,0.018536
100,5,0.07,0.022216999999999997
100,5,0.08,0.030864
100,5,0.09,0.033469
100,5,0.1,0.037867000000000005
100,5,0.11,0.044932
100,5,0.12,0.053295
100,5,0.13,0.056302
100,5,0.14,0.063305
100,5,0.15,0.074659
100,5,0.16,0.083996
100,5,0.17,0.085327
100,5,0.18,0.094331
100,5,0.19,0.10666500000000001
100,5,0.2,0.11033299999999999
100,5,0.21,0.118665
100,5,0.22,0.123999
100,5,0.23,0.135666
100,5,0.24,0.145
100,5,0.25,0.156667
100,5,0.26,0.167
100,5,0.27,0.17866700000000002
100,5,0.28,0.187667
100,5,0.29,0.198
100,5,0.3,0.206
100,5,0.31,0.219
100,5,0.32,0.232
100,5,0.33,0.248
100,5,0.34,0.255
100,5,0.35,0.273667
100,5,0.36,0.278333
100,5,0.37,0.292667
100,5,0.38,0.308667
100,5,0.39,0.325667
100,5,0.4,0.336667
100,5,0.41,0.353
100,5,0.42,0.377
100,5,0.43,0.386
100,5,0.44,0.398667
100,5,0.45,0.412
100,5,0.46,0.433
100,5,0.47,0.458
100,5,0.48,0.480333
100,5,0.49,0.507
100,5,0.5,0.518667
100,5,0.51,0.546
100,5,0.52,0.576
100,5,0.53,0.594669
100,5,0.54,0.620346
100,5,0.55,0.66805
100,5,0.56,0.679674
100,5,0.57,0.72631
100,5,0.58,0.74102
100,5,0.59,0.77162
100,5,0.6,0.7991050000000001
100,5,0.61,0.8359780000000001
100,5,0.62,0.87434
100,5,0.63,0.9450770000000001
100,5,0.64,0.9432520000000001
100,5,0.65,1.014292
100,5,0.66,1.0096319999999999
100,5,0.67,1.073706
100,5,0.68,1.1038540000000001
100,5,0.69,1.1421620000000001
100,5,0.7,1.111879
100,5,0.71,1.409278
100,5,0.72,1.155047
100,5,0.73,1.105537
100,5,0.74,-1344124422948638.5
100,5,0.75,-1344124422948638.5
100,5,0.76,-1344124422948638.5
100,5,0.77,-1344124422948638.5
100,5,0.78,-1344124422948638.5
100,5,0.79,-1344124422948638.5
100,5,0.8,-1344124422948638.5
100,5,0.81,-1344124422948638.5
100,5,0.82,-1344124422948638.5
100,5,0.83,-1344124422948638.5
100,5,0.84,-1344124422948638.5
100,5,0.85,-1344124422948638.5
100,5,0.86,-1344124422948638.5
100,5,0.87,-1344124422948638.5
100,5,0.88,-1344124422948638.5
100,5,0.89,-1344124422948638.5
100,5,0.9,-1344124422948638.5
100,5,0.91,-1344124422948638.5
100,5,0.92,-1344124422948638.5
100,5,0.93,-1344124422948638.5
100,5,0.94,-1344124422948638.5
100,5,0.95,-1344124422948638.5
100,5,0.96,-1344124422948638.5
100,5,0.97,-1344124422948638.5
100,5,0.98,-1344124422948638.5
100,5,0.99,-1344124422948638.5
100,5,1.0,-1344124422948638.5
100,6,0.04,0.006764
100,6,0.05,0.013525
100,6,0.06,0.016018
100,6,0.07,0.019991
100,6,0.08,0.027442
100,6,0.09,0.034604
100,6,0.1,0.038192000000000004
100,6,0.11,0.047319
100,6,0.12,0.053320000000000006
100,6,0.13,0.061329999999999996
100,6,0.14,0.065663
100,6,0.15,0.071315
100,6,0.16,0.082331
100,6,0.17,0.08833099999999999
100,6,0.18,0.092998
100,6,0.19,0.106
100,6,0.2,0.110999
100,6,0.21,0.121333
100,6,0.22,0.127667
100,6,0.23,0.136666
100,6,0.24,0.148333
100,6,0.25,0.154667
100,6,0.26,0.165667
100,6,0.27,0.173
100,6,0.28,0.186667
100,6,0.29,0.19733299999999998
100,6,0.3,0.20966700000000002
100,6,0.31,0.217
100,6,0.32,0.23033299999999998
100,6,0.33,0.241
100,6,0.34,0.246667
100,6,0.35,0.264667
100,6,0.36,0.276
100,6,0.37,0.293667
100,6,0.38,0.304333
100,6,0.39,0.320333
100,6,0.4,0.342333
100,6,0.41,0.350667
100,6,0.42,0.370667
100,6,0.43,0.389333
100,6,0.44,0.405
100,6,0.45,0.426
100,6,0.46,0.450667
100,6,0.47,0.470667
100,6,0.48,0.492
100,6,0.49,0.523333
100,6,0.5,0.540667
100,6,0.51,0.564667
100,6,0.52,0.592337
100,6,0.53,0.619012
100,6,0.54,0.654041
100,6,0.55,0.688207
100,6,0.56,0.7098180000000001
100,6,0.57,0.741535
100,6,0.58,0.785814
100,6,0.59,0.823312
100,6,0.6,0.8505950000000001
100,6,0.61,0.896166
100,6,0.62,0.930183
100,6,0.63,0.960617
100,6,0.64,1.002058
100,6,0.65,1.0306739999999999
100,6,0.66,1.103133
100,6,0.67,1.115326
100,6,0.68,1.161904
100,6,0.69,1.198766
100,6,0.7,1.1179940000000002
100,6,0.71,1.521363
100,6,0.72,1.256638
100,6,0.73,1.9676360000000002
100,6,0.74,-1344124422948638.5
100,6,0.75,-1344124422948638.5
100,6,0.76,-1344124422948638.5
100,6,0.77,-1344124422948638.5
100,6,0.78,-1344124422948638.5
100,6,0.79,-1344124422948638.5
100,6,0.8,-1344124422948638.5
100,6,0.81,-1344124422948638.5
100,6,0.82,-1344124422948638.5
100,6,0.83,-1344124422948638.5
100,6,0.84,-1344124422948638.5
100,6,0.85,-1344124422948638.5
100,6,0.86,-1344124422948638.5
100,6,0.87,-1344124422948638.5
100,6,0.88,-1344124422948638.5
100,6,0.89,-1344124422948638.5
100,6,0.9,-1344124422948638.5
100,6,0.91,-1344124422948638.5
100,6,0.92,-1344124422948638.5
100,6,0.93,-1344124422948638.5
100,6,0.94,-1344124422948638.5
100,6,0.95,-1344124422948638.5
100,6,0.96,-1344124422948638.5
100,6,0.97,-1344124422948638.5
100,6,0.98,-1344124422948638.5
100,6,0.99,-1344124422948638.5
100,7,0.04,0.008422
100,7,0.05,0.009604999999999999
100,7,0.06,0.017338
100,7,0.07,0.022109999999999998
100,7,0.08,0.025700999999999998
100,7,0.09,0.035236
100,7,0.1,0.039654
100,7,0.11,0.049944999999999996
100,7,0.12,0.052633000000000006
100,7,0.13,0.059997
100,7,0.14,0.065978
100,7,0.15,0.07499700000000001
100,7,0.16,0.079999
100,7,0.17,0.08833300000000001
100,7,0.18,0.097666
100,7,0.19,0.104333
100,7,0.2,0.110999
100,7,0.21,0.11866700000000001
100,7,0.22,0.12466700000000001
100,7,0.23,0.131333
100,7,0.24,0.144333
100,7,0.25,0.151333
100,7,0.26,0.163333
100,7,0.27,0.16933299999999998
100,7,0.28,0.182333
100,7,0.29,0.193333
100,7,0.3,0.201667
100,7,0.31,0.211
100,7,0.32,0.221333
100,7,0.33,0.238333
100,7,0.34,0.247333
100,7,0.35,0.25566700000000003
100,7,0.36,0.273667
100,7,0.37,0.291667
100,7,0.38,0.304
100,7,0.39,0.31566700000000003
100,7,0.4,0.335667
100,7,0.41,0.346667
100,7,0.42,0.37333299999999997
100,7,0.43,0.393
100,7,0.44,0.404
100,7,0.45,0.43033299999999997
100,7,0.46,0.451333
100,7,0.47,0.475667
100,7,0.48,0.49333299999999997
100,7,0.49,0.524667
100,7,0.5,0.549667
100,7,0.51,0.57967
100,7,0.52,0.608672
100,7,0.53,0.640042
100,7,0.54,0.672117
100,7,0.55,0.7012229999999999
100,7,0.56,0.743937
100,7,0.57,0.7717390000000001
100,7,0.58,0.804837
100,7,0.59,0.8477370000000001
100,7,0.6,0.899476
100,7,0.61,0.928692
100,7,0.62,0.971719
100,7,0.63,0.9883190000000001
100,7,0.64,1.021158
100,7,0.65,1.053554
100,7,0.66,1.1161510000000001
100,7,0.67,1.103183
100,7,0.68,1.172993
100,7,0.69,1.069721
100,7,0.7,1.296727
100,7,0.71,1.092803
100,7,0.72,-1344124422948638.5
100,7,0.73,-1344124422948638.5
100,7,0.74,-1344124422948638.5
100,7,0.75,-1344124422948638.5
100,7,0.76,-1344124422948638.5
100,7,0.77,-1344124422948638.5
100,7,0.78,-1344124422948638.5
100,7,0.79,-1344124422948638.5
100,7,0.8,-1344124422948638.5
100,7,0.81,-1344124422948638.5
100,7,0.82,-1344124422948638.5
100,7,0.83,-1344124422948638.5
100,7,0.84,-1344124422948638.5
100,7,0.85,-1344124422948638.5
100,7,0.86,-1344124422948638.5
100,7,0.87,-1344124422948638.5
100,7,0.88,-1344124422948638.5
100,7,0.89,-1344124422948638.5
100,7,0.9,-1344124422948638.5
100,7,0.91,-1344124422948638.5
100,7,0.92,-1344124422948638.5
100,7,0.93,-1344124422948638.5
100,7,0.94,-1344124422948638.5
100,7,0.95,-1344124422948638.5
100,7,0.96,-1344124422948638.5
100,7,0.97,-1344124422948638.5
100,7,0.98,-1344124422948638.5
100,7,0.99,-1344124422948638.5
100,8,0.04,0.006181
100,8,0.05,0.006973
100,8,0.06,0.012899
100,8,0.07,0.0195
100,8,0.08,0.028892
100,8,0.09,0.034594
100,8,0.1,0.041992
100,8,0.11,0.047632
100,8,0.12,0.05694400000000001
100,8,0.13,0.057997
100,8,0.14,0.066326
100,8,0.15,0.07433200000000001
100,8,0.16,0.07799600000000001
100,8,0.17,0.087996
100,8,0.18,0.092998
100,8,0.19,0.10233300000000001
100,8,0.2,0.11
100,8,0.21,0.115667
100,8,0.22,0.127
100,8,0.23,0.134667
100,8,0.24,0.141333
100,8,0.25,0.147333
100,8,0.26,0.156667
100,8,0.27,0.166667
100,8,0.28,0.17666700000000002
100,8,0.29,0.189667
100,8,0.3,0.198
100,8,0.31,0.20666700000000002
100,8,0.32,0.220667
100,8,0.33,0.233
100,8,0.34,0.245
100,8,0.35,0.255333
100,8,0.36,0.264667
100,8,0.37,0.283667
100,8,0.38,0.296667
100,8,0.39,0.31766700000000003
100,8,0.4,0.334333
100,8,0.41,0.347
100,8,0.42,0.365333
100,8,0.43,0.377333
100,8,0.44,0.4
100,8,0.45,0.426333
100,8,0.46,0.448333
100,8,0.47,0.471
100,8,0.48,0.498667
100,8,0.49,0.524
100,8,0.5,0.559334
100,8,0.51,0.5890029999999999
100,8,0.52,0.615364
100,8,0.53,0.6501060000000001
100,8,0.54,0.693362
100,8,0.55,0.725298
100,8,0.56,0.760984
100,8,0.57,0.789288
100,8,0.58,0.842835
100,8,0.59,0.8834190000000001
100,8,0.6,0.913624
100,8,0.61,0.943427
100,8,0.62,0.99249
100,8,0.63,1.0265520000000001
100,8,0.64,1.066195
100,8,0.65,1.0596510000000001
100,8,0.66,1.113948
100,8,0.67,1.160183
100,8,0.68,1.392503
100,8,0.69,1.157683
100,8,0.7,1.386068
100,8,0.71,-1344124422948638.5
100,8,0.72,1.058538
100,8,0.73,-1344124422948638.5
100,8,0.74,-1344124422948638.5
100,8,0.75,-1344124422948638.5
100,8,0.76,-1344124422948638.5
100,8,0.77,-1344124422948638.5
100,8,0.78,-1344124422948638.5
100,8,0.79,-1344124422948638.5
100,8,0.8,-1344124422948638.5
100,8,0.81,-1344124422948638.5
100,8,0.82,-1344124422948638.5
100,8,0.83,-1344124422948638.5
100,8,0.84,-1344124422948638.5
100,8,0.85,-1344124422948638.5
100,8,0.86,-1344124422948638.5
100,8,0.87,-1344124422948638.5
100,8,0.88,-1344124422948638.5
100,8,0.89,-1344124422948638.5
100,8,0.9,-1344124422948638.5
100,8,0.91,-1344124422948638.5
100,8,0.92,-1344124422948638.5
100,8,0.93,-1344124422948638.5
100,8,0.94,-1344124422948638.5
100,8,0.95,-1344124422948638.5
100,8,0.96,-1344124422948638.5
100,8,0.97,-1344124422948638.5
100,8,0.98,-1344124422948638.5
100,8,0.99,-1344124422948638.5
100,9,0.04,0.008169
100,9,0.05,0.011422
100,9,0.06,0.016484
100,9,0.07,0.019303
100,9,0.08,0.028852999999999997
100,9,0.09,0.033552
100,9,0.1,0.038216
100,9,0.11,0.048933
100,9,0.12,0.050985
100,9,0.13,0.062327
100,9,0.14,0.067992
100,9,0.15,0.075325
100,9,0.16,0.078
100,9,0.17,0.08733300000000001
100,9,0.18,0.094
100,9,0.19,0.103
100,9,0.2,0.10866700000000001
100,9,0.21,0.115
100,9,0.22,0.12466700000000001
100,9,0.23,0.132333
100,9,0.24,0.141
100,9,0.25,0.149333
100,9,0.26,0.16
100,9,0.27,0.167667
100,9,0.28,0.177
100,9,0.29,0.187
100,9,0.3,0.195
100,9,0.31,0.205
100,9,0.32,0.216333
100,9,0.33,0.229667
100,9,0.34,0.238333
100,9,0.35,0.25366700000000003
100,9,0.36,0.262
100,9,0.37,0.271
100,9,0.38,0.29
100,9,0.39,0.311667
100,9,0.4,0.327667
100,9,0.41,0.340333
100,9,0.42,0.366
100,9,0.43,0.374
100,9,0.44,0.400667
100,9,0.45,0.431
100,9,0.46,0.452
100,9,0.47,0.473
100,9,0.48,0.505333
100,9,0.49,0.524668
100,9,0.5,0.562674
100,9,0.51,0.595011
100,9,0.52,0.640794
100,9,0.53,0.662299
100,9,0.54,0.695465
100,9,0.55,0.740118
100,9,0.56,0.77323
100,9,0.57,0.819915
100,9,0.58,0.857432
100,9,0.59,0.896753
100,9,0.6,0.9348629999999999
100,9,0.61,0.980316
100,9,0.62,1.0090350000000001
100,9,0.63,1.069756
100,9,0.64,1.058907
100,9,0.65,1.0976920000000001
100,9,0.66,1.1274620000000002
100,9,0.67,1.1142610000000002
100,9,0.68,1.2917459999999998
100,9,0.69,1.1142729999999998
100,9,0.7,1.540812
100,9,0.71,1.001363
100,9,0.72,-1344124422948638.5
100,9,0.73,-1344124422948638.5
100,9,0.74,-1344124422948638.5
100,9,0.75,-1344124422948638.5
100,9,0.76,-1344124422948638.5
100,9,0.77,-1344124422948638.5
100,9,0.78,-1344124422948638.5
100,9,0.79,-1344124422948638.5
100,9,0.8,-1344124422948638.5
100,9,0.81,-1344124422948638.5
100,9,0.82,-1344124422948638.5
100,9,0.83,-1344124422948638.5
100,9,0.84,-1344124422948638.5
100,9,0.85,-1344124422948638.5
100,9,0.86,-1344124422948638.5
100,9,0.87,-1344124422948638.5
100,9,0.88,-1344124422948638.5
100,9,0.89,-1344124422948638.5
100,9,0.9,-1344124422948638.5
100,9,0.91,-1344124422948638.5
100,9,0.92,-1344124422948638.5
100,9,0.93,-1344124422948638.5
100,9,0.94,-1344124422948638.5
100,9,0.95,-1344124422948638.5
100,9,0.96,-1344124422948638.5
100,9,0.97,-1344124422948638.5
100,9,0.98,-1344124422948638.5
100,9,0.99,-1344124422948638.5
100,15,0.04,0.007548
100,15,0.05,0.012859
100,15,0.06,0.017716
100,15,0.07,0.021845
100,15,0.08,0.029073
100,15,0.09,0.03392
100,15,0.1,0.040212
100,15,0.11,0.044636
100,15,0.12,0.054998000000000005
100,15,0.13,0.061999
100,15,0.14,0.067329
100,15,0.15,0.06966599999999999
100,15,0.16,0.079
100,15,0.17,0.088
100,15,0.18,0.091667
100,15,0.19,0.09966699999999999
100,15,0.2,0.10266700000000001
100,15,0.21,0.111667
100,15,0.22,0.116
100,15,0.23,0.125667
100,15,0.24,0.132
100,15,0.25,0.136667
100,15,0.26,0.147333
100,15,0.27,0.155333
100,15,0.28,0.161
100,15,0.29,0.168
100,15,0.3,0.17866700000000002
100,15,0.31,0.186
100,15,0.32,0.194667
100,15,0.33,0.20566700000000002
100,15,0.34,0.214
100,15,0.35,0.224667
100,15,0.36,0.236
100,15,0.37,0.255
100,15,0.38,0.264333
100,15,0.39,0.281667
100,15,0.4,0.295
100,15,0.41,0.31366700000000003
100,15,0.42,0.33266599999999996
100,15,0.43,0.35799699999999995
100,15,0.44,0.379996
100,15,0.45,0.40833
100,15,0.46,0.44332299999999997
100,15,0.47,0.466321
100,15,0.48,0.503666
100,15,0.49,0.537367
100,15,0.5,0.575851
100,15,0.51,0.610518
100,15,0.52,0.657276
100,15,0.53,0.699963
100,15,0.54,0.759694
100,15,0.55,0.809337
100,15,0.56,0.837131
100,15,0.57,0.8917
100,15,0.58,0.9258129999999999
100,15,0.59,0.9725969999999999
100,15,0.6,0.9924459999999999
100,15,0.61,1.062465
100,15,0.62,1.0724120000000001
100,15,0.63,1.1447379999999998
100,15,0.64,1.1559540000000001
100,15,0.65,1.227795
100,15,0.66,1.278869
100,15,0.67,1.267957
100,15,0.68,1.272908
100,15,0.69,-1344124422948638.5
100,15,0.7,-1344124422948638.5
100,15,0.71,-1344124422948638.5
100,15,0.72,-1344124422948638.5
100,15,0.73,-1344124422948638.5
100,15,0.74,-1344124422948638.5
100,15,0.75,-1344124422948638.5
100,15,0.76,-1344124422948638.5
100,15,0.77,-1344124422948638.5
100,15,0.78,-1344124422948638.5
100,15,0.79,-1344124422948638.5
100,15,0.8,-1344124422948638.5
100,15,0.81,-1344124422948638.5
100,15,0.82,-1344124422948638.5
100,15,0.83,-1344124422948638.5
100,15,0.84,-1344124422948638.5
100,15,0.85,-1344124422948638.5
100,15,0.86,-1344124422948638.5
100,15,0.87,-1344124422948638.5
100,15,0.88,-1344124422948638.5
100,15,0.89,-1344124422948638.5
100,15,0.9,-1344124422948638.5
100,15,0.91,-1344124422948638.5
100,15,0.92,-1344124422948638.5
100,15,0.93,-1344124422948638.5
100,15,0.94,-1344124422948638.5
100,15,0.95,-1344124422948638.5
100,15,0.96,-1344124422948638.5
100,15,0.97,-1344124422948638.5
100,15,0.98,-1344124422948638.5
100,15,0.99,-1344124422948638.5
100,20,0.04,0.008345
100,20,0.05,0.013716999999999998
100,20,0.06,0.016018
100,20,0.07,0.021435
100,20,0.08,0.030948000000000003
100,20,0.09,0.037781999999999996
100,20,0.1,0.041916
100,20,0.11,0.046978
100,20,0.12,0.052661
100,20,0.13,0.061666
100,20,0.14,0.066996
100,20,0.15,0.07066599999999999
100,20,0.16,0.078
100,20,0.17,0.081998
100,20,0.18,0.089667
100,20,0.19,0.09766699999999999
100,20,0.2,0.101
100,20,0.21,0.10833399999999999
100,20,0.22,0.116667
100,20,0.23,0.119334
100,20,0.24,0.129
100,20,0.25,0.136
100,20,0.26,0.143
100,20,0.27,0.149
100,20,0.28,0.157
100,20,0.29,0.163667
100,20,0.3,0.173
100,20,0.31,0.17966700000000002
100,20,0.32,0.185333
100,20,0.33,0.193667
100,20,0.34,0.208
100,20,0.35,0.215
100,20,0.36,0.232
100,20,0.37,0.24
100,20,0.38,0.253
100,20,0.39,0.260333
100,20,0.4,0.28
100,20,0.41,0.304331
100,20,0.42,0.31899099999999997
100,20,0.43,0.33733
100,20,0.44,0.361989
100,20,0.45,0.401977
100,20,0.46,0.426972
100,20,0.47,0.45796099999999995
100,20,0.48,0.498321
100,20,0.49,0.54627
100,20,0.5,0.581634
100,20,0.51,0.628521
100,20,0.52,0.673355
100,20,0.53,0.72921
100,20,0.54,0.7827770000000001
100,20,0.55,0.814783
100,20,0.56,0.8842540000000001
100,20,0.57,0.915641
100,20,0.58,0.9760559999999999
100,20,0.59,1.015478
100,20,0.6,1.040067
100,20,0.61,1.052973
100,20,0.62,1.140779
100,20,0.63,1.219142
100,20,0.64,1.199611
100,20,0.65,1.249999
100,20,0.66,1.269625
100,20,0.67,1.2738180000000001
100,20,0.68,1.001363
100,20,0.69,1.116598
100,20,0.7,1.165786
100,20,0.71,-1344124422948638.5
100,20,0.72,-1344124422948638.5
100,20,0.73,-1344124422948638.5
100,20,0.74,-1344124422948638.5
100,20,0.75,-1344124422948638.5
100,20,0.76,-1344124422948638.5
100,20,0.77,-1344124422948638.5
100,20,0.78,-1344124422948638.5
100,20,0.79,-1344124422948638.5
100,20,0.8,-1344124422948638.5
100,20,0.81,-1344124422948638.5
100,20,0.82,-1344124422948638.5
100,20,0.83,-1344124422948638.5
100,20,0.84,-1344124422948638.5
100,20,0.85,-1344124422948638.5
100,20,0.86,-1344124422948638.5
100,20,0.87,-1344124422948638.5
100,20,0.88,-1344124422948638.5
100,20,0.89,-1344124422948638.5
100,20,0.9,-1344124422948638.5
100,20,0.91,-1344124422948638.5
100,20,0.92,-1344124422948638.5
100,20,0.93,-1344124422948638.5
100,20,0.94,-1344124422948638.5
100,20,0.95,-1344124422948638.5
100,20,0.96,-1344124422948638.5
100,20,0.97,-1344124422948638.5
100,20,0.98,-1344124422948638.5
100,20,0.99,-1344124422948638.5
