L,l,Delta,Rho,Kappa
1,1,0.020000,0.431864,0.008637
1,1,0.030000,0.326716,0.009801
1,1,0.040000,0.229449,0.009178
1,1,0.050000,0.289597,0.014480
1,1,0.060000,0.228611,0.013717
1,1,0.070000,0.238388,0.016687
1,1,0.080000,0.274177,0.021934
1,1,0.090000,0.280058,0.025205
1,1,0.100000,0.269124,0.026912
1,1,0.110000,0.308926,0.033982
1,1,0.120000,0.288575,0.034629
1,1,0.130000,0.294787,0.038322
1,1,0.140000,0.292635,0.040969
1,1,0.150000,0.301885,0.045283
1,1,0.160000,0.326965,0.052314
1,1,0.170000,0.313613,0.053314
1,1,0.180000,0.324001,0.058320
1,1,0.190000,0.338508,0.064316
1,1,0.200000,0.336527,0.067305
1,1,0.210000,0.361836,0.075986
1,1,0.220000,0.366606,0.080653
1,1,0.230000,0.369543,0.084995
1,1,0.240000,0.388874,0.093330
1,1,0.250000,0.398657,0.099664
1,1,0.260000,0.396114,0.102990
1,1,0.270000,0.402458,0.108664
1,1,0.280000,0.404753,0.113331
1,1,0.290000,0.425279,0.123331
1,1,0.300000,0.433333,0.130000
1,1,0.310000,0.436551,0.135331
1,1,0.320000,0.447910,0.143331
1,1,0.330000,0.446458,0.147331
1,1,0.340000,0.455880,0.154999
1,1,0.350000,0.459987,0.160995
1,1,0.360000,0.465740,0.167666
1,1,0.370000,0.484684,0.179333
1,1,0.380000,0.472806,0.179666
1,1,0.390000,0.500000,0.195000
1,1,0.400000,0.506666,0.202667
1,1,0.410000,0.504877,0.207000
1,1,0.420000,0.518254,0.217667
1,1,0.430000,0.531782,0.228666
1,1,0.440000,0.515151,0.226666
1,1,0.450000,0.537778,0.242000
1,1,0.460000,0.550724,0.253333
1,1,0.470000,0.552482,0.259667
1,1,0.480000,0.563194,0.270333
1,1,0.490000,0.565306,0.277000
1,1,0.500000,0.578667,0.289333
1,1,0.510000,0.589542,0.300667
1,1,0.520000,0.593590,0.308667
1,1,0.530000,0.615723,0.326333
1,1,0.540000,0.604938,0.326667
1,1,0.550000,0.623030,0.342667
1,1,0.560000,0.626190,0.350667
1,1,0.570000,0.630994,0.359667
1,1,0.580000,0.642529,0.372667
1,1,0.590000,0.647458,0.382000
1,1,0.600000,0.657222,0.394333
1,1,0.610000,0.665027,0.405667
1,1,0.620000,0.681183,0.422333
1,1,0.630000,0.677249,0.426667
1,1,0.640000,0.696354,0.445667
1,1,0.650000,0.702051,0.456333
1,1,0.660000,0.701010,0.462667
1,1,0.670000,0.714925,0.479000
1,1,0.680000,0.726471,0.494000
1,1,0.690000,0.737681,0.509000
1,1,0.700000,0.738095,0.516667
1,1,0.710000,0.749296,0.532000
1,1,0.720000,0.769444,0.554000
1,1,0.730000,0.765297,0.558667
1,1,0.740000,0.784234,0.580333
1,1,0.750000,0.789778,0.592333
1,1,0.760000,0.794298,0.603667
1,1,0.770000,0.808225,0.622333
1,1,0.780000,0.807692,0.630000
1,1,0.790000,0.816878,0.645333
1,1,0.800000,0.831250,0.665000
1,1,0.810000,0.842798,0.682667
1,1,0.820000,0.847968,0.695333
1,1,0.830000,0.859839,0.713667
1,1,0.840000,0.860714,0.723000
1,1,0.850000,0.872157,0.741334
1,1,0.860000,0.883334,0.759667
1,1,0.870000,0.893871,0.777668
1,1,0.880000,0.898486,0.790668
1,1,0.890000,0.911613,0.811335
1,1,0.900000,0.919268,0.827341
1,1,0.910000,0.931879,0.848010
1,1,0.920000,0.942398,0.867006
1,1,0.930000,0.950187,0.883674
1,1,0.940000,0.964201,0.906349
1,1,0.950000,0.964589,0.916359
1,1,0.960000,0.971960,0.933082
1,1,0.970000,0.982601,0.953123
1,1,0.980000,0.993362,0.973495
1,1,0.990000,0.997946,0.987966
2,1,0.020000,0.431864,0.008637
2,1,0.030000,0.316020,0.009481
2,1,0.040000,0.242221,0.009689
2,1,0.050000,0.213066,0.010653
2,1,0.060000,0.237969,0.014278
2,1,0.070000,0.306211,0.021435
2,1,0.080000,0.289301,0.023144
2,1,0.090000,0.302037,0.027183
2,1,0.100000,0.344077,0.034408
2,1,0.110000,0.338242,0.037207
2,1,0.120000,0.379766,0.045572
2,1,0.130000,0.370573,0.048175
2,1,0.140000,0.411742,0.057644
2,1,0.150000,0.415403,0.062311
2,1,0.160000,0.424820,0.067971
2,1,0.170000,0.427164,0.072618
2,1,0.180000,0.460999,0.082980
2,1,0.190000,0.457801,0.086982
2,1,0.200000,0.463220,0.092644
2,1,0.210000,0.493596,0.103655
2,1,0.220000,0.503000,0.110660
2,1,0.230000,0.505751,0.116323
2,1,0.240000,0.520827,0.124999
2,1,0.250000,0.530642,0.132660
2,1,0.260000,0.551276,0.143332
2,1,0.270000,0.561722,0.151665
2,1,0.280000,0.552372,0.154664
2,1,0.290000,0.591948,0.171665
2,1,0.300000,0.582213,0.174664
2,1,0.310000,0.607521,0.188331
2,1,0.320000,0.598955,0.191666
2,1,0.330000,0.632320,0.208666
2,1,0.340000,0.635291,0.215999
2,1,0.350000,0.617136,0.215997
2,1,0.360000,0.635182,0.228665
2,1,0.370000,0.654948,0.242331
2,1,0.380000,0.671052,0.255000
2,1,0.390000,0.675212,0.263333
2,1,0.400000,0.695000,0.278000
2,1,0.410000,0.704876,0.288999
2,1,0.420000,0.724603,0.304333
2,1,0.430000,0.737984,0.317333
2,1,0.440000,0.735606,0.323666
2,1,0.450000,0.754814,0.339666
2,1,0.460000,0.771739,0.355000
2,1,0.470000,0.780851,0.367000
2,1,0.480000,0.781944,0.375333
2,1,0.490000,0.804081,0.394000
2,1,0.500000,0.811333,0.405667
2,1,0.510000,0.834640,0.425667
2,1,0.520000,0.850000,0.442000
2,1,0.530000,0.854717,0.453000
2,1,0.540000,0.879012,0.474667
2,1,0.550000,0.883636,0.486000
2,1,0.560000,0.899405,0.503667
2,1,0.570000,0.895322,0.510333
2,1,0.580000,0.936782,0.543333
2,1,0.590000,0.933899,0.551000
2,1,0.600000,0.938889,0.563334
2,1,0.610000,0.967216,0.590002
2,1,0.620000,0.989249,0.613334
2,1,0.630000,0.998417,0.629003
2,1,0.640000,1.015643,0.650011
2,1,0.650000,1.030289,0.669688
2,1,0.660000,1.056602,0.697358
2,1,0.670000,1.075330,0.720471
2,1,0.680000,1.085051,0.737835
2,1,0.690000,1.117971,0.771400
2,1,0.700000,1.127281,0.789096
2,1,0.710000,1.151742,0.817737
2,1,0.720000,1.168778,0.841520
2,1,0.730000,1.196343,0.873331
2,1,0.740000,1.236277,0.914845
2,1,0.750000,1.246213,0.934660
2,1,0.760000,1.281889,0.974235
2,1,0.770000,1.274444,0.981322
4,1,0.020000,0.474030,0.009481
4,1,0.030000,0.079244,0.002377
4,1,0.040000,0.262771,0.010511
4,1,0.050000,0.114039,0.005702
4,1,0.060000,0.282721,0.016963
4,1,0.070000,0.355988,0.024919
4,1,0.080000,0.381000,0.030480
4,1,0.090000,0.335909,0.030232
4,1,0.100000,0.402804,0.040280
4,1,0.110000,0.374893,0.041238
4,1,0.120000,0.422073,0.050649
4,1,0.130000,0.422740,0.054956
4,1,0.140000,0.476119,0.066657
4,1,0.150000,0.484119,0.072618
4,1,0.160000,0.499949,0.079992
4,1,0.170000,0.513698,0.087329
4,1,0.180000,0.529589,0.095326
4,1,0.190000,0.547360,0.103998
4,1,0.200000,0.573327,0.114665
4,1,0.210000,0.565064,0.118663
4,1,0.220000,0.581809,0.127998
4,1,0.230000,0.613040,0.140999
4,1,0.240000,0.602773,0.144665
4,1,0.250000,0.613325,0.153331
4,1,0.260000,0.638460,0.166000
4,1,0.270000,0.635802,0.171667
4,1,0.280000,0.653569,0.182999
4,1,0.290000,0.668964,0.194000
4,1,0.300000,0.693333,0.208000
4,1,0.310000,0.701075,0.217333
4,1,0.320000,0.691666,0.221333
4,1,0.330000,0.720202,0.237667
4,1,0.340000,0.756863,0.257333
4,1,0.350000,0.770476,0.269667
4,1,0.360000,0.785185,0.282667
4,1,0.370000,0.783784,0.290000
4,1,0.380000,0.784210,0.298000
4,1,0.390000,0.820513,0.320000
4,1,0.400000,0.831667,0.332667
4,1,0.410000,0.845528,0.346667
4,1,0.420000,0.870635,0.365667
4,1,0.430000,0.863566,0.371333
4,1,0.440000,0.891667,0.392333
4,1,0.450000,0.919259,0.413667
4,1,0.460000,0.926087,0.426000
4,1,0.470000,0.956028,0.449333
4,1,0.480000,0.970139,0.465667
4,1,0.490000,0.995238,0.487667
4,1,0.500000,0.998000,0.499000
4,1,0.510000,1.022222,0.521333
4,1,0.520000,1.037821,0.539667
4,1,0.530000,1.050315,0.556667
4,1,0.540000,1.108032,0.598337
4,1,0.550000,1.133944,0.623669
4,1,0.560000,1.128584,0.632007
4,1,0.570000,1.177808,0.671350
4,1,0.580000,1.192699,0.691765
4,1,0.590000,1.228650,0.724903
4,1,0.600000,1.256254,0.753753
4,1,0.610000,1.291992,0.788115
4,1,0.620000,1.314811,0.815183
4,1,0.630000,1.351044,0.851158
4,1,0.640000,1.397411,0.894343
4,1,0.650000,1.414073,0.919148
4,1,0.660000,1.453087,0.959038
4,2,0.020000,0.448128,0.008963
4,2,0.030000,0.009999,0.000300
4,2,0.040000,0.245037,0.009801
4,2,0.050000,0.306240,0.015312
4,2,0.060000,0.301789,0.018107
4,2,0.070000,0.377665,0.026437
4,2,0.080000,0.473919,0.037914
4,2,0.090000,0.469589,0.042263
4,2,0.100000,0.520684,0.052068
4,2,0.110000,0.531460,0.058461
4,2,0.120000,0.598978,0.071877
4,2,0.130000,0.625027,0.081253
4,2,0.140000,0.649732,0.090963
4,2,0.150000,0.690914,0.103637
4,2,0.160000,0.718620,0.114979
4,2,0.170000,0.741079,0.125983
4,2,0.180000,0.761004,0.136981
4,2,0.190000,0.777171,0.147663
4,2,0.200000,0.824977,0.164995
4,2,0.210000,0.842851,0.176999
4,2,0.220000,0.846967,0.186333
4,2,0.230000,0.882607,0.203000
4,2,0.240000,0.891665,0.213999
4,2,0.250000,0.910666,0.227667
4,2,0.260000,0.930769,0.242000
4,2,0.270000,0.954321,0.257667
4,2,0.280000,0.965476,0.270333
4,2,0.290000,0.997701,0.289333
4,2,0.300000,0.984444,0.295333
4,2,0.310000,1.002150,0.310667
4,2,0.320000,1.046875,0.335000
4,2,0.330000,1.071717,0.353667
4,2,0.340000,1.072549,0.364667
4,2,0.350000,1.089524,0.381333
4,2,0.360000,1.093519,0.393667
4,2,0.370000,1.127027,0.417000
4,2,0.380000,1.142982,0.434333
4,2,0.390000,1.149573,0.448333
4,2,0.400000,1.160000,0.464000
4,2,0.410000,1.176423,0.482333
4,2,0.420000,1.196825,0.502667
4,2,0.430000,1.214729,0.522333
4,2,0.440000,1.232576,0.542333
4,2,0.450000,1.231852,0.554333
4,2,0.460000,1.248551,0.574333
4,2,0.470000,1.270213,0.597000
4,2,0.480000,1.286806,0.617667
4,2,0.490000,1.304762,0.639333
4,2,0.500000,1.322667,0.661334
4,2,0.510000,1.333987,0.680334
4,2,0.520000,1.342952,0.698335
4,2,0.530000,1.344657,0.712668
4,2,0.540000,1.361735,0.735337
4,2,0.550000,1.382442,0.760343
4,2,0.560000,1.404201,0.786352
4,2,0.570000,1.411246,0.804410
4,2,0.580000,1.437075,0.833503
4,2,0.590000,1.438702,0.848834
4,2,0.600000,1.459273,0.875564
4,2,0.610000,1.476606,0.900729
4,2,0.620000,1.502668,0.931654
4,2,0.630000,1.512470,0.952856
4,2,0.640000,1.514812,0.969480
4,2,0.650000,1.517411,0.986317
4,3,0.020000,0.469596,0.009392
4,3,0.030000,0.019833,0.000595
4,3,0.040000,0.176077,0.007043
4,3,0.050000,0.292637,0.014632
4,3,0.060000,0.307945,0.018477
4,3,0.070000,0.355312,0.024872
4,3,0.080000,0.432885,0.034631
4,3,0.090000,0.437034,0.039333
4,3,0.100000,0.502238,0.050224
4,3,0.110000,0.535404,0.058894
4,3,0.120000,0.536348,0.064362
4,3,0.130000,0.632487,0.082223
4,3,0.140000,0.601803,0.084252
4,3,0.150000,0.661885,0.099283
4,3,0.160000,0.697516,0.111603
4,3,0.170000,0.707684,0.120306
4,3,0.180000,0.718480,0.129326
4,3,0.190000,0.750718,0.142636
4,3,0.200000,0.793304,0.158661
4,3,0.210000,0.798405,0.167665
4,3,0.220000,0.816650,0.179663
4,3,0.230000,0.824624,0.189664
4,3,0.240000,0.870807,0.208994
4,3,0.250000,0.885329,0.221332
4,3,0.260000,0.896152,0.233000
4,3,0.270000,0.924690,0.249666
4,3,0.280000,0.958333,0.268333
4,3,0.290000,0.950574,0.275667
4,3,0.300000,0.988888,0.296666
4,3,0.310000,1.001075,0.310333
4,3,0.320000,1.013542,0.324333
4,3,0.330000,1.029293,0.339667
4,3,0.340000,1.035294,0.352000
4,3,0.350000,1.060952,0.371333
4,3,0.360000,1.081481,0.389333
4,3,0.370000,1.109009,0.410333
4,3,0.380000,1.117544,0.424667
4,3,0.390000,1.121368,0.437333
4,3,0.400000,1.140000,0.456000
4,3,0.410000,1.169919,0.479667
4,3,0.420000,1.173016,0.492667
4,3,0.430000,1.186822,0.510333
4,3,0.440000,1.197727,0.527000
4,3,0.450000,1.204444,0.542000
4,3,0.460000,1.217391,0.560000
4,3,0.470000,1.234043,0.580000
4,3,0.480000,1.247917,0.599000
4,3,0.490000,1.248299,0.611667
4,3,0.500000,1.267333,0.633667
4,3,0.510000,1.284314,0.655000
4,3,0.520000,1.296154,0.674000
4,3,0.530000,1.304403,0.691334
4,3,0.540000,1.314198,0.709667
4,3,0.550000,1.321215,0.726668
4,3,0.560000,1.341674,0.751337
4,3,0.570000,1.357911,0.774009
4,3,0.580000,1.372432,0.796010
4,3,0.590000,1.377418,0.812676
4,3,0.600000,1.381807,0.829084
4,3,0.610000,1.409074,0.859535
4,3,0.620000,1.414231,0.876823
4,3,0.630000,1.424914,0.897696
4,3,0.640000,1.434330,0.917971
4,3,0.650000,1.447135,0.940638
4,3,0.660000,1.463109,0.965652
4,3,0.670000,1.474291,0.987775
5,1,0.020000,0.457550,0.009151
5,1,0.030000,0.316020,0.009481
5,1,0.040000,0.169097,0.006764
5,1,0.050000,0.240751,0.012038
5,1,0.060000,0.308930,0.018536
5,1,0.070000,0.317380,0.022217
5,1,0.080000,0.385795,0.030864
5,1,0.090000,0.371876,0.033469
5,1,0.100000,0.378674,0.037867
5,1,0.110000,0.408476,0.044932
5,1,0.120000,0.444125,0.053295
5,1,0.130000,0.433093,0.056302
5,1,0.140000,0.452179,0.063305
5,1,0.150000,0.497726,0.074659
5,1,0.160000,0.524976,0.083996
5,1,0.170000,0.501922,0.085327
5,1,0.180000,0.524060,0.094331
5,1,0.190000,0.561395,0.106665
5,1,0.200000,0.551666,0.110333
5,1,0.210000,0.565073,0.118665
5,1,0.220000,0.563631,0.123999
5,1,0.230000,0.589852,0.135666
5,1,0.240000,0.604166,0.145000
5,1,0.250000,0.626666,0.156667
5,1,0.260000,0.642308,0.167000
5,1,0.270000,0.661728,0.178667
5,1,0.280000,0.670238,0.187667
5,1,0.290000,0.682759,0.198000
5,1,0.300000,0.686667,0.206000
5,1,0.310000,0.706451,0.219000
5,1,0.320000,0.725000,0.232000
5,1,0.330000,0.751515,0.248000
5,1,0.340000,0.750000,0.255000
5,1,0.350000,0.781905,0.273667
5,1,0.360000,0.773148,0.278333
5,1,0.370000,0.790991,0.292667
5,1,0.380000,0.812281,0.308667
5,1,0.390000,0.835043,0.325667
5,1,0.400000,0.841667,0.336667
5,1,0.410000,0.860976,0.353000
5,1,0.420000,0.897619,0.377000
5,1,0.430000,0.897674,0.386000
5,1,0.440000,0.906061,0.398667
5,1,0.450000,0.915556,0.412000
5,1,0.460000,0.941304,0.433000
5,1,0.470000,0.974468,0.458000
5,1,0.480000,1.000694,0.480333
5,1,0.490000,1.034694,0.507000
5,1,0.500000,1.037333,0.518667
5,1,0.510000,1.070588,0.546000
5,1,0.520000,1.107693,0.576000
5,1,0.530000,1.122018,0.594669
5,1,0.540000,1.148789,0.620346
5,1,0.550000,1.214636,0.668050
5,1,0.560000,1.213704,0.679674
5,1,0.570000,1.274228,0.726310
5,1,0.580000,1.277620,0.741020
5,1,0.590000,1.307831,0.771620
5,1,0.600000,1.331842,0.799105
5,1,0.610000,1.370455,0.835978
5,1,0.620000,1.410225,0.874340
5,1,0.630000,1.500122,0.945077
5,1,0.640000,1.473831,0.943252
5,2,0.020000,0.477878,0.009558
5,2,0.030000,0.170268,0.005108
5,2,0.040000,0.253773,0.010151
5,2,0.050000,0.304302,0.015215
5,2,0.060000,0.293716,0.017623
5,2,0.070000,0.350512,0.024536
5,2,0.080000,0.463353,0.037068
5,2,0.090000,0.458469,0.041262
5,2,0.100000,0.572124,0.057212
5,2,0.110000,0.572949,0.063024
5,2,0.120000,0.616198,0.073944
5,2,0.130000,0.635767,0.082650
5,2,0.140000,0.702336,0.098327
5,2,0.150000,0.686525,0.102979
5,2,0.160000,0.764575,0.122332
5,2,0.170000,0.758792,0.128995
5,2,0.180000,0.777738,0.139993
5,2,0.190000,0.828064,0.157332
5,2,0.200000,0.848331,0.169666
5,2,0.210000,0.858729,0.180333
5,2,0.220000,0.880303,0.193667
5,2,0.230000,0.882609,0.203000
5,2,0.240000,0.913889,0.219333
5,2,0.250000,0.930666,0.232667
5,2,0.260000,0.974359,0.253333
5,2,0.270000,0.964198,0.260333
5,2,0.280000,0.980952,0.274667
5,2,0.290000,1.021839,0.296333
5,2,0.300000,1.025556,0.307667
5,2,0.310000,1.037634,0.321667
5,2,0.320000,1.051042,0.336333
5,2,0.330000,1.076768,0.355333
5,2,0.340000,1.089216,0.370333
5,2,0.350000,1.105714,0.387000
5,2,0.360000,1.137037,0.409333
5,2,0.370000,1.160360,0.429333
5,2,0.380000,1.151754,0.437667
5,2,0.390000,1.173504,0.457667
5,2,0.400000,1.194167,0.477667
5,2,0.410000,1.212195,0.497000
5,2,0.420000,1.213492,0.509667
5,2,0.430000,1.243411,0.534667
5,2,0.440000,1.259848,0.554333
5,2,0.450000,1.271111,0.572000
5,2,0.460000,1.302174,0.599000
5,2,0.470000,1.304255,0.613000
5,2,0.480000,1.320139,0.633667
5,2,0.490000,1.343537,0.658333
5,2,0.500000,1.364001,0.682000
5,2,0.510000,1.376471,0.702000
5,2,0.520000,1.393598,0.724671
5,2,0.530000,1.409454,0.747011
5,2,0.540000,1.437688,0.776352
5,2,0.550000,1.446102,0.795356
5,2,0.560000,1.472104,0.824378
5,2,0.570000,1.493968,0.851562
5,2,0.580000,1.494412,0.866759
5,2,0.590000,1.520909,0.897336
5,2,0.600000,1.541963,0.925178
5,2,0.610000,1.563702,0.953858
5,2,0.620000,1.584027,0.982097
5,3,0.020000,0.448128,0.008963
5,3,0.030000,0.057658,0.001730
5,3,0.040000,0.269744,0.010790
5,3,0.050000,0.245767,0.012288
5,3,0.060000,0.428496,0.025710
5,3,0.070000,0.405462,0.028382
5,3,0.080000,0.546465,0.043717
5,3,0.090000,0.573410,0.051607
5,3,0.100000,0.595027,0.059503
5,3,0.110000,0.675368,0.074290
5,3,0.120000,0.716094,0.085931
5,3,0.130000,0.720247,0.093632
5,3,0.140000,0.802295,0.112321
5,3,0.150000,0.844410,0.126661
5,3,0.160000,0.847881,0.135661
5,3,0.170000,0.907838,0.154332
5,3,0.180000,0.899989,0.161998
5,3,0.190000,0.954385,0.181333
5,3,0.200000,0.971667,0.194333
5,3,0.210000,0.961902,0.202000
5,3,0.220000,1.031818,0.227000
5,3,0.230000,1.027536,0.236333
5,3,0.240000,1.047222,0.251333
5,3,0.250000,1.084000,0.271000
5,3,0.260000,1.070513,0.278333
5,3,0.270000,1.114815,0.301000
5,3,0.280000,1.122619,0.314333
5,3,0.290000,1.151724,0.334000
5,3,0.300000,1.160000,0.348000
5,3,0.310000,1.153763,0.357667
5,3,0.320000,1.205208,0.385667
5,3,0.330000,1.187879,0.392000
5,3,0.340000,1.229412,0.418000
5,3,0.350000,1.245714,0.436000
5,3,0.360000,1.263889,0.455000
5,3,0.370000,1.273874,0.471333
5,3,0.380000,1.296491,0.492667
5,3,0.390000,1.300855,0.507333
5,3,0.400000,1.315833,0.526333
5,3,0.410000,1.330081,0.545333
5,3,0.420000,1.347619,0.566000
5,3,0.430000,1.358915,0.584333
5,3,0.440000,1.373485,0.604333
5,3,0.450000,1.384444,0.623000
5,3,0.460000,1.410870,0.649000
5,3,0.470000,1.419149,0.667000
5,3,0.480000,1.426389,0.684667
5,3,0.490000,1.433334,0.702334
5,3,0.500000,1.454000,0.727000
5,3,0.510000,1.477126,0.753334
5,3,0.520000,1.488472,0.774005
5,3,0.530000,1.489339,0.789350
5,3,0.540000,1.517411,0.819402
5,3,0.550000,1.527430,0.840087
5,3,0.560000,1.528341,0.855871
5,3,0.570000,1.539146,0.877313
5,3,0.580000,1.567364,0.909071
5,3,0.590000,1.579075,0.931654
5,3,0.600000,1.590912,0.954547
5,3,0.610000,1.599177,0.975498
5,3,0.620000,1.601923,0.993192
5,4,0.030000,0.322961,0.009689
5,4,0.040000,0.244894,0.009796
5,4,0.050000,0.280421,0.014021
5,4,0.060000,0.339246,0.020355
5,4,0.070000,0.399242,0.027947
5,4,0.080000,0.438682,0.035095
5,4,0.090000,0.466840,0.042016
5,4,0.100000,0.507366,0.050737
5,4,0.110000,0.578180,0.063600
5,4,0.120000,0.575458,0.069055
5,4,0.130000,0.673894,0.087606
5,4,0.140000,0.617468,0.086446
5,4,0.150000,0.670208,0.100531
5,4,0.160000,0.733074,0.117292
5,4,0.170000,0.766551,0.130314
5,4,0.180000,0.798074,0.143653
5,4,0.190000,0.789464,0.149998
5,4,0.200000,0.843326,0.168665
5,4,0.210000,0.846000,0.177660
5,4,0.220000,0.868175,0.190999
5,4,0.230000,0.898549,0.206666
5,4,0.240000,0.926388,0.222333
5,4,0.250000,0.935998,0.233999
5,4,0.260000,0.969231,0.252000
5,4,0.270000,0.981481,0.265000
5,4,0.280000,0.995238,0.278667
5,4,0.290000,1.006896,0.292000
5,4,0.300000,1.040000,0.312000
5,4,0.310000,1.036559,0.321333
5,4,0.320000,1.048958,0.335667
5,4,0.330000,1.070707,0.353333
5,4,0.340000,1.080392,0.367333
5,4,0.350000,1.101905,0.385667
5,4,0.360000,1.122222,0.404000
5,4,0.370000,1.141441,0.422333
5,4,0.380000,1.130702,0.429667
5,4,0.390000,1.151282,0.449000
5,4,0.400000,1.180833,0.472333
5,4,0.410000,1.191057,0.488333
5,4,0.420000,1.191270,0.500333
5,4,0.430000,1.211628,0.521000
5,4,0.440000,1.222727,0.538000
5,4,0.450000,1.238519,0.557333
5,4,0.460000,1.252174,0.576000
5,4,0.470000,1.260993,0.592667
5,4,0.480000,1.277778,0.613333
5,4,0.490000,1.290476,0.632333
5,4,0.500000,1.301333,0.650667
5,4,0.510000,1.304575,0.665333
5,4,0.520000,1.332051,0.692667
5,4,0.530000,1.334592,0.707334
5,4,0.540000,1.350617,0.729333
5,4,0.550000,1.364243,0.750334
5,4,0.560000,1.368453,0.766334
5,4,0.570000,1.376612,0.784669
5,4,0.580000,1.391393,0.807008
5,4,0.590000,1.394392,0.822691
5,4,0.600000,1.410070,0.846042
5,4,0.610000,1.424203,0.868764
5,4,0.620000,1.434525,0.889405
5,4,0.630000,1.442341,0.908675
5,4,0.640000,1.463315,0.936522
5,4,0.650000,1.471741,0.956631
5,4,0.660000,1.467944,0.968843
5,4,0.670000,1.484427,0.994566
5,4,0.680000,1.464195,0.995653
6,2,0.020000,0.464286,0.009286
6,2,0.040000,0.276667,0.011067
6,2,0.050000,0.173647,0.008682
6,2,0.060000,0.294538,0.017672
6,2,0.070000,0.391606,0.027412
6,2,0.080000,0.486923,0.038954
6,2,0.090000,0.495222,0.044570
6,2,0.100000,0.552369,0.055237
6,2,0.110000,0.572058,0.062926
6,2,0.120000,0.607824,0.072939
6,2,0.130000,0.651022,0.084633
6,2,0.140000,0.640444,0.089662
6,2,0.150000,0.724412,0.108662
6,2,0.160000,0.739572,0.118332
6,2,0.170000,0.756858,0.128666
6,2,0.180000,0.799997,0.143999
6,2,0.190000,0.785962,0.149333
6,2,0.200000,0.816666,0.163333
6,2,0.210000,0.858729,0.180333
6,2,0.220000,0.878788,0.193333
6,2,0.230000,0.886956,0.204000
6,2,0.240000,0.915278,0.219667
6,2,0.250000,0.905333,0.226333
6,2,0.260000,0.944872,0.245667
6,2,0.270000,0.969136,0.261667
6,2,0.280000,0.980952,0.274667
6,2,0.290000,0.996552,0.289000
6,2,0.300000,0.998889,0.299667
6,2,0.310000,1.033333,0.320333
6,2,0.320000,1.050000,0.336000
6,2,0.330000,1.066667,0.352000
6,2,0.340000,1.081373,0.367667
6,2,0.350000,1.102857,0.386000
6,2,0.360000,1.116667,0.402000
6,2,0.370000,1.127027,0.417000
6,2,0.380000,1.147368,0.436000
6,2,0.390000,1.148718,0.448000
6,2,0.400000,1.180000,0.472000
6,2,0.410000,1.205691,0.494333
6,2,0.420000,1.223810,0.514000
6,2,0.430000,1.232558,0.530000
6,2,0.440000,1.257576,0.553333
6,2,0.450000,1.289630,0.580333
6,2,0.460000,1.300725,0.598333
6,2,0.470000,1.308511,0.615000
6,2,0.480000,1.332639,0.639667
6,2,0.490000,1.359864,0.666333
6,2,0.500000,1.390667,0.695333
6,2,0.510000,1.388236,0.708000
6,2,0.520000,1.419233,0.738001
6,2,0.530000,1.455359,0.771340
6,2,0.540000,1.476637,0.797384
6,2,0.550000,1.491713,0.820442
6,2,0.560000,1.511459,0.846417
6,2,0.570000,1.537699,0.876488
6,2,0.580000,1.563287,0.906706
6,2,0.590000,1.585024,0.935164
6,2,0.600000,1.600031,0.960018
6,2,0.610000,1.596365,0.973783
6,3,0.030000,0.206037,0.006181
6,3,0.040000,0.236650,0.009466
6,3,0.050000,0.196946,0.009847
6,3,0.060000,0.304088,0.018245
6,3,0.070000,0.502975,0.035208
6,3,0.080000,0.605814,0.048465
6,3,0.090000,0.653073,0.058777
6,3,0.100000,0.652825,0.065282
6,3,0.110000,0.702140,0.077235
6,3,0.120000,0.758280,0.090994
6,3,0.130000,0.802502,0.104325
6,3,0.140000,0.819027,0.114664
6,3,0.150000,0.879991,0.131999
6,3,0.160000,0.924997,0.148000
6,3,0.170000,0.925482,0.157332
6,3,0.180000,0.972217,0.174999
6,3,0.190000,1.010526,0.192000
6,3,0.200000,0.998333,0.199667
6,3,0.210000,1.014286,0.213000
6,3,0.220000,1.043939,0.229667
6,3,0.230000,1.065217,0.245000
6,3,0.240000,1.080556,0.259333
6,3,0.250000,1.128000,0.282000
6,3,0.260000,1.129487,0.293667
6,3,0.270000,1.149383,0.310333
6,3,0.280000,1.186905,0.332333
6,3,0.290000,1.190805,0.345333
6,3,0.300000,1.204444,0.361333
6,3,0.310000,1.218280,0.377667
6,3,0.320000,1.233333,0.394667
6,3,0.330000,1.245455,0.411000
6,3,0.340000,1.281373,0.435667
6,3,0.350000,1.286667,0.450333
6,3,0.360000,1.314815,0.473333
6,3,0.370000,1.324324,0.490000
6,3,0.380000,1.348246,0.512333
6,3,0.390000,1.358974,0.530000
6,3,0.400000,1.367500,0.547000
6,3,0.410000,1.382927,0.567000
6,3,0.420000,1.397619,0.587000
6,3,0.430000,1.418605,0.610000
6,3,0.440000,1.428030,0.628333
6,3,0.450000,1.439259,0.647667
6,3,0.460000,1.464493,0.673667
6,3,0.470000,1.478014,0.694667
6,3,0.480000,1.493056,0.716667
6,3,0.490000,1.513609,0.741668
6,3,0.500000,1.516004,0.758002
6,3,0.510000,1.537266,0.784006
6,3,0.520000,1.549378,0.805677
6,3,0.530000,1.560417,0.827021
6,3,0.540000,1.580443,0.853439
6,3,0.550000,1.598733,0.879303
6,3,0.560000,1.610115,0.901665
6,3,0.570000,1.624584,0.926013
6,3,0.580000,1.646379,0.954900
6,3,0.590000,1.662972,0.981153
6,4,0.020000,0.448128,0.008963
6,4,0.040000,0.251963,0.010079
6,4,0.050000,0.195248,0.009762
6,4,0.060000,0.363785,0.021827
6,4,0.070000,0.398825,0.027918
6,4,0.080000,0.524992,0.041999
6,4,0.090000,0.536323,0.048269
6,4,0.100000,0.682782,0.068278
6,4,0.110000,0.683691,0.075206
6,4,0.120000,0.727495,0.087299
6,4,0.130000,0.805001,0.104650
6,4,0.140000,0.849892,0.118985
6,4,0.150000,0.859845,0.128977
6,4,0.160000,0.889571,0.142331
6,4,0.170000,0.933327,0.158666
6,4,0.180000,0.957407,0.172333
6,4,0.190000,1.010526,0.192000
6,4,0.200000,1.045000,0.209000
6,4,0.210000,1.047619,0.220000
6,4,0.220000,1.063636,0.234000
6,4,0.230000,1.092754,0.251333
6,4,0.240000,1.101389,0.264333
6,4,0.250000,1.128000,0.282000
6,4,0.260000,1.152564,0.299667
6,4,0.270000,1.175309,0.317333
6,4,0.280000,1.188095,0.332667
6,4,0.290000,1.197701,0.347333
6,4,0.300000,1.221111,0.366333
6,4,0.310000,1.246237,0.386333
6,4,0.320000,1.253125,0.401000
6,4,0.330000,1.259596,0.415667
6,4,0.340000,1.278431,0.434667
6,4,0.350000,1.292381,0.452333
6,4,0.360000,1.312963,0.472667
6,4,0.370000,1.329730,0.492000
6,4,0.380000,1.350000,0.513000
6,4,0.390000,1.358120,0.529667
6,4,0.400000,1.384167,0.553667
6,4,0.410000,1.384553,0.567667
6,4,0.420000,1.396032,0.586333
6,4,0.430000,1.415504,0.608667
6,4,0.440000,1.421970,0.625667
6,4,0.450000,1.440741,0.648333
6,4,0.460000,1.463768,0.673333
6,4,0.470000,1.470922,0.691333
6,4,0.480000,1.483333,0.712000
6,4,0.490000,1.492517,0.731333
6,4,0.500000,1.514000,0.757000
6,4,0.510000,1.524840,0.777668
6,4,0.520000,1.537842,0.799678
6,4,0.530000,1.541560,0.817027
6,4,0.540000,1.559903,0.842347
6,4,0.550000,1.577153,0.867434
6,4,0.560000,1.588351,0.889477
6,4,0.570000,1.597135,0.910367
6,4,0.580000,1.601303,0.928756
6,4,0.590000,1.624451,0.958426
6,4,0.600000,1.631900,0.979140
6,4,0.610000,1.633507,0.996439
6,5,0.020000,0.477878,0.009558
6,5,0.030000,0.155918,0.004678
6,5,0.040000,0.226023,0.009041
6,5,0.050000,0.281537,0.014077
6,5,0.060000,0.378408,0.022704
6,5,0.070000,0.379291,0.026550
6,5,0.080000,0.458272,0.036662
6,5,0.090000,0.503476,0.045313
6,5,0.100000,0.547396,0.054740
6,5,0.110000,0.574245,0.063167
6,5,0.120000,0.624611,0.074953
6,5,0.130000,0.681493,0.088594
6,5,0.140000,0.716506,0.100311
6,5,0.150000,0.724308,0.108646
6,5,0.160000,0.754141,0.120663
6,5,0.170000,0.750858,0.127646
6,5,0.180000,0.801842,0.144332
6,5,0.190000,0.843842,0.160330
6,5,0.200000,0.869996,0.173999
6,5,0.210000,0.888885,0.186666
6,5,0.220000,0.892422,0.196333
6,5,0.230000,0.914492,0.210333
6,5,0.240000,0.931944,0.223667
6,5,0.250000,0.940000,0.235000
6,5,0.260000,0.978205,0.254333
6,5,0.270000,0.987654,0.266667
6,5,0.280000,1.004762,0.281333
6,5,0.290000,1.025287,0.297333
6,5,0.300000,1.045556,0.313667
6,5,0.310000,1.059140,0.328333
6,5,0.320000,1.076042,0.344333
6,5,0.330000,1.070707,0.353333
6,5,0.340000,1.096078,0.372667
6,5,0.350000,1.100000,0.385000
6,5,0.360000,1.125000,0.405000
6,5,0.370000,1.131532,0.418667
6,5,0.380000,1.148246,0.436333
6,5,0.390000,1.163248,0.453667
6,5,0.400000,1.178333,0.471333
6,5,0.410000,1.188618,0.487333
6,5,0.420000,1.201587,0.504667
6,5,0.430000,1.222481,0.525667
6,5,0.440000,1.234848,0.543333
6,5,0.450000,1.242963,0.559333
6,5,0.460000,1.252899,0.576333
6,5,0.470000,1.272340,0.598000
6,5,0.480000,1.276389,0.612667
6,5,0.490000,1.278912,0.626667
6,5,0.500000,1.306000,0.653000
6,5,0.510000,1.317647,0.672000
6,5,0.520000,1.326282,0.689667
6,5,0.530000,1.318868,0.699000
6,5,0.540000,1.347531,0.727667
6,5,0.550000,1.344243,0.739334
6,5,0.560000,1.361906,0.762667
6,5,0.570000,1.373686,0.783001
6,5,0.580000,1.389662,0.806004
6,5,0.590000,1.407359,0.830342
6,5,0.600000,1.413366,0.848020
6,5,0.610000,1.418713,0.865415
6,5,0.620000,1.423842,0.882782
6,5,0.630000,1.426667,0.898800
6,5,0.640000,1.456079,0.931891
6,5,0.650000,1.472444,0.957089
6,5,0.660000,1.463742,0.966069
6,5,0.670000,1.459465,0.977842
8,2,0.020000,0.118866,0.002377
8,2,0.030000,0.132048,0.003961
8,2,0.040000,0.246337,0.009853
8,2,0.050000,0.267672,0.013384
8,2,0.060000,0.339224,0.020353
8,2,0.070000,0.434484,0.030414
8,2,0.080000,0.459773,0.036782
8,2,0.090000,0.514255,0.046283
8,2,0.100000,0.535170,0.053517
8,2,0.110000,0.618046,0.067985
8,2,0.120000,0.619244,0.074309
8,2,0.130000,0.630734,0.081995
8,2,0.140000,0.659497,0.092330
8,2,0.150000,0.682210,0.102332
8,2,0.160000,0.714579,0.114333
8,2,0.170000,0.758823,0.129000
8,2,0.180000,0.742586,0.133666
8,2,0.190000,0.756140,0.143667
8,2,0.200000,0.790000,0.158000
8,2,0.210000,0.811111,0.170333
8,2,0.220000,0.845455,0.186000
8,2,0.230000,0.865217,0.199000
8,2,0.240000,0.862500,0.207000
8,2,0.250000,0.882667,0.220667
8,2,0.260000,0.903846,0.235000
8,2,0.270000,0.904938,0.244333
8,2,0.280000,0.930952,0.260667
8,2,0.290000,0.944828,0.274000
8,2,0.300000,0.954444,0.286333
8,2,0.310000,0.958065,0.297000
8,2,0.320000,0.994792,0.318333
8,2,0.330000,1.033333,0.341000
8,2,0.340000,1.044118,0.355000
8,2,0.350000,1.046667,0.366333
8,2,0.360000,1.059259,0.381333
8,2,0.370000,1.091892,0.404000
8,2,0.380000,1.106140,0.420333
8,2,0.390000,1.135897,0.443000
8,2,0.400000,1.154167,0.461667
8,2,0.410000,1.160976,0.476000
8,2,0.420000,1.194444,0.501667
8,2,0.430000,1.206202,0.518667
8,2,0.440000,1.248485,0.549333
8,2,0.450000,1.274815,0.573667
8,2,0.460000,1.291304,0.594000
8,2,0.470000,1.326950,0.623667
8,2,0.480000,1.365973,0.655667
8,2,0.490000,1.363947,0.668334
8,2,0.500000,1.394003,0.697002
8,2,0.510000,1.434665,0.731679
8,2,0.520000,1.413479,0.735009
8,2,0.530000,1.474380,0.781422
8,2,0.540000,1.483751,0.801226
8,2,0.550000,1.580405,0.869223
8,2,0.560000,1.589524,0.890134
8,2,0.570000,1.614839,0.920458
8,2,0.580000,1.673770,0.970787
8,2,0.590000,1.659962,0.979378
8,4,0.020000,0.464286,0.009286
8,4,0.030000,0.316020,0.009481
8,4,0.040000,0.244894,0.009796
8,4,0.050000,0.257744,0.012887
8,4,0.060000,0.401112,0.024067
8,4,0.070000,0.434514,0.030416
8,4,0.080000,0.593116,0.047449
8,4,0.090000,0.694129,0.062472
8,4,0.100000,0.728267,0.072827
8,4,0.110000,0.784528,0.086298
8,4,0.120000,0.883327,0.105999
8,4,0.130000,0.928183,0.120664
8,4,0.140000,0.980951,0.137333
8,4,0.150000,0.993332,0.149000
8,4,0.160000,1.020833,0.163333
8,4,0.170000,1.054902,0.179333
8,4,0.180000,1.092592,0.196667
8,4,0.190000,1.100000,0.209000
8,4,0.200000,1.118333,0.223667
8,4,0.210000,1.136508,0.238667
8,4,0.220000,1.145455,0.252000
8,4,0.230000,1.185507,0.272667
8,4,0.240000,1.218056,0.292333
8,4,0.250000,1.228000,0.307000
8,4,0.260000,1.252564,0.325667
8,4,0.270000,1.262963,0.341000
8,4,0.280000,1.300000,0.364000
8,4,0.290000,1.303448,0.378000
8,4,0.300000,1.318889,0.395667
8,4,0.310000,1.324731,0.410667
8,4,0.320000,1.365625,0.437000
8,4,0.330000,1.374747,0.453667
8,4,0.340000,1.397059,0.475000
8,4,0.350000,1.412381,0.494333
8,4,0.360000,1.419444,0.511000
8,4,0.370000,1.423423,0.526667
8,4,0.380000,1.456140,0.553333
8,4,0.390000,1.474359,0.575000
8,4,0.400000,1.495833,0.598333
8,4,0.410000,1.500813,0.615333
8,4,0.420000,1.515079,0.636333
8,4,0.430000,1.534109,0.659667
8,4,0.440000,1.556061,0.684667
8,4,0.450000,1.553333,0.699000
8,4,0.460000,1.589131,0.731000
8,4,0.470000,1.598583,0.751334
8,4,0.480000,1.618753,0.777001
8,4,0.490000,1.630629,0.799008
8,4,0.500000,1.638020,0.819010
8,4,0.510000,1.658267,0.845716
8,4,0.520000,1.674482,0.870731
8,4,0.530000,1.682808,0.891888
8,4,0.540000,1.697889,0.916860
8,4,0.550000,1.718875,0.945381
8,4,0.560000,1.727042,0.967143
8,4,0.570000,1.723660,0.982486
8,5,0.020000,0.464286,0.009286
8,5,0.030000,0.009999,0.000300
8,5,0.040000,0.204184,0.008167
8,5,0.050000,0.219630,0.010982
8,5,0.060000,0.365805,0.021948
8,5,0.070000,0.499546,0.034968
8,5,0.080000,0.599340,0.047947
8,5,0.090000,0.672776,0.060550
8,5,0.100000,0.782974,0.078297
8,5,0.110000,0.845308,0.092984
8,5,0.120000,0.874972,0.104997
8,5,0.130000,0.933302,0.121329
8,5,0.140000,0.938076,0.131331
8,5,0.150000,0.999998,0.150000
8,5,0.160000,1.041666,0.166666
8,5,0.170000,1.049020,0.178333
8,5,0.180000,1.072222,0.193000
8,5,0.190000,1.140351,0.216667
8,5,0.200000,1.151667,0.230333
8,5,0.210000,1.171429,0.246000
8,5,0.220000,1.175758,0.258667
8,5,0.230000,1.198551,0.275667
8,5,0.240000,1.215278,0.291667
8,5,0.250000,1.240000,0.310000
8,5,0.260000,1.252564,0.325667
8,5,0.270000,1.274074,0.344000
8,5,0.280000,1.295238,0.362667
8,5,0.290000,1.329885,0.385667
8,5,0.300000,1.332222,0.399667
8,5,0.310000,1.344086,0.416667
8,5,0.320000,1.368750,0.438000
8,5,0.330000,1.375758,0.454000
8,5,0.340000,1.407843,0.478667
8,5,0.350000,1.418095,0.496333
8,5,0.360000,1.433333,0.516000
8,5,0.370000,1.443243,0.534000
8,5,0.380000,1.459649,0.554667
8,5,0.390000,1.474359,0.575000
8,5,0.400000,1.482500,0.593000
8,5,0.410000,1.510569,0.619333
8,5,0.420000,1.519841,0.638333
8,5,0.430000,1.537984,0.661333
8,5,0.440000,1.556818,0.685000
8,5,0.450000,1.564444,0.704000
8,5,0.460000,1.584058,0.728667
8,5,0.470000,1.582979,0.744000
8,5,0.480000,1.605556,0.770667
8,5,0.490000,1.625174,0.796335
8,5,0.500000,1.628671,0.814335
8,5,0.510000,1.629428,0.831008
8,5,0.520000,1.661642,0.864054
8,5,0.530000,1.663745,0.881785
8,5,0.540000,1.687190,0.911082
8,5,0.550000,1.682477,0.925362
8,5,0.560000,1.718725,0.962486
8,5,0.570000,1.730602,0.986443
8,5,0.580000,1.719905,0.997545
8,6,0.020000,0.118866,0.002377
8,6,0.040000,0.250610,0.010024
8,6,0.050000,0.257744,0.012887
8,6,0.060000,0.399035,0.023942
8,6,0.070000,0.423615,0.029653
8,6,0.080000,0.551975,0.044158
8,6,0.090000,0.688245,0.061942
8,6,0.100000,0.668181,0.066818
8,6,0.110000,0.772644,0.084991
8,6,0.120000,0.810988,0.097319
8,6,0.130000,0.869189,0.112995
8,6,0.140000,0.897597,0.125664
8,6,0.150000,0.913327,0.136999
8,6,0.160000,0.958329,0.153333
8,6,0.170000,0.984312,0.167333
8,6,0.180000,0.990740,0.178333
8,6,0.190000,1.024561,0.194667
8,6,0.200000,1.061667,0.212333
8,6,0.210000,1.084127,0.227667
8,6,0.220000,1.100000,0.242000
8,6,0.230000,1.143478,0.263000
8,6,0.240000,1.144444,0.274667
8,6,0.250000,1.156000,0.289000
8,6,0.260000,1.180769,0.307000
8,6,0.270000,1.193827,0.322333
8,6,0.280000,1.214286,0.340000
8,6,0.290000,1.229885,0.356667
8,6,0.300000,1.232222,0.369667
8,6,0.310000,1.251613,0.388000
8,6,0.320000,1.291667,0.413333
8,6,0.330000,1.279798,0.422333
8,6,0.340000,1.307843,0.444667
8,6,0.350000,1.315238,0.460333
8,6,0.360000,1.338889,0.482000
8,6,0.370000,1.340541,0.496000
8,6,0.380000,1.353509,0.514333
8,6,0.390000,1.369231,0.534000
8,6,0.400000,1.394167,0.557667
8,6,0.410000,1.402439,0.575000
8,6,0.420000,1.392857,0.585000
8,6,0.430000,1.424031,0.612333
8,6,0.440000,1.439394,0.633333
8,6,0.450000,1.448148,0.651667
8,6,0.460000,1.471015,0.676667
8,6,0.470000,1.485816,0.698333
8,6,0.480000,1.493056,0.716667
8,6,0.490000,1.502721,0.736333
8,6,0.500000,1.516000,0.758000
8,6,0.510000,1.518955,0.774667
8,6,0.520000,1.526925,0.794001
8,6,0.530000,1.544657,0.818668
8,6,0.540000,1.555593,0.840020
8,6,0.550000,1.569105,0.863008
8,6,0.560000,1.581707,0.885756
8,6,0.570000,1.603219,0.913835
8,6,0.580000,1.606591,0.931823
8,6,0.590000,1.616711,0.953860
8,6,0.600000,1.623100,0.973860
10,2,0.020000,0.464286,0.009286
10,2,0.030000,0.316020,0.009481
10,2,0.040000,0.189246,0.007570
10,2,0.050000,0.221930,0.011097
10,2,0.060000,0.333677,0.020021
10,2,0.070000,0.346636,0.024264
10,2,0.080000,0.478754,0.038300
10,2,0.090000,0.506182,0.045556
10,2,0.100000,0.508788,0.050879
10,2,0.110000,0.551326,0.060646
10,2,0.120000,0.566587,0.067990
10,2,0.130000,0.635863,0.082662
10,2,0.140000,0.630946,0.088332
10,2,0.150000,0.655551,0.098333
10,2,0.160000,0.660416,0.105666
10,2,0.170000,0.678427,0.115333
10,2,0.180000,0.698147,0.125667
10,2,0.190000,0.724561,0.137667
10,2,0.200000,0.766666,0.153333
10,2,0.210000,0.760317,0.159667
10,2,0.220000,0.762121,0.167667
10,2,0.230000,0.797101,0.183333
10,2,0.240000,0.811111,0.194667
10,2,0.250000,0.832000,0.208000
10,2,0.260000,0.834615,0.217000
10,2,0.270000,0.848148,0.229000
10,2,0.280000,0.877381,0.245667
10,2,0.290000,0.901149,0.261333
10,2,0.300000,0.880000,0.264000
10,2,0.310000,0.921505,0.285667
10,2,0.320000,0.933333,0.298667
10,2,0.330000,0.963636,0.318000
10,2,0.340000,0.977451,0.332333
10,2,0.350000,1.000952,0.350333
10,2,0.360000,1.018519,0.366667
10,2,0.370000,1.015315,0.375667
10,2,0.380000,1.055263,0.401000
10,2,0.390000,1.097436,0.428000
10,2,0.400000,1.094167,0.437667
10,2,0.410000,1.148780,0.471000
10,2,0.420000,1.171429,0.492000
10,2,0.430000,1.141860,0.491000
10,2,0.440000,1.190909,0.524000
10,2,0.450000,1.249630,0.562333
10,2,0.460000,1.244203,0.572333
10,2,0.470000,1.269504,0.596667
10,2,0.480000,1.330556,0.638667
10,2,0.490000,1.374830,0.673667
10,2,0.500000,1.357356,0.678678
10,2,0.510000,1.425517,0.727014
10,2,0.520000,1.489724,0.774657
10,2,0.530000,1.523598,0.807507
10,2,0.540000,1.613207,0.871132
10,2,0.550000,1.594578,0.877018
10,2,0.560000,1.620663,0.907571
10,2,0.570000,1.638893,0.934169
10,2,0.580000,1.708184,0.990747
10,2,0.600000,1.658004,0.994802
10,4,0.020000,0.464286,0.009286
10,4,0.040000,0.174332,0.006973
10,4,0.050000,0.268578,0.013429
10,4,0.060000,0.485694,0.029142
10,4,0.070000,0.536358,0.037545
10,4,0.080000,0.578158,0.046253
10,4,0.090000,0.715549,0.064399
10,4,0.100000,0.732585,0.073258
10,4,0.110000,0.796038,0.087564
10,4,0.120000,0.861091,0.103331
10,4,0.130000,0.910255,0.118333
10,4,0.140000,0.947616,0.132666
10,4,0.150000,0.997778,0.149667
10,4,0.160000,0.972916,0.155667
10,4,0.170000,1.031372,0.175333
10,4,0.180000,1.040741,0.187333
10,4,0.190000,1.107018,0.210333
10,4,0.200000,1.098333,0.219667
10,4,0.210000,1.122222,0.235667
10,4,0.220000,1.153030,0.253667
10,4,0.230000,1.168116,0.268667
10,4,0.240000,1.190278,0.285667
10,4,0.250000,1.212000,0.303000
10,4,0.260000,1.212821,0.315333
10,4,0.270000,1.246914,0.336667
10,4,0.280000,1.254762,0.351333
10,4,0.290000,1.272414,0.369000
10,4,0.300000,1.293333,0.388000
10,4,0.310000,1.319355,0.409000
10,4,0.320000,1.345833,0.430667
10,4,0.330000,1.353535,0.446667
10,4,0.340000,1.385294,0.471000
10,4,0.350000,1.385714,0.485000
10,4,0.360000,1.398148,0.503333
10,4,0.370000,1.421622,0.526000
10,4,0.380000,1.434211,0.545000
10,4,0.390000,1.470085,0.573333
10,4,0.400000,1.480833,0.592333
10,4,0.410000,1.491870,0.611667
10,4,0.420000,1.523016,0.639667
10,4,0.430000,1.526357,0.656333
10,4,0.440000,1.561364,0.687000
10,4,0.450000,1.576296,0.709333
10,4,0.460000,1.571739,0.723000
10,4,0.470000,1.609220,0.756334
10,4,0.480000,1.609029,0.772334
10,4,0.490000,1.644227,0.805671
10,4,0.500000,1.660713,0.830356
10,4,0.510000,1.673249,0.853357
10,4,0.520000,1.688535,0.878038
10,4,0.530000,1.707728,0.905096
10,4,0.540000,1.725508,0.931775
10,4,0.550000,1.759092,0.967500
10,4,0.560000,1.734789,0.971482
10,5,0.020000,0.464286,0.009286
10,5,0.040000,0.226318,0.009053
10,5,0.050000,0.312440,0.015622
10,5,0.060000,0.352937,0.021176
10,5,0.070000,0.515636,0.036095
10,5,0.080000,0.612088,0.048967
10,5,0.090000,0.719887,0.064790
10,5,0.100000,0.806202,0.080620
10,5,0.110000,0.890674,0.097974
10,5,0.120000,0.919444,0.110333
10,5,0.130000,0.992300,0.128999
10,5,0.140000,1.028571,0.144000
10,5,0.150000,1.053333,0.158000
10,5,0.160000,1.116667,0.178667
10,5,0.170000,1.131372,0.192333
10,5,0.180000,1.153704,0.207667
10,5,0.190000,1.187719,0.225667
10,5,0.200000,1.190000,0.238000
10,5,0.210000,1.233333,0.259000
10,5,0.220000,1.225758,0.269667
10,5,0.230000,1.265217,0.291000
10,5,0.240000,1.277778,0.306667
10,5,0.250000,1.296000,0.324000
10,5,0.260000,1.317949,0.342667
10,5,0.270000,1.340741,0.362000
10,5,0.280000,1.361905,0.381333
10,5,0.290000,1.383908,0.401333
10,5,0.300000,1.401111,0.420333
10,5,0.310000,1.415054,0.438667
10,5,0.320000,1.437500,0.460000
10,5,0.330000,1.450505,0.478667
10,5,0.340000,1.461765,0.497000
10,5,0.350000,1.481905,0.518667
10,5,0.360000,1.493519,0.537667
10,5,0.370000,1.517117,0.561333
10,5,0.380000,1.528070,0.580667
10,5,0.390000,1.548718,0.604000
10,5,0.400000,1.570000,0.628000
10,5,0.410000,1.569106,0.643333
10,5,0.420000,1.596825,0.670667
10,5,0.430000,1.616279,0.695000
10,5,0.440000,1.627273,0.716000
10,5,0.450000,1.654074,0.744333
10,5,0.460000,1.654348,0.761000
10,5,0.470000,1.670923,0.785334
10,5,0.480000,1.689586,0.811001
10,5,0.490000,1.705472,0.835681
10,5,0.500000,1.721377,0.860689
10,5,0.510000,1.724972,0.879736
10,5,0.520000,1.742823,0.906268
10,5,0.530000,1.765470,0.935699
10,5,0.540000,1.782179,0.962377
10,5,0.550000,1.813084,0.997196
10,6,0.030000,0.309524,0.009286
10,6,0.050000,0.333453,0.016673
10,6,0.060000,0.307457,0.018447
10,6,0.070000,0.486064,0.034024
10,6,0.080000,0.605412,0.048433
10,6,0.090000,0.708325,0.063749
10,6,0.100000,0.822506,0.082251
10,6,0.110000,0.884708,0.097318
10,6,0.120000,0.947178,0.113661
10,6,0.130000,1.041024,0.135333
10,6,0.140000,1.049999,0.147000
10,6,0.150000,1.082222,0.162333
10,6,0.160000,1.089583,0.174333
10,6,0.170000,1.147059,0.195000
10,6,0.180000,1.174074,0.211333
10,6,0.190000,1.175439,0.223333
10,6,0.200000,1.228333,0.245667
10,6,0.210000,1.236508,0.259667
10,6,0.220000,1.253030,0.275667
10,6,0.230000,1.284058,0.295333
10,6,0.240000,1.286111,0.308667
10,6,0.250000,1.322667,0.330667
10,6,0.260000,1.346154,0.350000
10,6,0.270000,1.374074,0.371000
10,6,0.280000,1.391667,0.389667
10,6,0.290000,1.397701,0.405333
10,6,0.300000,1.422222,0.426667
10,6,0.310000,1.440860,0.446667
10,6,0.320000,1.450000,0.464000
10,6,0.330000,1.467677,0.484333
10,6,0.340000,1.468627,0.499333
10,6,0.350000,1.509524,0.528333
10,6,0.360000,1.511111,0.544000
10,6,0.370000,1.536036,0.568333
10,6,0.380000,1.537719,0.584333
10,6,0.390000,1.558974,0.608000
10,6,0.400000,1.568333,0.627333
10,6,0.410000,1.591870,0.652667
10,6,0.420000,1.602381,0.673000
10,6,0.430000,1.621705,0.697333
10,6,0.440000,1.631061,0.717667
10,6,0.450000,1.644444,0.740000
10,6,0.460000,1.662319,0.764667
10,6,0.470000,1.670923,0.785334
10,6,0.480000,1.680558,0.806668
10,6,0.490000,1.698645,0.832336
10,6,0.500000,1.710712,0.855356
10,6,0.510000,1.723636,0.879054
10,6,0.520000,1.738015,0.903768
10,6,0.530000,1.748922,0.926928
10,6,0.540000,1.763530,0.952306
10,6,0.550000,1.771774,0.974476
10,8,0.020000,0.464286,0.009286
10,8,0.030000,0.170268,0.005108
10,8,0.040000,0.257169,0.010287
10,8,0.050000,0.304939,0.015247
10,8,0.060000,0.370634,0.022238
10,8,0.070000,0.425545,0.029788
10,8,0.080000,0.587404,0.046992
10,8,0.090000,0.617205,0.055548
10,8,0.100000,0.696238,0.069624
10,8,0.110000,0.805880,0.088647
10,8,0.120000,0.802742,0.096329
10,8,0.130000,0.889722,0.115664
10,8,0.140000,0.895233,0.125333
10,8,0.150000,0.906658,0.135999
10,8,0.160000,0.981250,0.157000
10,8,0.170000,0.996078,0.169333
10,8,0.180000,1.012963,0.182333
10,8,0.190000,1.043860,0.198333
10,8,0.200000,1.048333,0.209667
10,8,0.210000,1.073016,0.225333
10,8,0.220000,1.104545,0.243000
10,8,0.230000,1.126087,0.259000
10,8,0.240000,1.145833,0.275000
10,8,0.250000,1.149333,0.287333
10,8,0.260000,1.184615,0.308000
10,8,0.270000,1.161728,0.313667
10,8,0.280000,1.210714,0.339000
10,8,0.290000,1.218391,0.353333
10,8,0.300000,1.215556,0.364667
10,8,0.310000,1.250538,0.387667
10,8,0.320000,1.258333,0.402667
10,8,0.330000,1.282828,0.423333
10,8,0.340000,1.281373,0.435667
10,8,0.350000,1.295238,0.453333
10,8,0.360000,1.308333,0.471000
10,8,0.370000,1.339640,0.495667
10,8,0.380000,1.347368,0.512000
10,8,0.390000,1.361538,0.531000
10,8,0.400000,1.371667,0.548667
10,8,0.410000,1.376423,0.564333
10,8,0.420000,1.398413,0.587333
10,8,0.430000,1.398450,0.601333
10,8,0.440000,1.416667,0.623333
10,8,0.450000,1.422963,0.640333
10,8,0.460000,1.444203,0.664333
10,8,0.470000,1.425532,0.670000
10,8,0.480000,1.456944,0.699333
10,8,0.490000,1.465306,0.718000
10,8,0.500000,1.489334,0.744667
10,8,0.510000,1.492811,0.761333
10,8,0.520000,1.511541,0.786001
10,8,0.530000,1.508808,0.799668
10,8,0.540000,1.523458,0.822667
10,8,0.550000,1.533343,0.843338
10,8,0.560000,1.542923,0.864037
10,8,0.570000,1.544535,0.880385
10,8,0.580000,1.566621,0.908640
10,8,0.590000,1.581377,0.933012
10,8,0.600000,1.592886,0.955731
10,8,0.620000,1.609891,0.998132
20,16,0.020000,0.457550,0.009151
20,16,0.030000,0.130425,0.003913
20,16,0.040000,0.198020,0.007921
20,16,0.050000,0.249219,0.012461
20,16,0.060000,0.345312,0.020719
20,16,0.070000,0.584788,0.040935
20,16,0.080000,0.603015,0.048241
20,16,0.090000,0.787200,0.070848
20,16,0.100000,0.852398,0.085240
20,16,0.110000,0.927081,0.101979
20,16,0.120000,1.008322,0.120999
20,16,0.130000,1.015378,0.131999
20,16,0.140000,1.059523,0.148333
20,16,0.150000,1.108889,0.166333
20,16,0.160000,1.102083,0.176333
20,16,0.170000,1.141176,0.194000
20,16,0.180000,1.170370,0.210667
20,16,0.190000,1.192982,0.226667
20,16,0.200000,1.208333,0.241667
20,16,0.210000,1.228571,0.258000
20,16,0.220000,1.256061,0.276333
20,16,0.230000,1.259420,0.289667
20,16,0.240000,1.268056,0.304333
20,16,0.250000,1.278667,0.319667
20,16,0.260000,1.330769,0.346000
20,16,0.270000,1.318519,0.356000
20,16,0.280000,1.340476,0.375333
20,16,0.290000,1.357471,0.393667
20,16,0.300000,1.372222,0.411667
20,16,0.310000,1.391398,0.431333
20,16,0.320000,1.410417,0.451333
20,16,0.330000,1.425253,0.470333
20,16,0.340000,1.420588,0.483000
20,16,0.350000,1.434286,0.502000
20,16,0.360000,1.453704,0.523333
20,16,0.370000,1.471171,0.544333
20,16,0.380000,1.470175,0.558667
20,16,0.390000,1.489744,0.581000
20,16,0.400000,1.511667,0.604667
20,16,0.410000,1.516260,0.621667
20,16,0.420000,1.530952,0.643000
20,16,0.430000,1.536434,0.660667
20,16,0.440000,1.539394,0.677333
20,16,0.450000,1.566667,0.705000
20,16,0.460000,1.563043,0.719000
20,16,0.470000,1.589362,0.747000
20,16,0.480000,1.595139,0.765667
20,16,0.490000,1.599320,0.783667
20,16,0.500000,1.617334,0.808667
20,16,0.510000,1.625490,0.829000
20,16,0.520000,1.639744,0.852667
20,16,0.530000,1.651594,0.875345
20,16,0.540000,1.676124,0.905107
20,16,0.550000,1.656018,0.910810
20,16,0.560000,1.679803,0.940689
20,16,0.570000,1.697822,0.967759
20,16,0.580000,1.695112,0.983165
20,8,0.020000,0.464286,0.009286
20,8,0.040000,0.208548,0.008342
20,8,0.050000,0.273856,0.013693
20,8,0.060000,0.299576,0.017975
20,8,0.070000,0.547941,0.038356
20,8,0.080000,0.729425,0.058354
20,8,0.090000,0.797474,0.071773
20,8,0.100000,0.936428,0.093643
20,8,0.110000,0.990802,0.108988
20,8,0.120000,1.083332,0.130000
20,8,0.130000,1.094868,0.142333
20,8,0.140000,1.121428,0.157000
20,8,0.150000,1.202222,0.180333
20,8,0.160000,1.218750,0.195000
20,8,0.170000,1.247059,0.212000
20,8,0.180000,1.266667,0.228000
20,8,0.190000,1.298246,0.246667
20,8,0.200000,1.303333,0.260667
20,8,0.210000,1.349206,0.283333
20,8,0.220000,1.386364,0.305000
20,8,0.230000,1.378261,0.317000
20,8,0.240000,1.400000,0.336000
20,8,0.250000,1.412000,0.353000
20,8,0.260000,1.437179,0.373667
20,8,0.270000,1.444444,0.390000
20,8,0.280000,1.457143,0.408000
20,8,0.290000,1.498851,0.434667
20,8,0.300000,1.503333,0.451000
20,8,0.310000,1.517204,0.470333
20,8,0.320000,1.540625,0.493000
20,8,0.330000,1.561616,0.515333
20,8,0.340000,1.562745,0.531333
20,8,0.350000,1.587619,0.555667
20,8,0.360000,1.599074,0.575667
20,8,0.370000,1.623423,0.600667
20,8,0.380000,1.638596,0.622667
20,8,0.390000,1.661538,0.648000
20,8,0.400000,1.673333,0.669333
20,8,0.410000,1.699187,0.696667
20,8,0.420000,1.704762,0.716000
20,8,0.430000,1.726357,0.742333
20,8,0.440000,1.743939,0.767333
20,8,0.450000,1.770371,0.796667
20,8,0.460000,1.781885,0.819667
20,8,0.470000,1.797887,0.845007
20,8,0.480000,1.805578,0.866678
20,8,0.490000,1.840234,0.901715
20,8,0.500000,1.856321,0.928160
20,8,0.510000,1.879430,0.958510
20,8,0.520000,1.921661,0.999264
20,8,0.530000,1.881061,0.996962
20,10,0.020000,0.469596,0.009392
20,10,0.030000,0.111503,0.003345
20,10,0.040000,0.125634,0.005025
20,10,0.050000,0.252502,0.012625
20,10,0.060000,0.389268,0.023356
20,10,0.070000,0.605786,0.042405
20,10,0.080000,0.688220,0.055058
20,10,0.090000,0.844304,0.075987
20,10,0.100000,1.022935,0.102294
20,10,0.110000,1.045271,0.114980
20,10,0.120000,1.133333,0.136000
20,10,0.130000,1.176923,0.153000
20,10,0.140000,1.250000,0.175000
20,10,0.150000,1.264444,0.189667
20,10,0.160000,1.289583,0.206333
20,10,0.170000,1.347059,0.229000
20,10,0.180000,0.326199,0.058716
20,10,0.190000,1.396491,0.265333
20,10,0.200000,1.391667,0.278333
20,10,0.210000,1.430159,0.300333
20,10,0.220000,1.443939,0.317667
20,10,0.230000,1.468116,0.337667
20,10,0.240000,1.480556,0.355333
20,10,0.250000,1.528000,0.382000
20,10,0.260000,1.510256,0.392667
20,10,0.270000,1.543210,0.416667
20,10,0.280000,1.585714,0.444000
20,10,0.290000,1.590805,0.461333
20,10,0.300000,1.593333,0.478000
20,10,0.310000,1.604301,0.497333
20,10,0.320000,1.631250,0.522000
20,10,0.330000,1.646465,0.543333
20,10,0.340000,1.672549,0.568667
20,10,0.350000,1.681905,0.588667
20,10,0.360000,1.691667,0.609000
20,10,0.370000,1.710811,0.633000
20,10,0.380000,1.721930,0.654333
20,10,0.390000,1.740171,0.678667
20,10,0.400000,1.753333,0.701333
20,10,0.410000,1.769919,0.725667
20,10,0.420000,1.785714,0.750000
20,10,0.430000,1.794574,0.771667
20,10,0.440000,1.825758,0.803333
20,10,0.450000,1.826669,0.822001
20,10,0.460000,1.843481,0.848001
20,10,0.470000,1.909089,0.897272
20,10,0.480000,1.871573,0.898355
20,10,0.490000,1.884938,0.923620
20,10,0.500000,1.907723,0.953862
20,10,0.510000,1.921226,0.979825
20,10,0.520000,1.914015,0.995288
20,10,0.600000,0.008832,0.005299
20,12,0.020000,0.481312,0.009626
20,12,0.030000,0.100127,0.003004
20,12,0.040000,0.151879,0.006075
20,12,0.050000,0.324966,0.016248
20,12,0.060000,0.351001,0.021060
20,12,0.070000,0.595568,0.041690
20,12,0.080000,0.720898,0.057672
20,12,0.090000,0.875224,0.078770
20,12,0.100000,1.033262,0.103326
20,12,0.110000,1.118170,0.122999
20,12,0.120000,1.161102,0.139332
20,12,0.130000,1.176918,0.152999
20,12,0.140000,1.252381,0.175333
20,12,0.150000,1.304444,0.195667
20,12,0.160000,1.300000,0.208000
20,12,0.170000,1.331373,0.226333
20,12,0.180000,1.348148,0.242667
20,12,0.190000,1.414035,0.268667
20,12,0.200000,1.411667,0.282333
20,12,0.210000,1.422222,0.298667
20,12,0.220000,1.460606,0.321333
20,12,0.230000,1.479710,0.340333
20,12,0.240000,1.500000,0.360000
20,12,0.250000,1.529333,0.382333
20,12,0.260000,1.541026,0.400667
20,12,0.270000,1.551852,0.419000
20,12,0.280000,1.583333,0.443333
20,12,0.290000,1.586207,0.460000
20,12,0.300000,1.591111,0.477333
20,12,0.310000,1.610753,0.499333
20,12,0.320000,1.644792,0.526333
20,12,0.330000,1.653535,0.545667
20,12,0.340000,1.653922,0.562333
20,12,0.350000,1.671429,0.585000
20,12,0.360000,1.697222,0.611000
20,12,0.370000,1.719820,0.636333
20,12,0.380000,1.728070,0.656667
20,12,0.390000,1.732479,0.675667
20,12,0.400000,1.750833,0.700333
20,12,0.410000,1.763415,0.723000
20,12,0.420000,1.779365,0.747333
20,12,0.430000,1.786822,0.768333
20,12,0.440000,1.803788,0.793667
20,12,0.450000,1.817779,0.818001
20,12,0.460000,1.843482,0.848002
20,12,0.470000,1.837595,0.863669
20,12,0.480000,1.861153,0.893353
20,12,0.490000,1.872330,0.917441
20,12,0.500000,1.879865,0.939932
20,12,0.510000,1.903906,0.970992
20,12,0.520000,1.907057,0.991670
