"EPS" "MSE"
5e-04 0.00605019421628504
0.001 0.0110441114837921
0.0015 0.0157240801173514
0.002 0.0201573130290372
0.0025 0.0244071705039654
0.003 0.0285111875497249
0.0035 0.0324942330986244
0.004 0.0363739945168766
0.0045 0.040163682513364
0.005 0.0438735741122285
0.0055 0.0475118629950755
0.006 0.051085215176815
0.0065 0.0545992190532876
0.007 0.0580585517815081
0.0075 0.0614672232447449
0.008 0.0648287327170557
0.0085 0.0681461185536606
0.009 0.0714220301436035
0.0095 0.0746588718572337
0.01 0.0778587463779187
0.0105 0.0810235683663527
0.011 0.0841550515256716
0.0115 0.0872547717605957
0.012 0.0903241414013605
0.0125 0.0933644737064565
0.013 0.0963769639483506
0.0135 0.0993627264236877
0.014 0.102322767484044
0.0145 0.105258032091809
0.015 0.108169429301452
0.0155 0.111057755603554
0.016 0.113923773578583
0.0165 0.116768254000524
0.017 0.119591782732408
0.0175 0.122395064291338
0.018 0.125178677784911
0.0185 0.127943155201242
0.019 0.130689083172686
0.0195 0.133416941415338
0.02 0.136127188658415
0.0205 0.138820287342016
0.021 0.141496703641091
0.0215 0.14415678229271
0.022 0.146800983888077
0.0225 0.149429644470744
0.023 0.152043102270283
0.0235 0.154641697712091
0.024 0.157225773426845
0.0245 0.159795674259605
0.025 0.162351627843025
0.0255 0.164894008620745
0.026 0.167422968089947
0.0265 0.1699388618668
0.027 0.172441927306065
0.0275 0.174932402939266
0.028 0.177410528477163
0.0285 0.179876544812054
0.029 0.182330586666477
0.0295 0.184772956539395
0.03 0.187203836592843
0.0305 0.189623400150333
0.031 0.192031839113578
0.0315 0.194429382378133
0.032 0.19681616820288
0.0325 0.199192333577202
0.033 0.201558095648545
0.0335 0.203913610788227
0.034 0.206259035911293
0.0345 0.208594528476262
0.035 0.210920162386044
0.0355 0.213236152109155
0.036 0.215542657297234
0.0365 0.21783977185632
0.037 0.22012759632212
0.0375 0.222406360446152
0.038 0.22467603934461
0.0385 0.226936896046715
0.039 0.229188967579802
0.0395 0.231432362246827
0.04 0.23366725575905
0.0405 0.235893739732732
0.041 0.238111830348595
0.0415 0.240321706661049
0.042 0.242523469233908
0.0425 0.244717210524718
0.043 0.246903023185768
0.0435 0.249081000063434
0.044 0.251251234197482
0.0445 0.253413818820362
0.045 0.255568847356473
0.0455 0.257716350712863
0.046 0.259856432422539
0.0465 0.26198921919785
0.047 0.264114805168824
0.0475 0.266233167980035
0.048 0.268344442714456
0.0485 0.270448779693902
0.049 0.272546059986101
0.0495 0.274636556129476
0.05 0.276720195094756
0.0505 0.278797152990835
0.051 0.280867387716946
0.0515 0.282931110863972
0.052 0.2849881790766
0.0525 0.287038858125915
0.053 0.289083111926228
0.0535 0.291120967532008
0.054 0.293152584658067
0.0545 0.295178001918985
0.055 0.297197139901737
0.0555 0.299210190589124
0.056 0.301217200135975
0.0565 0.303218214738084
0.057 0.305213280631859
0.0575 0.307202397137779
0.058 0.30918564624066
0.0585 0.311163098723334
0.059 0.313134800998433
0.0595 0.315100799517216
0.06 0.317061140769182
0.0605 0.319015871281677
0.061 0.320965037619498
0.0615 0.322908686384488
0.062 0.324846864215128
0.0625 0.326779617786129
0.063 0.328706955962342
0.0635 0.330628913954785
0.064 0.332545574600171
0.0645 0.334456984697757
0.065 0.336363191081031
0.0655 0.338264240617276
0.066 0.340160087269611
0.0665 0.34205080015283
0.067 0.343936483576217
0.0675 0.345817184522363
0.068 0.34769280413454
0.0685 0.34956346750734
0.069 0.351429276071726
0.0695 0.353290142181041
0.07 0.355146132056138
0.0705 0.356997394982126
0.071 0.358843754643256
0.0715 0.360685418039135
0.072 0.362522380651943
0.0725 0.364354583000153
0.073 0.366182247028545
0.0735 0.368005126898365
0.074 0.369823569789145
0.0745 0.371637286883292
0.075 0.373446626997554
0.0755 0.375251300213649
0.076 0.377051659594186
0.0765 0.378847404250119
0.077 0.380638859209097
0.0775 0.382425836448033
0.078 0.384208485588123
0.0785 0.385986834349956
0.079 0.387760776292547
0.0795 0.389530543969761
0.08 0.391295968960283
0.0805 0.393057168958491
0.081 0.394814252492632
0.0815 0.396567032265354
0.082 0.39831568764498
0.0825 0.400060284351279
0.083 0.401800697544159
0.0835 0.403537005617524
0.084 0.405269312794063
0.0845 0.406997635978383
0.085 0.408721796164435
0.0855 0.41044201107939
0.086 0.412158299752526
0.0865 0.413870679077107
0.087 0.415579052431285
0.0875 0.41728350379574
0.088 0.418984103529649
0.0885 0.420680868513095
0.089 0.422373815622456
0.0895 0.424062938450975
0.09 0.425748178637893
0.0905 0.427429658618602
0.091 0.42910739525401
0.0915 0.4307814054008
0.092 0.432451705911334
0.0925 0.434118313633556
0.093 0.435781245410899
0.0935 0.437440518082183
0.094 0.439096129391847
0.0945 0.440748078982414
0.095 0.442396427018946
0.0955 0.444041190320726
0.096 0.445682385701893
0.0965 0.447320029971343
0.097 0.448954139932627
0.0975 0.450584732383858
0.098 0.452211824117604
0.0985 0.453835431920794
0.099 0.455455572574613
0.0995 0.457072262854406
0.1 0.458685519529575
0.1005 0.460295359363476
0.101 0.461901799113324
0.1015 0.463504855530084
0.102 0.465104545358374
0.1025 0.46670088511099
0.103 0.468293827292777
0.1035 0.469883446024973
0.104 0.471469758026695
0.1045 0.473052780010245
0.105 0.47463252868101
0.1055 0.476209020737359
0.106 0.477782272870536
0.1065 0.47935230176456
0.107 0.480919124096119
0.1075 0.482482715673254
0.108 0.48404304257222
0.1085 0.485600205849766
0.109 0.487154222153587
0.1095 0.488705108123572
0.11 0.490252880391701
0.1105 0.491797554947529
0.111 0.49333897800919
0.1115 0.494877330181862
0.112 0.496412628066475
0.1125 0.497944888255569
0.113 0.499474127333185
0.1135 0.501000181641701
0.114 0.502523217251087
0.1145 0.504043274425487
0.115 0.505560369715814
0.1155 0.507074419741936
0.116 0.508585404720933
0.1165 0.510093470398935
0.117 0.511598633292391
0.1175 0.513100799969404
0.118 0.514599945482772
0.1185 0.516096230697867
0.119 0.51758967209533
0.1195 0.519080076000149
0.12 0.520567592715857
0.1205 0.522052307999998
0.121 0.523534142446894
0.1215 0.525012999640362
0.122 0.526489097712806
0.1225 0.527962424770632
0.123 0.529432731212733
0.1235 0.530900320767076
0.124 0.532365202359553
0.1245 0.533827066610437
0.125 0.535286256127781
0.1255 0.536742754031154
0.126 0.538196284435781
0.1265 0.539647182180269
0.127 0.541095358020958
0.1275 0.542540662704626
0.128 0.543983376718963
0.1285 0.545423291971213
0.129 0.546860478835074
0.1295 0.548295116936045
0.13 0.549726832919575
0.1305 0.551156009636147
0.131 0.552582501857687
0.1315 0.554006257287768
0.132 0.555427531296436
0.1325 0.556845922622405
0.133 0.558261840870234
0.1335 0.559675068274563
0.134 0.561085670706788
0.1345 0.562493756780849
0.135 0.563899083282873
0.1355 0.565302020861487
0.136 0.566702140975856
0.1365 0.568099867805432
0.137 0.569494906062783
0.1375 0.57088746187024
0.138 0.572277440719473
0.1385 0.57366486516971
0.139 0.575049807019603
0.1395 0.576432139714909
0.14 0.577812066933807
0.1405 0.579189347413256
0.141 0.58056428232876
0.1415 0.581936550067616
0.142 0.583306514966274
0.1425 0.584673809375396
0.143 0.586038826502392
0.1435 0.587401186927632
0.144 0.588761278486477
0.1445 0.590118744208087
0.145 0.591473932360309
0.1455 0.592826542592342
0.146 0.594176849457181
0.1465 0.595524643346897
0.147 0.596870091000991
0.1475 0.59821310762826
0.148 0.599553718105342
0.1485 0.60089199648205
0.149 0.602227791772637
0.1495 0.603561370842091
0.15 0.60489237289318
0.1505 0.606221237347654
0.151 0.607547522244275
0.1515 0.608871623203889
0.152 0.610193300489328
0.1525 0.611512659796315
0.153 0.612829768176947
0.1535 0.614144407628997
0.154 0.615456935738736
0.1545 0.616766927090006
0.155 0.618074764882033
0.1555 0.619380278450521
0.156 0.620683447615382
0.1565 0.621984521863937
0.157 0.623283044046623
0.1575 0.624579480947405
0.158 0.62587361416462
0.1585 0.627165433408502
0.159 0.628455177846557
0.1595 0.629742440960838
0.16 0.631027596979596
0.1605 0.632310563306096
0.161 0.633591152376856
0.1615 0.634869684762817
0.162 0.636145903571124
0.1625 0.637419898093576
0.163 0.638691846316747
0.1635 0.639961387990227
0.164 0.641228827344737
0.1645 0.642494213690783
0.165 0.643757165470191
0.1655 0.645018088913138
0.166 0.646276919757902
0.1665 0.647533384464055
0.167 0.648787831126885
0.1675 0.650040176294606
0.168 0.651290192967359
0.1685 0.652538201855636
0.169 0.653784130961787
0.1695 0.655027738514412
0.17 0.656269348506883
0.1705 0.657508930956328
0.171 0.658746168174577
0.1715 0.659981418022234
0.172 0.661214683169092
0.1725 0.662445628548576
0.173 0.663674556873728
0.1735 0.664901510643176
0.174 0.666126265764808
0.1745 0.667348911060155
0.175 0.668569591909609
0.1755 0.669788225475695
0.176 0.67100462610341
0.1765 0.672219072359526
0.177 0.673431566882676
0.1775 0.674641847044853
0.178 0.675850096902617
0.1785 0.677056405056304
0.179 0.678260718441698
0.1795 0.679462809963519
0.18 0.680662969774124
0.1805 0.681861200490159
0.181 0.683057355478233
0.1815 0.684251404838431
0.182 0.685443535050877
0.1825 0.686633748719808
0.183 0.687821853558425
0.1835 0.689007920988827
0.184 0.690192081776139
0.1845 0.691374338512096
0.185 0.692554500980873
0.1855 0.693732646435593
0.186 0.694908897692645
0.1865 0.696083257331177
0.187 0.697255584737208
0.1875 0.698425867890492
0.188 0.699594269231861
0.1885 0.700760791327791
0.189 0.701925390501407
0.1895 0.7030878707455
0.19 0.704248481503339
0.1905 0.705407225328641
0.191 0.706564104772426
0.1915 0.707718939062248
0.192 0.70887181828418
0.1925 0.710022842825879
0.193 0.711172015225508
0.1935 0.712319338018508
0.194 0.713464562008595
0.1945 0.714607925966689
0.195 0.715749449961066
0.1955 0.71688913651421
0.196 0.718026988145868
0.1965 0.719162755542992
0.197 0.72029668948153
0.1975 0.721428798082648
0.198 0.722559083853038
0.1985 0.723687549296637
0.199 0.724814012921849
0.1995 0.725938601566853
0.2 0.727061379409824
0.2005 0.728182348941545
0.201 0.729301512650026
0.2015 0.730418824430331
0.202 0.731534151985418
0.2025 0.73264768318226
0.203 0.733759420495621
0.2035 0.734869366397473
0.204 0.735977523356985
0.2045 0.737083827499915
0.205 0.738188195635484
0.2055 0.73929078422296
0.206 0.740391595718163
0.2065 0.741490632574097
0.207 0.742587897240945
0.2075 0.743683392166069
0.208 0.744776922798893
0.2085 0.745868682754943
0.209 0.746958682281537
0.2095 0.748046923812562
0.21 0.74913340977907
0.2105 0.750218142609266
0.211 0.751301106590622
0.2115 0.752382151025069
0.212 0.75346145156346
0.2125 0.754539010620427
0.213 0.755614830607742
0.2135 0.756688913934314
0.214 0.757761263006186
0.2145 0.758831880226528
0.215 0.759900669065116
0.2155 0.760967657621656
0.216 0.762032923472718
0.2165 0.763096469007772
0.217 0.764158296613405
0.2175 0.765218408673313
0.218 0.766276807568302
0.2185 0.767333495676284
0.219 0.768388446180365
0.2195 0.769441564749959
0.22 0.770492981583479
0.2205 0.771542699045013
0.221 0.772590719495735
0.2215 0.77363704529391
0.222 0.774681678794886
0.2225 0.775724622351093
0.223 0.776765878312041
0.2235 0.777805449024315
0.224 0.778843252020759
0.2245 0.779879324910201
0.225 0.78091372148385
0.2255 0.781946444074321
0.226 0.782977495011292
0.2265 0.7840068766215
0.227 0.785034591228737
0.2275 0.786060641153851
0.228 0.787085028714739
0.2285 0.78810775622635
0.229 0.789128826000677
0.2295 0.790148208146638
0.23 0.7911658573794
0.2305 0.792181857677294
0.231 0.793196211338192
0.2315 0.794208920657
0.232 0.795219987925653
0.2325 0.796229415433114
0.233 0.79723720546537
0.2335 0.798243360305432
0.234 0.79924788223333
0.2345 0.800250773526113
0.235 0.801252036457847
0.2355 0.802251673299608
0.236 0.803249686319487
0.2365 0.804246077782583
0.237 0.805240783370644
0.2375 0.806233855978098
0.238 0.807225315654134
0.2385 0.808215164649542
0.239 0.809203405212109
0.2395 0.810190039586614
0.24 0.811175070014829
0.2405 0.812158498735515
0.241 0.813140327984419
0.2415 0.814120559994274
0.242 0.815099196994797
0.2425 0.816076241212684
0.243 0.81705169487161
0.2435 0.818025560192228
0.244 0.818997839392165
0.2445 0.819968534686021
0.245 0.820937648285366
0.2455 0.82190518239874
0.246 0.822871139231648
0.2465 0.823835520986561
0.247 0.824798329862913
0.2475 0.825759568057098
0.248 0.826719237762469
0.2485 0.827677322422415
0.249 0.828633822510529
0.2495 0.829588762463981
0.25 0.830542144461564
0.2505 0.83149397067902
0.251 0.832444243289036
0.2515 0.833392964461243
0.252 0.834340136362213
0.2525 0.835285761155459
0.253 0.836229841001433
0.2535 0.837172378057522
0.254 0.838113374478047
0.2545 0.839052832414265
0.255 0.839990754014363
0.2555 0.840927141423455
0.256 0.841861996783588
0.2565 0.84279532223373
0.257 0.843727119909776
0.2575 0.844657391944545
0.258 0.845586140467775
0.2585 0.846513367606124
0.259 0.847439075483169
0.2595 0.848363266219402
0.26 0.849285941932231
0.2605 0.850207104735976
0.261 0.851126756741869
0.2615 0.852044900058052
0.262 0.852961536789577
0.2625 0.8538766690384
0.263 0.854790298903385
0.2635 0.855702428480299
0.264 0.85661305986181
0.2645 0.85752219513749
0.265 0.858429836393809
0.2655 0.859335985714135
0.266 0.860240645178732
0.2665 0.861143816864762
0.267 0.862045502846277
0.2675 0.862945705194224
0.268 0.863844425976442
0.2685 0.864741667257657
0.269 0.865637431099485
0.2695 0.86653171956043
0.27 0.867424534695879
0.2705 0.868315878558107
0.271 0.869205753196269
0.2715 0.870094160656404
0.272 0.870981065819132
0.2725 0.871866502615421
0.273 0.872750476674441
0.2735 0.873632990032208
0.274 0.874514044721614
0.2745 0.875393642772427
0.275 0.876271786211289
0.2755 0.877148477061719
0.276 0.878023717344104
0.2765 0.878897509075707
0.277 0.879769854270658
0.2775 0.880640754939958
0.278 0.881510213091476
0.2785 0.882378230729948
0.279 0.883244809856976
0.2795 0.884109952471026
0.28 0.884973660567429
0.2805 0.885835936138379
0.281 0.886696781172931
0.2815 0.887556197657002
0.282 0.888414187573368
0.2825 0.889270752901663
0.283 0.890125895618383
0.2835 0.890979617696876
0.284 0.891831921107349
0.2845 0.892682791063437
0.285 0.893532180655176
0.2855 0.894380155852121
0.286 0.895226718614388
0.2865 0.896071870898944
0.287 0.896915614659611
0.2875 0.897757951847062
0.288 0.898598884408819
0.2885 0.899438414289255
0.289 0.900276543429591
0.2895 0.901113273767896
0.29 0.901948607239087
0.2905 0.902782545774929
0.291 0.90361509130403
0.2915 0.904446245751844
0.292 0.905276011040671
0.2925 0.906104389089654
0.293 0.906931345865686
0.2935 0.907756846870772
0.294 0.908580964796663
0.2945 0.909403701552382
0.295 0.910225059043794
0.2955 0.911045039173604
0.296 0.911863643841358
0.2965 0.912680874943443
0.297 0.913496734373081
0.2975 0.914311224020338
0.298 0.915124345772116
0.2985 0.915936101512154
0.299 0.916746493121029
0.2995 0.917555522476154
0.3 0.91836311258997
0.3005 0.919169294109033
0.301 0.919974117443133
0.3015 0.920777584459548
0.302 0.921579697022392
0.3025 0.922380456992613
0.303 0.923179866227996
0.3035 0.923977926583157
0.304 0.924774639909549
0.3045 0.925570008055455
0.305 0.926364032865994
0.3055 0.927156716183115
0.306 0.927947961958756
0.3065 0.928737821687399
0.307 0.929526343913436
0.3075 0.930313530468675
0.308 0.931099383181758
0.3085 0.931883903878159
0.309 0.932667094380183
0.3095 0.933448956506966
0.31 0.934229492074475
0.3105 0.935008702895509
0.311 0.935786590779698
0.3115 0.936563011379079
0.312 0.93733809733454
0.3125 0.938111864272964
0.313 0.938884313993843
0.3135 0.939655448293493
0.314 0.940425268965064
0.3145 0.941193777798537
0.315 0.941960976580721
0.3155 0.942726867095258
0.316 0.943491449954182
0.3165 0.944254555645993
0.317 0.945016356932941
0.3175 0.94577685558853
0.318 0.946536053383094
0.3185 0.947293952083798
0.319 0.948050553454638
0.3195 0.948805859256441
0.32 0.949559871246864
0.3205 0.950312591180397
0.321 0.951063879947023
0.3215 0.951813833961942
0.322 0.952562499718812
0.3225 0.953309878961991
0.323 0.954055973432671
0.3235 0.954800784868876
0.324 0.95554431500546
0.3245 0.956286565574112
0.325 0.957027531314333
0.3255 0.957767030513015
0.326 0.958505253892649
0.3265 0.959242203174802
0.327 0.959977880077874
0.3275 0.9607122863171
0.328 0.961445423604552
0.3285 0.962177293649134
0.329 0.962907898156586
0.3295 0.963637083877801
0.33 0.96436495336284
0.3305 0.965091561002791
0.331 0.965816908493286
0.3315 0.966540997526792
0.332 0.967263829792616
0.3325 0.967985406976904
0.333 0.968705730762636
0.3335 0.969424624238389
0.334 0.970142227134966
0.3345 0.970858580275218
0.335 0.971573685332032
0.3355 0.972287543975135
0.336 0.973000157871099
0.3365 0.973711528683333
0.337 0.974421611410489
0.3375 0.975130273334116
0.338 0.975837695773439
0.3385 0.976543880381789
0.339 0.977248828809342
0.3395 0.977952542703117
0.34 0.97865502370698
0.3405 0.979356273461645
0.341 0.98005608983509
0.3415 0.980754644474708
0.342 0.981451971414909
0.3425 0.982148072286342
0.343 0.982842948716506
0.3435 0.98353660232975
0.344 0.984229034747275
0.3445 0.984920062255398
0.345 0.985609811249658
0.3455 0.98629834255534
0.346 0.9869856577836
0.3465 0.987671758542447
0.347 0.988356646436745
0.3475 0.989040323068214
0.348 0.989722571603503
0.3485 0.990403576361211
0.349 0.991083373320682
0.3495 0.991761964073609
0.35 0.992439350208548
0.3505 0.993115533310915
0.351 0.993790473498428
0.3515 0.994463994287885
0.352 0.995136315473772
0.3525 0.995807438631497
0.353 0.996477365333331
0.3535 0.997146097148414
0.354 0.997813635642751
0.3545 0.998479814656436
0.355 0.999144702126861
0.3555 0.999808399663171
0.356 1.00047090882138
0.3565 1.00113223115439
0.357 1.00179236821196
0.3575 1.00245125352966
0.358 1.00310874890654
0.3585 1.00376506235917
0.359 1.00442019542737
0.3595 1.00507414964781
0.36 1.00572692655405
0.3605 1.00637852471692
0.361 1.00702866918687
0.3615 1.00767763965846
0.362 1.00832543765533
0.3625 1.00897206469794
0.363 1.0096175223037
0.3635 1.01026181198686
0.364 1.01090467409454
0.3645 1.0115463422536
0.365 1.01218684576386
0.3655 1.01282618612966
0.366 1.01346436485225
0.3665 1.01410138342976
0.367 1.01473697251427
0.3675 1.01537137859621
0.368 1.0160046277717
0.3685 1.01663672152899
0.369 1.01726766135322
0.3695 1.01789743656346
0.37 1.0185257710944
0.3705 1.01915295490263
0.371 1.0197789894634
0.3715 1.02040387624889
0.372 1.02102761672819
0.3725 1.02165013021501
0.373 1.02227127425288
0.3735 1.02289127515992
0.374 1.02351013439535
0.3745 1.02412785341532
0.375 1.02474443367288
0.3755 1.02535969161274
0.376 1.02597368418334
0.3765 1.02658654113201
0.377 1.02719826390201
0.3775 1.02780885393349
0.378 1.02841831183456
0.3785 1.02902632116108
0.379 1.0296332008615
0.3795 1.03023895236618
0.38 1.03084357710243
0.3805 1.03144707649445
0.381 1.03204928978552
0.3815 1.03265021705192
0.382 1.03325002205183
0.3825 1.03384870619971
0.383 1.03444627090694
0.3835 1.03504269281645
0.384 1.03563769223938
0.3845 1.03623157527149
0.385 1.03682434331444
0.3855 1.03741599776682
0.386 1.03800654002417
0.3865 1.0385957280304
0.387 1.03918371340874
0.3875 1.03977058960738
0.388 1.04035635801217
0.3885 1.04094102000588
0.389 1.04152442510452
0.3895 1.04210653692074
0.39 1.0426875453135
0.3905 1.04326745165589
0.391 1.04384625731798
0.3915 1.0444238832169
0.392 1.04500014534094
0.3925 1.04557530974464
0.393 1.0461493777884
0.3935 1.04672235082958
0.394 1.047294201201
0.3945 1.0478646372817
0.395 1.04843398129222
0.3955 1.04900223458031
0.396 1.04956939849069
0.3965 1.05013547436504
0.397 1.0507001104371
0.3975 1.05126365743005
0.398 1.05182611928532
0.3985 1.052387497335
0.399 1.05294779290818
0.3995 1.05350666158575
0.4 1.05406443471712
0.4005 1.05462112824295
0.401 1.05517674348276
0.4015 1.05573128175307
0.402 1.05628438659368
0.4025 1.05683640880053
0.403 1.05738735688155
0.4035 1.05793723214372
0.404 1.05848601642021
0.4045 1.05903338041727
0.405 1.05957967441845
0.4055 1.06012489972124
0.406 1.06066905762011
0.4065 1.06121208420136
0.407 1.06175373710628
0.4075 1.06229432540314
0.408 1.06283385037693
0.4085 1.06337231330968
0.409 1.0639095856576
0.4095 1.06444554980692
0.41 1.06498045468401
0.4105 1.06551430156145
0.411 1.06604709170884
0.4115 1.06657861325089
0.412 1.06710891076494
0.4125 1.06763815429081
0.413 1.06816634508869
0.4135 1.06869348441581
0.414 1.0692192585452
0.4145 1.06974391132886
0.415 1.07026751535678
0.4155 1.07079007187681
0.416 1.07131153765299
0.4165 1.07183161220969
0.417 1.07235064195318
0.4175 1.07286862812195
0.418 1.07338557195152
0.4185 1.07390129617126
0.419 1.07441576402208
0.4195 1.07492919220172
0.42 1.0754415819364
0.4205 1.07595293444942
0.421 1.07646292041264
0.4215 1.0769718028719
0.422 1.07747965075092
0.4225 1.07798646526372
0.423 1.07849214967991
0.4235 1.07899649859439
0.424 1.07949981676395
0.4245 1.08000210539332
0.425 1.08050336568433
0.4255 1.08100331753817
0.426 1.08150211805169
0.4265 1.08199989282176
0.427 1.08249664304099
0.4275 1.08299229758014
0.428 1.08348659239857
0.4285 1.08397986524108
0.429 1.08447211729107
0.4295 1.08496334972904
0.43 1.08545327729817
0.4305 1.08594206005275
0.431 1.08642982574404
0.4315 1.0869165755434
0.432 1.08740220995415
0.4325 1.08788651436862
0.433 1.08836980542005
0.4335 1.08885208427062
0.434 1.08933335207969
0.4345 1.08981326501187
0.435 1.09029209305081
0.4355 1.09076991255113
0.436 1.09124672466306
0.4365 1.09172234851791
0.437 1.09219672508065
0.4375 1.09267009673819
0.438 1.09314246463171
0.4385 1.0936138011354
0.439 1.09408373766738
0.4395 1.09455267289891
0.44 1.09502060796211
0.4405 1.09548754398626
0.441 1.09595316668333
0.4415 1.09641767681518
0.442 1.09688119034584
0.4425 1.09734370839558
0.443 1.09780504771631
0.4435 1.09826514398471
0.444 1.09872424719058
0.4445 1.09918235844523
0.445 1.09963941607059
0.4455 1.10009510962197
0.446 1.1005498136211
0.4465 1.10100352917037
0.447 1.10145625736936
0.4475 1.10190760865921
0.448 1.10235792448029
0.4485 1.10280725532461
0.449 1.10325560228286
0.4495 1.1037026757475
0.45 1.10414861433013
0.4505 1.10459357138097
0.451 1.10503754798184
0.4515 1.10548034525773
0.452 1.10592191745276
0.4525 1.10636251153295
0.453 1.10680212857126
0.4535 1.10724065128162
0.454 1.10767786785151
0.4545 1.10811410969554
0.455 1.10854937787789
0.4555 1.10898362763278
0.456 1.10941649925188
0.4565 1.10984839950629
0.457 1.11027932945139
0.4575 1.11070929013984
0.458 1.11113784510269
0.4585 1.11156541432632
0.459 1.11199201656535
0.4595 1.11241765286368
0.46 1.11284193857704
0.4605 1.11326518724145
0.461 1.11368747221835
0.4615 1.11410879454295
0.462 1.11452881257344
0.4625 1.11494775106319
0.463 1.11536572913503
0.4635 1.11578274781552
0.464 1.11619849971688
0.4645 1.11661313832986
0.465 1.11702681976717
0.4655 1.11743954504674
0.466 1.11785103235986
0.4665 1.1182613813077
0.467 1.11867077629482
0.4675 1.11907921833055
0.468 1.11948644258357
0.4685 1.11989251199189
0.469 1.12029763062731
0.4695 1.12070179949057
0.47 1.12110476219888
0.4705 1.12150656210774
0.471 1.12190741440443
0.4715 1.12230732008117
0.472 1.12270602274756
0.4725 1.12310356311173
0.473 1.12350015899751
0.4735 1.12389581138867
0.474 1.12429025550331
0.4745 1.12468354619264
0.475 1.12507589551056
0.4755 1.12546730443235
0.476 1.12585749147289
0.4765 1.12624654227271
0.477 1.12663465478134
0.4775 1.12702182996567
0.478 1.12740776139732
0.4785 1.12779258200872
0.479 1.12817646738258
0.4795 1.12855941847737
0.48 1.12894109575292
0.4805 1.12932169579318
0.481 1.12970136362303
0.4815 1.13008010019261
0.482 1.13045752475252
0.4825 1.13083391375543
0.483 1.13120937354869
0.4835 1.13158390507412
0.484 1.13195707834658
0.4845 1.13232926576282
0.485 1.1327005269439
0.4855 1.13307086282336
0.486 1.13343978622436
0.4865 1.13380778142186
0.487 1.13417485333255
0.4875 1.13454094426655
0.488 1.13490567781506
0.4885 1.13526949007939
0.489 1.13563238197919
0.4895 1.13599422537474
0.49 1.13635478228905
0.4905 1.13671442082373
0.491 1.13707314189029
0.4915 1.1374307391311
0.492 1.13778712855896
0.4925 1.13814260248592
0.493 1.13849716181533
0.4935 1.13885051427317
0.494 1.13920274528093
0.4945 1.13955406364081
0.495 1.13990447024805
0.4955 1.14025357928276
0.496 1.1406016608558
0.4965 1.14094883260836
0.497 1.14129509542762
0.4975 1.14163996238719
0.498 1.14198390343024
0.4985 1.14232693745475
0.499 1.14266897710729
0.4995 1.14300969156048
0.5 1.14334950089804
0.5005 1.14368840599362
0.501 1.14402620579152
0.5015 1.14436279452455
0.502 1.14469848090125
0.5025 1.14503326578729
0.503 1.14536682704724
0.5035 1.14569929875043
0.504 1.14603087083142
0.5045 1.14636154414796
0.505 1.14669086817505
0.5055 1.14701923145948
0.506 1.14734669783081
0.5065 1.14767319775534
0.507 1.14799835622668
0.5075 1.14832261962462
0.508 1.14864598879365
0.5085 1.14896825363483
0.509 1.14928931800628
0.5095 1.14960948997156
0.51 1.14992877036732
0.5105 1.15024680139957
0.511 1.15056378007161
0.5115 1.15087986898
0.512 1.15119506895361
0.5125 1.15150886743997
0.513 1.1518217687353
0.5135 1.15213378288492
0.514 1.15244476037012
0.5145 1.15275447790214
0.515 1.15306331006608
0.5155 1.15337125767779
0.516 1.15367800469704
0.5165 1.15398365868916
0.517 1.15428842989004
0.5175 1.15459231910782
0.518 1.15489483689413
0.5185 1.15519643546233
0.519 1.15549715379186
0.5195 1.15579685276904
0.52 1.15609528245846
0.5205 1.15639283364238
0.521 1.15668950711609
0.5215 1.15698497889059
0.522 1.15727936664742
0.5225 1.15757287841078
0.523 1.1578655149684
0.5235 1.15815676074365
0.524 1.15844711447999
0.5245 1.15873659471099
0.525 1.15902502381655
0.5255 1.15931222318529
0.526 1.159598550738
0.5265 1.15988400724972
0.527 1.16016821233736
0.5275 1.16045139083632
0.528 1.1607336999674
0.5285 1.16101508969615
0.529 1.16129512274223
0.5295 1.16157428808253
0.53 1.16185258647957
0.5305 1.16212975414155
0.531 1.16240577925738
0.5315 1.16268093907601
0.532 1.16295523435253
0.5325 1.16322818110406
0.533 1.16350020587621
0.5335 1.16377136773637
0.534 1.16404150118473
0.5345 1.164310394419
0.535 1.16457842636055
0.5355 1.16484559775211
0.536 1.16511151219347
0.5365 1.16537641769097
0.537 1.16564046424194
0.5375 1.16590356663926
0.538 1.16616534914413
0.5385 1.1664262742952
0.539 1.16668634282294
0.5395 1.16694522808733
0.54 1.16720303525621
0.5405 1.16745998737883
0.541 1.1677160618388
0.5415 1.16797075442031
0.542 1.16822459352199
0.5425 1.16847757986217
0.543 1.16872943903413
0.5435 1.16898016847628
0.544 1.16923004670787
0.5445 1.16947907444006
0.545 1.16972671941709
0.5455 1.16997349286829
0.546 1.17021941735561
0.5465 1.17046425347154
0.547 1.17070792544801
0.5475 1.17095074998566
0.548 1.17119272778369
0.5485 1.17143335150365
0.549 1.17167307936439
0.5495 1.17191196199531
0.55 1.17214977804399
0.5505 1.1723864124783
0.551 1.1726222031822
0.5515 1.17285715084307
0.552 1.17309075626637
0.5525 1.17332345826116
0.553 1.17355531869723
0.5535 1.17378611762027
0.554 1.17401573410177
0.5545 1.17424451049858
0.555 1.17447244748636
0.5555 1.17469903752657
0.556 1.17492473304772
0.5565 1.17514959061892
0.557 1.17537337531129
0.5575 1.17559599309849
0.558 1.17581777438467
0.5585 1.17603871983389
0.559 1.17625829735821
0.5595 1.17647700546919
0.56 1.17669487917732
0.5605 1.17691165248782
0.561 1.17712729051178
0.5615 1.17734209555695
0.562 1.17755606510211
0.5625 1.17776863610569
0.563 1.17798037554452
0.5635 1.17819128406655
0.564 1.1784010487983
0.5645 1.17860972566598
0.565 1.17881757301631
0.5655 1.17902453509131
0.566 1.17923015240171
0.5665 1.17943494158432
0.567 1.17963890327575
0.5675 1.17984166218671
0.568 1.18004339618435
0.5685 1.18024430406594
0.569 1.18044426141078
0.5695 1.18064294318514
0.57 1.18084080020874
0.5705 1.18103783310704
0.571 1.18123358891047
0.5715 1.18142839800699
0.572 1.18162238432924
0.5725 1.18181533963946
0.573 1.18200710371893
0.5735 1.18219804636545
0.574 1.18238816819338
0.5745 1.18257692355836
0.575 1.18276482540874
0.5755 1.18295190776775
0.576 1.18313786369488
0.5765 1.18332272760808
0.577 1.18350677334751
0.5775 1.18368993025408
0.578 1.18387175906848
0.5785 1.18405277101718
0.579 1.18423296669917
0.5795 1.18441192585123
0.58 1.18458990681762
0.5805 1.18476707281146
0.581 1.18494323397409
0.5815 1.18511818674627
0.582 1.18529232583061
0.5825 1.18546565181531
0.583 1.18563761675731
0.5835 1.18580873169061
0.584 1.18597903479524
0.5845 1.18614820276186
0.585 1.1863162962825
0.5855 1.18648357923608
0.586 1.18664995062822
0.5865 1.18681502545455
0.587 1.18697929096614
0.5875 1.18714274773627
0.588 1.18730492501247
0.5885 1.18746617577128
0.589 1.18762661902741
0.5895 1.18778600071963
0.59 1.18794423939507
0.5905 1.18810167179743
0.591 1.18825825829718
0.5915 1.18841348753899
0.592 1.18856791172818
0.5925 1.18872153142327
0.593 1.18887392586268
0.5935 1.18902534445972
0.594 1.18917595976982
0.5945 1.18932555998405
0.595 1.18947397559054
0.5955 1.18962158910818
0.596 1.18976839547958
0.5965 1.18991381067772
0.597 1.19005842497613
0.5975 1.19020223891883
0.598 1.19034485523717
0.5985 1.19048647287032
0.599 1.1906272913238
0.5995 1.19076711474377
0.6 1.19090573824654
0.6005 1.19104356373674
0.601 1.19118059174828
0.6015 1.19131622651982
0.602 1.19145106155371
0.6025 1.19158510026313
0.603 1.19171794306471
0.6035 1.19184979013035
0.604 1.19198084201691
0.6045 1.19211089321545
0.605 1.19223975478207
0.6055 1.19236782230627
0.606 1.19249508226615
0.6065 1.19262096078427
0.607 1.19274604638792
0.6075 1.19287033959291
0.608 1.1929934133725
0.6085 1.19311551947884
0.609 1.19323683430181
0.6095 1.19335711774271
0.61 1.19347624675646
0.6105 1.19359458559355
0.611 1.19371207905139
0.6115 1.19382823335888
0.612 1.19394359858787
0.6125 1.19405817524042
0.613 1.19417148438505
0.6135 1.19428387836546
0.614 1.19439548485513
0.6145 1.19450600489498
0.615 1.19461542996813
0.6155 1.19472406862782
0.616 1.19483179990991
0.6165 1.19493825839905
0.617 1.19504393154361
0.6175 1.19514881983212
0.618 1.19525236862293
0.6185 1.19535507854926
0.619 1.19545700467619
0.6195 1.19555776556619
0.62 1.19565751455333
0.6205 1.19575648078943
0.621 1.1958544541172
0.6215 1.19595124442642
0.622 1.19604725302471
0.6225 1.19614243912644
0.623 1.19623627300135
0.6235 1.19632932619722
0.624 1.19642159918552
0.6245 1.19651260507332
0.625 1.19660270508464
0.6255 1.19669202590833
0.626 1.19678024540017
0.6265 1.19686739442733
0.627 1.19695376527872
0.6275 1.19703919870251
0.628 1.19712339892856
0.6285 1.19720682198265
0.629 1.19728946832324
0.6295 1.1973707232547
0.63 1.19745120066924
0.6305 1.19753090236236
0.631 1.19760937203538
0.6315 1.19768690595101
0.632 1.19776366512933
0.6325 1.1978393498637
0.633 1.19791394240402
0.6335 1.19798776118323
0.634 1.19806066129646
0.6345 1.1981323145681
0.635 1.19820319504698
0.6355 1.1982733031752
0.636 1.19834202694706
0.6365 1.19840997120756
0.637 1.1984771440743
0.6375 1.19854308400882
0.638 1.19860809411618
0.6385 1.1986723337789
0.639 1.19873549018566
0.6395 1.19879756818848
0.64 1.19885887668806
0.6405 1.19891924987439
0.641 1.19897839780474
0.6415 1.19903677716556
0.642 1.19909436743656
0.6425 1.19915058731004
0.643 1.19920603954007
0.6435 1.19926072454926
0.644 1.19931414101449
0.6445 1.19936666810538
0.645 1.1994184288904
0.6455 1.19946906319339
0.646 1.19951866712056
0.6465 1.1995675056493
0.647 1.19961535808743
0.6475 1.19966204081016
0.648 1.19970795903441
0.6485 1.19975302990291
0.649 1.19979679336444
0.6495 1.19983979321997
0.65 1.19988202987662
0.6505 1.19992292893948
0.651 1.19996301234617
0.6515 1.20000233343564
0.652 1.20004045165747
0.6525 1.20007762051934
0.653 1.20011402793832
0.6535 1.20014936560682
0.654 1.20018362181217
0.6545 1.20021711744164
0.655 1.20024967484238
0.6555 1.20028102026386
0.656 1.20031160596921
0.6565 1.20034138338564
0.657 1.20036981988034
0.6575 1.20039749751144
0.658 1.20042441666759
0.6585 1.20045002463446
0.659 1.20047479602574
0.6595 1.20049880978411
0.66 1.20052163846615
0.6605 1.20054350543671
0.661 1.20056461560928
0.6615 1.20058466528264
0.662 1.20060362963633
0.6625 1.20062183801986
0.663 1.20063910895864
0.6635 1.20065517248414
0.664 1.20067048086028
0.6645 1.20068497333652
0.665 1.20069813780744
0.6655 1.2007105479428
0.666 1.20072220411342
0.6665 1.20073252940146
0.667 1.20074204304772
0.6675 1.20075080353287
0.668 1.20075835102958
0.6685 1.20076496992355
0.669 1.20077083645315
0.6695 1.20077560642349
0.67 1.20077933228721
0.6705 1.20078230657645
0.671 1.20078429928337
0.6715 1.2007851338242
0.672 1.20078521757364
0.6725 1.20078443327811
0.673 1.20078237818882
0.6735 1.20077957308445
0.674 1.20077601204546
0.6745 1.2007710690043
0.675 1.20076537671766
0.6755 1.20075893553593
0.676 1.20075120986306
0.6765 1.2007426320513
0.677 1.20073330610426
0.6775 1.20072280432683
0.678 1.20071134263281
0.6785 1.20069913355668
0.679 1.20068585592686
0.6795 1.20067151197923
0.68 1.20065642139609
0.6805 1.2006403681641
0.681 1.2006231435774
0.6815 1.20060517309524
0.682 1.20058634450939
0.6825 1.20056624088414
0.683 1.20054539209695
0.6835 1.20052378840366
0.684 1.20050080732641
0.6845 1.20047708181429
0.685 1.20045261219809
0.6855 1.20042684630151
0.686 1.20040024563073
0.6865 1.20037290157355
0.687 1.20034436117729
0.6875 1.20031488690038
0.688 1.20028466994837
0.6885 1.20025335529226
0.689 1.20022100894812
0.6895 1.20018792063385
0.69 1.20015383195585
0.6905 1.2001186150698
0.691 1.20008265691231
0.6915 1.20004579444855
0.692 1.20000770853244
0.6925 1.19996888203732
0.693 1.19992924602209
0.6935 1.19988829257436
0.694 1.19984659923386
0.6945 1.19980416631256
0.695 1.19976037040544
0.6955 1.19971581169853
0.696 1.19967051408802
0.6965 1.1996239452072
0.697 1.19957652259967
0.6975 1.19952836175964
0.698 1.19947902013307
0.6985 1.1994287350776
0.699 1.19937771245466
0.6995 1.19932559830851
0.7 1.19927245224477
0.7005 1.19921856927256
0.701 1.19916368283121
0.7015 1.19910767718594
0.702 1.1990509352852
0.7025 1.19899327677128
0.703 1.19893441295836
0.7035 1.19887481353701
0.704 1.19881438317139
0.7045 1.19875266259195
0.705 1.19869020704519
0.7055 1.19862700504699
0.706 1.19856242908945
0.7065 1.19849711879985
0.707 1.19843107446665
0.7075 1.19836371542666
0.708 1.19829555176419
0.7085 1.19822665468486
0.709 1.19815652455253
0.7095 1.19808550887472
0.71 1.19801376040097
0.7105 1.19794085938941
0.711 1.19786699304137
0.7115 1.19779239451258
0.712 1.19771672283319
0.7125 1.19764000714771
0.713 1.19756255989097
0.7135 1.19748411775346
0.714 1.19740455405111
0.7145 1.19732425938131
0.715 1.19724304699371
0.7155 1.19716063658291
0.716 1.19707749580282
0.7165 1.19699351337152
0.717 1.19690825754858
0.7175 1.19682227194897
0.718 1.19673551967866
0.7185 1.19664741972795
0.719 1.19655859058759
0.7195 1.19646903252385
0.72 1.19637812587529
0.7205 1.1962864544611
0.721 1.19619405470252
0.7215 1.19610037871956
0.722 1.19600586628667
0.7225 1.19591062608291
0.723 1.19581418096454
0.7235 1.19571682875637
0.724 1.19561874934542
0.7245 1.19551953528902
0.725 1.19541934453735
0.7255 1.1953184271456
0.726 1.19521644434696
0.7265 1.19511341627201
0.727 1.19500966211435
0.7275 1.19490491076766
0.728 1.19479904657818
0.7285 1.19469245685804
0.729 1.19458493715591
0.7295 1.19447623804927
0.73 1.19436681395873
0.7305 1.19425652609219
0.731 1.19414499325443
0.7315 1.19403273597431
0.732 1.19391968013283
0.7325 1.19380531473876
0.733 1.19369022543865
0.7335 1.19357440181017
0.734 1.19345720502344
0.7345 1.19333928486182
0.735 1.19322064156589
0.7355 1.19310066660588
0.736 1.1929799167302
0.7365 1.19285844424387
0.737 1.19273570195994
0.7375 1.19261212350666
0.738 1.19248782296134
0.7385 1.19236231353605
0.739 1.19223590763076
0.7395 1.19210878014698
0.74 1.1919805037614
0.7405 1.19185127151886
0.741 1.19172131820638
0.7415 1.19159027504007
0.742 1.19145821756432
0.7425 1.19132543952221
0.743 1.19119162975325
0.7435 1.19105674813764
0.744 1.19092114645435
0.7445 1.19078457025933
0.745 1.19064686558667
0.7455 1.19050844134007
0.746 1.19036909889413
0.7465 1.19022857223669
0.747 1.19008732649422
0.7475 1.18994521797101
0.748 1.18980187039064
0.7485 1.18965780420931
0.749 1.18951292978106
0.7495 1.18936676232926
0.75 1.18921987675578
0.7505 1.18907223659326
0.751 1.18892325031124
0.7515 1.18877354638207
0.752 1.18862312502024
0.7525 1.18847133657339
0.753 1.18831881531481
0.7535 1.18816557709121
0.754 1.18801102333078
0.7545 1.18785568575898
0.755 1.18769963168513
0.7555 1.18754231277694
0.756 1.18738415989808
0.7565 1.18722529097551
0.757 1.18706520708396
0.7575 1.18690423989427
0.758 1.18674255711459
0.7585 1.1865797084027
0.759 1.18641592788852
0.7595 1.18625143223351
0.76 1.18608581886292
0.7605 1.18591922600078
0.761 1.18575191844245
0.7615 1.18558354057342
0.762 1.18541413633014
0.7625 1.1852440178308
0.763 1.18507287562224
0.7635 1.18490066095496
0.764 1.18472773246731
0.7645 1.18455382607676
0.765 1.18437880193306
0.7655 1.18420306440023
0.766 1.18402639398391
0.7665 1.18384856130185
0.767 1.1836700156575
0.7675 1.18349058137028
0.768 1.18330994107846
0.7685 1.18312858824685
0.769 1.18294639024227
0.7695 1.18276294325995
0.77 1.18257878415599
0.7705 1.18239382258629
0.771 1.18220756982342
0.7715 1.18202060535277
0.772 1.18183288036887
0.7725 1.18164382272616
0.773 1.18145405378528
0.7735 1.1812635655368
0.774 1.18107170390583
0.7745 1.18087913138205
0.775 1.18068584814819
0.7755 1.18049121528056
0.776 1.18029584005218
0.7765 1.18009975451295
0.777 1.17990235874917
0.7775 1.17970418168547
0.778 1.17950529470603
0.7785 1.17930513619125
0.779 1.17910415815262
0.7795 1.17890247058924
0.78 1.17869954946733
0.7805 1.17849577130532
0.781 1.17829128400545
0.7815 1.17808560041906
0.782 1.17787902297643
0.7825 1.17767173677878
0.783 1.17746329086929
0.7835 1.1772539149801
0.784 1.17704383071472
0.7845 1.1768326226223
0.785 1.17662044911197
0.7855 1.17640756760027
0.786 1.17619359746385
0.7865 1.17597862714923
0.787 1.17576294920412
0.7875 1.17554621716142
0.788 1.17532845085085
0.7885 1.17510997727675
0.789 1.17489048346426
0.7895 1.17466992195766
0.79 1.17444865355058
0.7905 1.17422639810363
0.791 1.17400304219253
0.7915 1.17377897974016
0.792 1.17355396279286
0.7925 1.1733278132605
0.793 1.17310095754223
0.7935 1.17287317922752
0.794 1.17264423684891
0.7945 1.17241458863596
0.795 1.17218404908558
0.7955 1.17195231462755
0.796 1.17171987468298
0.7965 1.17148657402755
0.797 1.17125204824883
0.7975 1.17101681732762
0.798 1.17078075569656
0.7985 1.17054343934785
0.799 1.170305418197
0.7995 1.1700665957186
0.8 1.1698264895426
0.8005 1.16958567890115
0.801 1.16934409570256
0.8015 1.16910120043409
0.802 1.1688576010332
0.8025 1.16861325724042
0.803 1.16836757360645
0.8035 1.16812118616947
0.804 1.1678740819074
0.8045 1.16762561062712
0.805 1.16737643586964
0.8055 1.16712655778122
0.806 1.16687531304692
0.8065 1.16662335167687
0.807 1.16637068729651
0.8075 1.16611668240026
0.808 1.16586193511793
0.8085 1.1656064851424
0.809 1.16534972020521
0.8095 1.16509218770333
0.81 1.1648339528219
0.8105 1.16457442796369
0.811 1.1643141109275
0.8115 1.16405309182194
0.812 1.16379080716156
0.8125 1.16352770626886
0.813 1.16326390361355
0.8135 1.16299885926875
0.814 1.16273297518998
0.8145 1.16246638965196
0.815 1.16219858573945
0.8155 1.16192991913772
0.816 1.16166055137674
0.8165 1.16138998801217
0.817 1.16111853954336
0.8175 1.16084639021196
0.818 1.16057306750992
0.8185 1.16029883782271
0.819 1.16002390756626
0.8195 1.1597478256403
0.82 1.15947081537626
0.8205 1.15919310483304
0.821 1.15891426379567
0.8215 1.1586344735893
0.822 1.15835398339055
0.8225 1.15807238335327
0.823 1.15778981383205
0.8235 1.15750654460203
0.824 1.15722218567531
0.8245 1.15693683745979
0.825 1.15665078981585
0.8255 1.15636367210915
0.826 1.15607554581298
0.8265 1.15578672036561
0.827 1.15549684398738
0.8275 1.15520594021739
0.828 1.15491433757028
0.8285 1.15462170262798
0.829 1.15432802198425
0.8295 1.15403364273434
0.83 1.15373824933443
0.8305 1.15344179241031
0.831 1.15314463714788
0.8315 1.15284648539586
0.832 1.15254725277804
0.8325 1.15224732208673
0.833 1.1519464120871
0.8335 1.1516444043557
0.834 1.15134169881259
0.8345 1.1510380306689
0.835 1.15073324839751
0.8355 1.15042776857316
0.836 1.150121342388
0.8365 1.1498137861437
0.837 1.14950553260224
0.8375 1.14919634847724
0.838 1.14888601882071
0.8385 1.14857499211986
0.839 1.14826305015571
0.8395 1.14794994764127
0.84 1.14763614833242
0.8405 1.14732144862886
0.841 1.14700557380452
0.8415 1.14668900243278
0.842 1.14637154508863
0.8425 1.14605289849614
0.843 1.14573355560038
0.8435 1.14541334071355
0.844 1.14509192288847
0.8445 1.14476980900141
0.845 1.14444683666885
0.8455 1.14412264814061
0.846 1.14379776378884
0.8465 1.14347203410664
0.847 1.14314507539855
0.8475 1.14281742110262
0.848 1.14248893416593
0.8485 1.14215920579532
0.849 1.14182878206974
0.8495 1.14149753797285
0.85 1.14116504045102
0.8505 1.14083184780439
0.851 1.14049784664067
0.8515 1.14016258047304
0.852 1.13982661940804
0.8525 1.13948986126998
0.853 1.13915182695609
0.8535 1.13881309796955
0.854 1.13847358294878
0.8545 1.13813278098235
0.855 1.13779128456534
0.8555 1.13744901275261
0.856 1.1371054436216
0.8565 1.13676118025942
0.857 1.13641615174464
0.8575 1.1360698159313
0.858 1.13572278610358
0.8585 1.13537500097578
0.859 1.1350258989567
0.8595 1.13467610313745
0.86 1.13432556148481
0.8605 1.133973693731
0.861 1.13362113238863
0.8615 1.13326783429851
0.862 1.13291320127539
0.8625 1.1325578748728
0.863 1.13220182043172
0.8635 1.13184442259923
0.864 1.13148633159383
0.8645 1.13112752088747
0.865 1.13076735870011
0.8655 1.13040650354389
0.866 1.13004493665712
0.8665 1.12968201056398
0.867 1.12931839170354
0.8675 1.12895406872041
0.868 1.12858837916523
0.8685 1.12822199704188
0.869 1.12785491804563
0.8695 1.12748646546686
0.87 1.1271173205166
0.8705 1.12674748328211
0.871 1.1263762704205
0.8715 1.12600436307414
0.872 1.12563176363672
0.8725 1.12525779496661
0.873 1.12488312564975
0.8735 1.12450776443266
0.874 1.1241310400345
0.8745 1.12375360916764
0.875 1.12337548658901
0.8755 1.12299600654249
0.876 1.12261581454105
0.8765 1.12223493101396
0.877 1.121852695398
0.8775 1.12146974267234
0.878 1.12108609860489
0.8785 1.12070110749762
0.879 1.12031539445317
0.8795 1.11992899024847
0.88 1.11954124372727
0.8805 1.1191527707645
0.881 1.11876360682077
0.8815 1.11837310496227
0.882 1.11798187247676
0.8825 1.11758994918735
0.883 1.11719669206743
0.8835 1.11680270044994
0.884 1.11640801820339
0.8845 1.11601200589719
0.885 1.11561525553367
0.8855 1.11521781471374
0.886 1.11481904729565
0.8865 1.11441953856734
0.887 1.11401933955308
0.8875 1.11361781709677
0.888 1.11321555038017
0.8885 1.11281259354595
0.889 1.11240831612438
0.8895 1.11200329179136
0.89 1.11159757750691
0.8905 1.1111905451923
0.891 1.11078276361013
0.8915 1.11037429224062
0.892 1.10996450510447
0.8925 1.10955396663586
0.893 1.10914273854189
0.8935 1.10873019665503
0.894 1.10831690165815
0.8945 1.10790291719586
0.895 1.10748762062838
0.8955 1.10707156945696
0.896 1.10665482897802
0.8965 1.10623677779934
0.897 1.10581797080267
0.8975 1.10539847465433
0.898 1.10497766893317
0.8985 1.10455610645616
0.899 1.10413385498134
0.8995 1.10371029478574
0.9 1.10328597716897
0.9005 1.10286097070626
0.901 1.10243465610358
0.9015 1.10200758368331
0.902 1.10157982256703
0.9025 1.10115075362396
0.903 1.10072092673223
0.9035 1.10029041129245
0.904 1.09985858807502
0.9045 1.09942600703965
0.905 1.09899273760227
0.9055 1.09855816017584
0.906 1.09812282532048
0.9065 1.09768680220725
0.907 1.09724947063653
0.9075 1.09681138228071
0.908 1.09637260580929
0.9085 1.09593252015833
0.909 1.0954916786175
0.9095 1.09505014910146
0.91 1.09460730943369
0.9105 1.09416371501926
0.911 1.09371943276817
0.9115 1.09327383914635
0.912 1.09282749216574
0.9125 1.09238045748518
0.913 1.09193210997147
0.9135 1.09148301072812
0.914 1.09103322391975
0.9145 1.09058212257565
0.915 1.09013027136912
0.9155 1.08967773273069
0.916 1.08922387761709
0.9165 1.08876927474303
0.917 1.08831398456844
0.9175 1.08785737574562
0.918 1.08740002149587
0.9185 1.08694198007518
0.919 1.08648261760282
0.9195 1.0860225122654
0.92 1.08556171988493
0.9205 1.08509960382207
0.921 1.08463674768127
0.9215 1.08417320462358
0.922 1.08370833502868
0.9225 1.08324272836505
0.923 1.08277643490902
0.9235 1.08230881183994
0.924 1.08184045493038
0.9245 1.0813714113512
0.925 1.08090103486522
0.9255 1.08042992798295
0.926 1.07995813455222
0.9265 1.07948500470601
0.927 1.07901114812071
0.9275 1.07853660510642
0.928 1.0780607219561
0.9285 1.07758411593383
0.929 1.07710682360045
0.9295 1.07662818720154
0.93 1.07614883200487
0.9305 1.07566879061336
0.931 1.07518740102082
0.9315 1.07470529690882
0.932 1.07422250671666
0.9325 1.07373836398488
0.933 1.07325351121318
0.9335 1.07276797247442
0.934 1.07228107665723
0.9345 1.07179347547805
0.935 1.07130518844336
0.9355 1.07081553959404
0.936 1.0703251902562
0.9365 1.06983415517287
0.937 1.06934175334415
0.9375 1.06884865609316
0.938 1.06835487320518
0.9385 1.06785971844923
0.939 1.06736387352728
0.9395 1.06686734232712
0.94 1.0663694354438
0.9405 1.06587084308983
0.941 1.0653715590397
0.9415 1.06487090485535
0.942 1.06436956530505
0.9425 1.06386752845579
0.943 1.06336412720437
0.9435 1.06286004069024
0.944 1.06235525109216
0.9445 1.06184910300446
0.945 1.06134226975584
0.9455 1.06083472745872
0.946 1.06032583276238
0.9465 1.05981625300548
0.947 1.05930595805859
0.9475 1.05879431697814
0.948 1.0582819909361
0.9485 1.05776894338819
0.949 1.0572545561451
0.9495 1.05673948403797
0.95 1.05622368393728
0.9505 1.05570655074996
0.951 1.0551887327948
0.9515 1.05467018018905
0.952 1.05415030127293
0.9525 1.05362973768378
0.953 1.05310843262022
0.9535 1.05258580818774
0.954 1.05206249917569
0.9545 1.05153844170105
0.955 1.05101307196172
0.9555 1.05048701773495
0.956 1.04996020789547
0.9565 1.04943209305588
0.957 1.04890329381967
0.9575 1.04837373166111
0.958 1.047842871925
0.9585 1.04731132788178
0.959 1.04677901344941
0.9595 1.04624540901766
0.96 1.04571112036701
0.9605 1.04517605370564
0.961 1.04463970477633
0.9615 1.04410267171506
0.962 1.04356485286899
0.9625 1.04302575963742
0.963 1.04248598235958
0.9635 1.04194541137267
0.964 1.04140357403139
0.9645 1.04086105272829
0.965 1.04031772964393
0.9655 1.03977314838278
0.966 1.03922788324302
0.9665 1.03868180810413
0.967 1.03813448311028
0.9675 1.0375864743198
0.968 1.03703764716885
0.9685 1.03648757862679
0.969 1.03593682636891
0.9695 1.03538524724791
0.97 1.03483243533954
0.9705 1.03427893979495
0.971 1.03372460874546
0.9715 1.03316905365007
0.972 1.03261281499688
0.9725 1.03205573206004
0.973 1.03149743395435
0.9735 1.03093845236815
0.974 1.03037861758462
0.9745 1.02981757664285
0.975 1.02925585229668
0.9755 1.02869326570672
0.976 1.02812948210055
0.9765 1.02756501516499
0.977 1.0269996768084
0.9775 1.02643315070707
0.978 1.02586594135022
0.9785 1.02529785126639
0.979 1.02472858283668
0.9795 1.02415863122422
0.98 1.02358778945211
0.9805 1.02301577885839
0.981 1.02244308515359
0.9815 1.02186949173173
0.982 1.02129473913598
0.9825 1.02071930349975
0.983 1.02014295846628
0.9835 1.01956546402811
0.984 1.01898728661901
0.9845 1.01840819001163
0.985 1.01782795388835
0.9855 1.01724703486261
0.986 1.01666518671863
0.9865 1.01608220906523
0.987 1.0154985485768
0.9875 1.01491394893311
0.988 1.0143282299023
0.9885 1.01374182810288
0.989 1.01315447699599
0.9895 1.01256601673823
0.99 1.01197687377727
0.9905 1.01138677124327
0.991 1.01079556990682
0.9915 1.01020368593156
0.992 1.00961083200616
0.9925 1.00901688973707
0.993 1.00842226489258
0.9935 1.00782665961111
0.994 1.00722997655326
0.9945 1.00663261098244
0.995 1.00603425437982
0.9955 1.00543483067496
0.996 1.0048347245186
0.9965 1.00423361662939
0.997 1.00363145241715
0.9975 1.00302860581391
0.998 1.00242474667228
0.9985 1.0018198420902
0.999 1.00121425517669
0.9995 1.00060764481644
1 1
