"EPS" "MSE"
5e-04 0.00616268732980666
0.001 0.0112258527159061
0.0015 0.0160020959389113
0.002 0.0205315439769251
0.0025 0.0248773202312527
0.003 0.0290768798802282
0.0035 0.0331550583373883
0.004 0.03712954114892
0.0045 0.041013541677294
0.005 0.0448173452513252
0.0055 0.0485491446774739
0.006 0.0522156419262724
0.0065 0.0558224058516253
0.007 0.0593741602556384
0.0075 0.0628748974690258
0.008 0.0663281324852156
0.0085 0.0697369079899716
0.009 0.073103909868157
0.0095 0.0764315322309379
0.01 0.0797218622173417
0.0105 0.0829768551689099
0.011 0.0861982275158418
0.0115 0.089387553420376
0.012 0.092546234629263
0.0125 0.0956756238252497
0.013 0.0987769234844115
0.0135 0.101851220131598
0.014 0.104899522766022
0.0145 0.107922834317381
0.015 0.110922004986967
0.0155 0.113897897293432
0.016 0.116851209895703
0.0165 0.119782749452935
0.017 0.122693148950086
0.0175 0.125583047901594
0.018 0.128453092411606
0.0185 0.131303752411079
0.019 0.13413564569926
0.0195 0.136949259561201
0.02 0.139745085460723
0.0205 0.142523534222088
0.021 0.145285093691529
0.0215 0.148030118130943
0.022 0.150759049625441
0.0225 0.153472247881436
0.023 0.156170075085391
0.0235 0.158852891024751
0.024 0.161520926681565
0.0245 0.164174646323085
0.025 0.166814190274522
0.0255 0.169439959207982
0.026 0.172052204251988
0.0265 0.174651177864445
0.027 0.177237133835899
0.0275 0.179810327292587
0.028 0.182371014699285
0.0285 0.184919364227998
0.029 0.187455634892857
0.0295 0.189980049852125
0.03 0.192492798345828
0.0305 0.194994045733432
0.031 0.197484044933742
0.0315 0.199962960489082
0.032 0.202430957560022
0.0325 0.204888201925402
0.033 0.207334859982262
0.0335 0.209771098745686
0.034 0.212197085848559
0.0345 0.214612989541237
0.035 0.217018978691122
0.0355 0.219415064354912
0.036 0.221801537810869
0.0365 0.22417846324979
0.037 0.226545989385404
0.0375 0.228904224779363
0.038 0.231253375442834
0.0385 0.23359339368228
0.039 0.235924546091636
0.0395 0.238246929905177
0.04 0.24056064258308
0.0405 0.2428657214706
0.041 0.245162341130068
0.0415 0.247450604547166
0.042 0.249730610142294
0.0425 0.252002456558177
0.043 0.254266242659095
0.0435 0.256522067530069
0.044 0.258769952366994
0.0445 0.261010047471771
0.045 0.263242458314806
0.0455 0.265467284793462
0.046 0.267684548288678
0.0465 0.269894318993749
0.047 0.272096784489056
0.0475 0.274291902332267
0.048 0.276479811094427
0.0485 0.278660605353049
0.049 0.280834278445433
0.0495 0.283001000414218
0.05 0.285160759952581
0.0505 0.287313661667578
0.051 0.289459830808248
0.0515 0.291599165037344
0.052 0.293731908253369
0.0525 0.295858088197998
0.053 0.297977628706315
0.0535 0.300090738312728
0.054 0.302197465889046
0.0545 0.30429786035562
0.055 0.306391878806172
0.0555 0.308479660501173
0.056 0.310561270101891
0.0565 0.312636756739149
0.057 0.314706169590107
0.0575 0.316769557877823
0.058 0.318826970870814
0.0585 0.320878457882606
0.059 0.322924068271287
0.0595 0.324963851439043
0.06 0.326997856831699
0.0605 0.329026133938246
0.061 0.331048732290369
0.0615 0.333065701461965
0.062 0.335077091068656
0.0625 0.3370829507673
0.063 0.339083230961327
0.0635 0.341078047632325
0.064 0.343067469330731
0.0645 0.345051545855143
0.065 0.347030315722246
0.0655 0.349003665898097
0.066 0.350971806185105
0.0665 0.352934786516508
0.067 0.354892535306984
0.0675 0.356845106690241
0.068 0.358792653733202
0.0685 0.360735073891748
0.069 0.362672444283595
0.0695 0.364604926174028
0.07 0.366532279405746
0.0705 0.36845481726787
0.071 0.370372410154634
0.0715 0.372285150941581
0.072 0.374193087739989
0.0725 0.37609617850877
0.073 0.377994563518102
0.0735 0.379888151424707
0.074 0.381777088983501
0.0745 0.38366132127794
0.075 0.385540915760533
0.0755 0.387415939781799
0.076 0.389286295594812
0.0765 0.391152230755347
0.077 0.393013480344568
0.0775 0.394870324517149
0.078 0.396722721971875
0.0785 0.398570579619851
0.079 0.400414120992629
0.0795 0.402253248140478
0.08 0.404087950720116
0.0805 0.405918398150065
0.081 0.407744550523652
0.0815 0.409566306903401
0.082 0.41138386924921
0.0825 0.413197255430139
0.083 0.415006361522539
0.0835 0.416811247629744
0.084 0.418612018666369
0.0845 0.42040869249105
0.085 0.422201246659462
0.0855 0.423989611349309
0.086 0.425773939892726
0.0865 0.427554250135785
0.087 0.429330559920899
0.0875 0.431102887086715
0.088 0.432871173475341
0.0885 0.434635468750584
0.089 0.436395842413237
0.0895 0.438152312286212
0.09 0.439904896188049
0.0905 0.4416536119328
0.091 0.443398477329916
0.0915 0.445139510184137
0.092 0.446876728295374
0.0925 0.448610149458596
0.093 0.450339745268842
0.0935 0.452065583979216
0.094 0.453787686613554
0.0945 0.455506070945812
0.095 0.457220754744374
0.0955 0.458931755771942
0.096 0.460639091785411
0.0965 0.462342780535759
0.097 0.464042839767926
0.0975 0.465739287220699
0.098 0.467432140626591
0.0985 0.469121417711725
0.099 0.470807136195715
0.0995 0.472489313791546
0.1 0.474167917267595
0.1005 0.475843002899714
0.101 0.477514593230243
0.1015 0.479182705945335
0.102 0.480847358723969
0.1025 0.482508569237831
0.103 0.484166355151198
0.1035 0.485820734120808
0.104 0.487471723795747
0.1045 0.48911934181732
0.105 0.490763551158701
0.1055 0.492404343494597
0.106 0.4940418095537
0.1065 0.4956759669464
0.107 0.497306833274754
0.1075 0.498934426132361
0.108 0.500558763104241
0.1085 0.502179690397936
0.109 0.50379738368225
0.1095 0.505411866295346
0.11 0.507023155788481
0.1105 0.508631269703767
0.111 0.510236058061028
0.1115 0.511837654453566
0.112 0.513436120360595
0.1125 0.515031473288465
0.113 0.516623655604993
0.1135 0.518212589300599
0.114 0.519798455008328
0.1145 0.521381270197201
0.115 0.522960973613928
0.1155 0.524537467616437
0.116 0.526110955986342
0.1165 0.527681456153759
0.117 0.529248807424707
0.1175 0.530813084198593
0.118 0.532374417547219
0.1185 0.53393277016109
0.119 0.535487950342164
0.1195 0.53704023179287
0.12 0.538589631872138
0.1205 0.540135849322993
0.121 0.541679193569639
0.1215 0.543219701023819
0.122 0.544757075431587
0.1225 0.546291596935801
0.123 0.547823326139228
0.1235 0.549351922329844
0.124 0.550877735315786
0.1245 0.552400743773171
0.125 0.553920683037826
0.1255 0.555437901486944
0.126 0.556952235711354
0.1265 0.558463649920529
0.127 0.5599723875663
0.1275 0.561478111945874
0.128 0.562981114674613
0.1285 0.564481353701114
0.129 0.565978663748192
0.1295 0.567473368315123
0.13 0.568965100756356
0.1305 0.570454181700131
0.131 0.571940491561866
0.1315 0.573423990949887
0.132 0.574904901919859
0.1325 0.576382861753651
0.133 0.577858313714489
0.1335 0.5793308596913
0.134 0.580800840776784
0.1345 0.582268050232264
0.135 0.583732602269144
0.1355 0.585194498734464
0.136 0.586653663481054
0.1365 0.58811027044325
0.137 0.589564089588726
0.1375 0.591015430490338
0.138 0.592463945654039
0.1385 0.593910043892753
0.139 0.595353296623483
0.1395 0.596794175551764
0.14 0.598232207327091
0.1405 0.599667890251827
0.141 0.601100742477386
0.1415 0.602531252659525
0.142 0.603958966668319
0.1425 0.605384327322509
0.143 0.606806944374215
0.1435 0.608227178668446
0.144 0.609644739948713
0.1445 0.611059871003958
0.145 0.612472417623714
0.1455 0.613882468513566
0.146 0.615290041508322
0.1465 0.616695035258646
0.147 0.618097675587798
0.1475 0.619497635176364
0.148 0.620895349372326
0.1485 0.622290332078636
0.149 0.623683043229806
0.1495 0.625073189651075
0.15 0.626460920619427
0.1505 0.627846271451939
0.151 0.629229045050175
0.1515 0.630609600658785
0.152 0.63198747990228
0.1525 0.633363109028466
0.153 0.634736288426183
0.1535 0.636107013764081
0.154 0.63747553374149
0.1545 0.63884137793478
0.155 0.640205031327376
0.1555 0.641566264477486
0.156 0.64292506737863
0.1565 0.644281690401566
0.157 0.645635711127929
0.1575 0.64698751421552
0.158 0.648337025193018
0.1585 0.649684030796516
0.159 0.651028875414851
0.1595 0.652371302574534
0.16 0.653711380095257
0.1605 0.655049307453219
0.161 0.656384724592573
0.1615 0.657717915140072
0.162 0.659048966310025
0.1625 0.660377446999925
0.163 0.661703791546407
0.1635 0.663027964941947
0.164 0.664349625045648
0.1645 0.665669164424877
0.165 0.666986528522301
0.1655 0.668301413470713
0.166 0.669614188376921
0.1665 0.670924816118734
0.167 0.672232966503686
0.1675 0.673539017490484
0.168 0.674842971863212
0.1685 0.676144437856419
0.169 0.677443805335717
0.1695 0.678741086796099
0.17 0.680035980719773
0.1705 0.681328704960706
0.171 0.68261935373905
0.1715 0.683907747759356
0.172 0.685193868887217
0.1725 0.686477925069724
0.173 0.687759891111291
0.1735 0.689039449106473
0.174 0.690316952634176
0.1745 0.691592404433608
0.175 0.69286559707495
0.1755 0.694136587742663
0.176 0.695405537109668
0.1765 0.696672447901616
0.177 0.697936981165476
0.1775 0.699199467707655
0.178 0.70045992605162
0.1785 0.701718283128798
0.179 0.702974346305194
0.1795 0.704228391619943
0.18 0.705480421774187
0.1805 0.706730322430657
0.181 0.707977993985118
0.1815 0.709223660664198
0.182 0.710467325155195
0.1825 0.71170888197133
0.183 0.712948224252464
0.1835 0.714185574578797
0.184 0.71542093562369
0.1845 0.716654260652663
0.185 0.717885335698268
0.1855 0.719114431643481
0.186 0.720341551147625
0.1865 0.721566696867057
0.187 0.72278962544515
0.1875 0.724010528667134
0.188 0.725229468221667
0.1885 0.726446446750952
0.189 0.72766138913519
0.1895 0.728874160975697
0.19 0.730084981855136
0.1905 0.731293854401463
0.191 0.732500781239627
0.1915 0.733705622400208
0.192 0.734908385560078
0.1925 0.736109213011174
0.193 0.737308107364085
0.1935 0.738505071226368
0.194 0.739699971339479
0.1945 0.740892814261268
0.195 0.742083736626495
0.1955 0.743272741028247
0.196 0.74445983005656
0.1965 0.745644948309911
0.197 0.746827958860457
0.1975 0.74800906390578
0.198 0.749188266021337
0.1985 0.75036556777951
0.199 0.751540971749602
0.1995 0.752714327828522
0.2 0.753885702738699
0.2005 0.755055189651043
0.201 0.756222791120156
0.2015 0.757388509697542
0.202 0.758552347931601
0.2025 0.759714157671929
0.203 0.760874015877458
0.2035 0.762032003451252
0.204 0.763188122926888
0.2045 0.764342376834824
0.205 0.765494767702388
0.2055 0.766645245285663
0.206 0.767793704766035
0.2065 0.768940310838297
0.207 0.770085066014841
0.2075 0.771227972804912
0.208 0.772369033714604
0.2085 0.773508251246861
0.209 0.774645569421675
0.2095 0.775780910863856
0.21 0.776914418468978
0.2105 0.778046094724915
0.211 0.779175942116367
0.2115 0.78030396312486
0.212 0.781430160228742
0.2125 0.782554535903181
0.213 0.783676971829527
0.2135 0.784797533159303
0.214 0.785916282495281
0.2145 0.787033222297417
0.215 0.788148355022467
0.2155 0.789261683123982
0.216 0.79037320905231
0.2165 0.79148293525459
0.217 0.792590837823817
0.2175 0.793696810751397
0.218 0.794800993282832
0.2185 0.795903387849912
0.219 0.797003996881201
0.2195 0.798102822802032
0.22 0.799199868034509
0.2205 0.800295134997498
0.221 0.80138862610663
0.2215 0.802480343774295
0.222 0.803570228432606
0.2225 0.804658266819419
0.223 0.805744540963454
0.2235 0.80682905326159
0.224 0.807911806107452
0.2245 0.808992801891402
0.225 0.810072043000542
0.2255 0.811149531818708
0.226 0.812225270726467
0.2265 0.813299262101116
0.227 0.814371508316677
0.2275 0.8154420117439
0.228 0.81651067310971
0.2285 0.81757758358322
0.229 0.818642760309701
0.2295 0.819706205644214
0.23 0.820767921938529
0.2305 0.821827911541122
0.231 0.822886176797171
0.2315 0.823942720048557
0.232 0.824997543633858
0.2325 0.826050649888348
0.233 0.827102041143996
0.2335 0.828151719729459
0.234 0.829199687970086
0.2345 0.83024594818791
0.235 0.83129050270165
0.2355 0.832333268144117
0.236 0.833374334190157
0.2365 0.834413703376593
0.237 0.835451378006256
0.2375 0.836487360378646
0.238 0.83752165278993
0.2385 0.83855425753294
0.239 0.839585176897174
0.2395 0.840614413168786
0.24 0.841641968630592
0.2405 0.842667845562064
0.241 0.843692046239325
0.2415 0.844714572935155
0.242 0.84573542791898
0.2425 0.846754613456875
0.243 0.847772131811561
0.2435 0.848787985242401
0.244 0.849802176005402
0.2445 0.850814706353208
0.245 0.851825578535102
0.2455 0.852834794797001
0.246 0.853842357381456
0.2465 0.854848268527651
0.247 0.855852530471395
0.2475 0.856855131599602
0.248 0.857856064370825
0.2485 0.858855356470037
0.249 0.859853010116886
0.2495 0.86084902752764
0.25 0.861843410915183
0.2505 0.862836162489012
0.251 0.863827284455236
0.2515 0.864816779016575
0.252 0.865804648372355
0.2525 0.866790894718512
0.253 0.867775520247584
0.2535 0.868758527148714
0.254 0.869739917607645
0.2545 0.870719693806721
0.255 0.871697857924884
0.2555 0.872674412137669
0.256 0.873649358617211
0.2565 0.874622699532235
0.257 0.875594437048056
0.2575 0.876564573326582
0.258 0.877533110526307
0.2585 0.878500050802312
0.259 0.879465396306264
0.2595 0.880429149186412
0.26 0.881391311587589
0.2605 0.882351885651207
0.261 0.883310873515257
0.2615 0.884268277314308
0.262 0.885224099179505
0.2625 0.886178341238569
0.263 0.887131005615791
0.2635 0.888082094432037
0.264 0.889031609804743
0.2645 0.889979553847911
0.265 0.890925928672116
0.2655 0.891870736384494
0.266 0.89281397908875
0.2665 0.893755658885152
0.267 0.894695777870529
0.2675 0.895634338138273
0.268 0.896571341778336
0.2685 0.897506790877227
0.269 0.898440680840569
0.2695 0.899372987731939
0.27 0.900303744593939
0.2705 0.901232953502044
0.271 0.902160616528283
0.2715 0.903086735741239
0.272 0.904011313206047
0.2725 0.904934350984393
0.273 0.905855851134513
0.2735 0.906775815711193
0.274 0.907694246765766
0.2745 0.908611146346113
0.275 0.909526516496661
0.2755 0.910440359258379
0.276 0.911352676668784
0.2765 0.912263470761934
0.277 0.91317274356843
0.2775 0.914080497115413
0.278 0.914986733426564
0.2785 0.915891454522106
0.279 0.916794662418799
0.2795 0.917696359129939
0.28 0.918596546665361
0.2805 0.919495227031436
0.281 0.92039240223107
0.2815 0.921288074263702
0.282 0.922182245125306
0.2825 0.923074913238667
0.283 0.923966004021298
0.2835 0.92485559794538
0.284 0.92574369699579
0.2845 0.926630303153939
0.285 0.927515418397766
0.2855 0.92839904470174
0.286 0.929281184036861
0.2865 0.930161838370657
0.287 0.931041009667185
0.2875 0.931918699887028
0.288 0.932794910987297
0.2885 0.93366964492163
0.289 0.93454290364019
0.2895 0.935414689089666
0.29 0.936285003213272
0.2905 0.937153847950747
0.291 0.938021225238353
0.2915 0.93888706258094
0.292 0.939751398982983
0.2925 0.940614272116476
0.293 0.941475683906567
0.2935 0.942335636274926
0.294 0.943194131139749
0.2945 0.944051170415751
0.295 0.94490675601417
0.2955 0.945760889842765
0.296 0.946613573805819
0.2965 0.947464809804133
0.297 0.94831459973503
0.2975 0.949162945492355
0.298 0.950009848966471
0.2985 0.950855231222895
0.299 0.951699123028887
0.2995 0.95254157663233
0.3 0.953382593912471
0.3005 0.954222176745076
0.301 0.955060327002435
0.3015 0.955897046553355
0.302 0.956732337263164
0.3025 0.957566200993709
0.303 0.95839863960336
0.3035 0.959229654947004
0.304 0.960059248876048
0.3045 0.960887364101442
0.305 0.961713970568923
0.3055 0.962539159617131
0.306 0.963362933086361
0.3065 0.964185292813431
0.307 0.965006240631678
0.3075 0.965825778370962
0.308 0.966643907857661
0.3085 0.967460630914677
0.309 0.968275949361431
0.3095 0.969089865013865
0.31 0.969902314842721
0.3105 0.970713264617788
0.311 0.971522815516254
0.3115 0.972330969342962
0.312 0.973137727899278
0.3125 0.973943092983092
0.313 0.974747066388817
0.3135 0.975549649907389
0.314 0.976350845326269
0.3145 0.977150654429442
0.315 0.97794903080844
0.3155 0.978745893123397
0.316 0.979541372970492
0.3165 0.980335472122627
0.317 0.981128192349228
0.3175 0.981919535416249
0.318 0.982709503086173
0.3185 0.983498097118009
0.319 0.984285319267295
0.3195 0.985071171286099
0.32 0.98585549778338
0.3205 0.986638421756278
0.321 0.987419979376799
0.3215 0.988200172385948
0.322 0.988979002521258
0.3225 0.989756471516797
0.323 0.990532581103165
0.3235 0.991307333007494
0.324 0.992080728953454
0.3245 0.992852586064725
0.325 0.993623070365283
0.3255 0.994392202423579
0.326 0.995159983952239
0.3265 0.995926416660427
0.327 0.996691502253844
0.3275 0.997455242434731
0.328 0.998217638901869
0.3285 0.998978600002314
0.329 0.999738098984351
0.3295 1.00049625791446
0.33 1.00125307848041
0.3305 1.00200856236649
0.331 1.00276271125356
0.3315 1.00351552681902
0.332 1.00426701073681
0.3325 1.00501708931536
0.333 1.00576568969823
0.3335 1.0065129620411
0.334 1.00725890800691
0.3345 1.00800352925516
0.335 1.0087468274419
0.3355 1.00948880421974
0.336 1.01022946123784
0.3365 1.01096867056277
0.337 1.01170645778665
0.3375 1.01244292880444
0.338 1.01317808525434
0.3385 1.0139119287711
0.339 1.01464446098602
0.3395 1.01537568352699
0.34 1.01610558674316
0.3405 1.01683395113893
0.341 1.01756100936805
0.3415 1.01828676304745
0.342 1.01901121379064
0.3425 1.01973436320768
0.343 1.02045621290521
0.3435 1.02117676448644
0.344 1.02189582251007
0.3445 1.02261352929896
0.345 1.02332994142515
0.3455 1.02404506048095
0.346 1.02475888805523
0.3465 1.02547142573345
0.347 1.02618267509765
0.3475 1.02689244731582
0.348 1.02760086320421
0.3485 1.02830799418612
0.349 1.0290138418327
0.3495 1.0297184077117
0.35 1.03042169338746
0.3505 1.0311237004209
0.351 1.03182419598996
0.3515 1.03252338071117
0.352 1.03322129015169
0.3525 1.03391792586158
0.353 1.03461328938752
0.3535 1.03530738227279
0.354 1.03600015419854
0.3545 1.03669143399941
0.355 1.03738144648286
0.3555 1.03807019318135
0.356 1.03875767562396
0.3565 1.03944389533636
0.357 1.04012885384081
0.3575 1.04081236555634
0.358 1.04149452186043
0.3585 1.0421754202342
0.359 1.04285506218917
0.3595 1.04353344923344
0.36 1.04421058287177
0.3605 1.04488638445698
0.361 1.04556072488949
0.3615 1.04623381515556
0.362 1.04690565674921
0.3625 1.04757625116103
0.363 1.04824559987827
0.3635 1.04891369735332
0.364 1.04958026175358
0.3645 1.05024558366081
0.365 1.05090966455154
0.3655 1.05157250589894
0.366 1.05223410917283
0.3665 1.05289447583963
0.367 1.05355333622259
0.3675 1.05421092905315
0.368 1.05486728843302
0.3685 1.05552241581797
0.369 1.05617631266043
0.3695 1.05682898040947
0.37 1.05748014966092
0.3705 1.05813005223191
0.371 1.05877872882818
0.3715 1.05942618088817
0.372 1.06007240984698
0.3725 1.06071741713637
0.373 1.06136090103598
0.3735 1.06200315170104
0.374 1.06264418377783
0.3745 1.06328399868752
0.375 1.06392259784794
0.3755 1.0645599375776
0.376 1.0651957869269
0.3765 1.06583042357791
0.377 1.06646384893791
0.3775 1.06709606441085
0.378 1.06772707139738
0.3785 1.06835673599205
0.379 1.06898500153362
0.3795 1.06961206160244
0.38 1.07023791758865
0.3805 1.07086257087906
0.381 1.07148602285716
0.3815 1.07210801789012
0.382 1.07272873668616
0.3825 1.07334825714645
0.383 1.073966580644
0.3835 1.07458370854856
0.384 1.07519957189595
0.3845 1.07581397319826
0.385 1.07642718185428
0.3855 1.07703919922331
0.386 1.07765002666133
0.3865 1.07825966552109
0.387 1.07886786915551
0.3875 1.07947478949061
0.388 1.0800805241573
0.3885 1.08068507449789
0.389 1.08128844185143
0.3895 1.08189052158581
0.39 1.08249117684585
0.3905 1.0830906519991
0.391 1.08368894837426
0.3915 1.08428606729675
0.392 1.08488201008873
0.3925 1.08547643972594
0.393 1.08606967831826
0.3935 1.08666174362379
0.394 1.08725263695436
0.3945 1.0878423596186
0.395 1.08843067295609
0.3955 1.08901769770443
0.396 1.08960355460078
0.3965 1.09018824494348
0.397 1.09077177002761
0.3975 1.09135397038448
0.398 1.09193480377114
0.3985 1.09251447468436
0.399 1.09309298440899
0.3995 1.09367033422665
0.4 1.09424642488608
0.4005 1.09482108915964
0.401 1.09539459628225
0.4015 1.09596694752533
0.402 1.0965381441571
0.4025 1.09710812836657
0.403 1.09767664554281
0.4035 1.09824401083475
0.404 1.09881022550045
0.4045 1.09937529079476
0.405 1.09993917176628
0.4055 1.10050156362912
0.406 1.10106280881871
0.4065 1.10162290857978
0.407 1.1021818641539
0.4075 1.10273964506419
0.408 1.10329593316667
0.4085 1.10385107975156
0.409 1.10440508605034
0.4095 1.10495795329132
0.41 1.10550963728207
0.4105 1.1060598429473
0.411 1.10660891219547
0.4115 1.10715684624485
0.412 1.10770364631056
0.4125 1.10824923648857
0.413 1.10879338081076
0.4135 1.10933639376151
0.414 1.10987827654594
0.4145 1.11041903036603
0.415 1.11095852980351
0.4155 1.11149663364895
0.416 1.11203361111391
0.4165 1.11256946339042
0.417 1.11310419166736
0.4175 1.11363760340208
0.418 1.1141696874102
0.4185 1.11470064997437
0.419 1.11523049227359
0.4195 1.11575921548373
0.42 1.11628654251928
0.4205 1.11681262710364
0.421 1.11733759512643
0.4215 1.11786144775366
0.422 1.11838418614825
0.4225 1.11890543145422
0.423 1.11942553680364
0.4235 1.11994453041992
0.424 1.12046241345619
0.4245 1.12097909939346
0.425 1.12149435357469
0.4255 1.12200849965424
0.426 1.12252153877545
0.4265 1.12303347207857
0.427 1.12354408140198
0.4275 1.12405339132161
0.428 1.12456159787375
0.4285 1.12506870218894
0.429 1.12557470539464
0.4295 1.12607924098148
0.43 1.12658262621364
0.4305 1.12708491275932
0.431 1.12758610173629
0.4315 1.12808608388897
0.432 1.1285846589537
0.4325 1.12908213885186
0.433 1.12957852469158
0.4335 1.13007381757799
0.434 1.13056773094972
0.4345 1.13106041522633
0.435 1.13155200892439
0.4355 1.13204251313941
0.436 1.13253187675596
0.4365 1.13301977634133
0.437 1.13350658879777
0.4375 1.13399231521123
0.438 1.13447695666465
0.4385 1.13496025635552
0.439 1.13544229837524
0.4395 1.13592325776192
0.44 1.13640313558901
0.4405 1.13688188912885
0.441 1.137359171422
0.4415 1.13783537446207
0.442 1.13831049931303
0.4425 1.13878454703588
0.443 1.1392572414062
0.4435 1.13972869868558
0.444 1.14019908111653
0.4445 1.14066838975061
0.445 1.14113654150016
0.4455 1.14160326351096
0.446 1.14206891398429
0.4465 1.14253349396235
0.447 1.14299700448437
0.4475 1.14345910172258
0.448 1.14392003060739
0.4485 1.14437989226898
0.449 1.14483868773727
0.4495 1.14529624581197
0.45 1.14575246338445
0.4505 1.14620761697636
0.451 1.14666170760835
0.4515 1.14711472797909
0.452 1.14756624442294
0.4525 1.14801670009961
0.453 1.14846609602048
0.4535 1.14891443319405
0.454 1.14936140554051
0.4545 1.1498071733644
0.455 1.15025188460753
0.4555 1.15069554026919
0.456 1.15113797826623
0.4565 1.1515790682083
0.457 1.15201910471565
0.4575 1.15245808877844
0.458 1.152895993842
0.4585 1.15333241578206
0.459 1.15376778740462
0.4595 1.15420210969072
0.46 1.15463538361851
0.4605 1.15506724695099
0.461 1.15549796344918
0.4615 1.15592763369034
0.462 1.15635625864358
0.4625 1.15678359229626
0.463 1.15720966334035
0.4635 1.15763469117832
0.464 1.15805867677025
0.4645 1.15848148211626
0.465 1.15890291728683
0.4655 1.15932331227376
0.466 1.1597426680282
0.4665 1.16016094642796
0.467 1.16057775521628
0.4675 1.16099352681521
0.468 1.16140826216696
0.4685 1.16182196221093
0.469 1.16223420677678
0.4695 1.162645364362
0.47 1.16305548865727
0.4705 1.16346458059313
0.471 1.16387230133811
0.4715 1.16427885419565
0.472 1.16468437669252
0.4725 1.16508886975044
0.473 1.16549206799321
0.4735 1.16589402532125
0.474 1.16629495519009
0.4745 1.16669485851267
0.475 1.1670935355595
0.4755 1.16749090646882
0.476 1.16788725279274
0.4765 1.16828257543546
0.477 1.16867673258034
0.4775 1.16906952609474
0.478 1.16946129787003
0.4785 1.1698520488017
0.479 1.17024168732636
0.4795 1.17062991238315
0.48 1.17101711851972
0.4805 1.17140330662289
0.481 1.17178842779693
0.4815 1.17217209324734
0.482 1.17255474256916
0.4825 1.17293637664062
0.483 1.17331698172154
0.4835 1.17369609633117
0.484 1.17407419757674
0.4845 1.17445128632794
0.485 1.17482736345172
0.4855 1.17520194901052
0.486 1.17557551083332
0.4865 1.17594806289079
0.487 1.17631960604141
0.4875 1.17668967839468
0.488 1.17705870936361
0.4885 1.17742673326948
0.489 1.17779375096232
0.4895 1.17815931132783
0.49 1.17852381992765
0.4905 1.17888732414007
0.491 1.1792498248067
0.4915 1.17961087439042
0.492 1.17997086902226
0.4925 1.18032986191586
0.493 1.18068785390445
0.4935 1.18104439390069
0.494 1.18139988288245
0.4945 1.18175437274879
0.495 1.18210786432464
0.4955 1.18245989591605
0.496 1.18281088748291
0.4965 1.18316088253097
0.497 1.18350988187689
0.4975 1.18385740623461
0.498 1.18420390853945
0.4985 1.18454941689607
0.499 1.18489393211289
0.4995 1.18523695039656
0.5 1.18557897151046
0.5005 1.18592000122081
0.501 1.18626001609373
0.5015 1.18659855368572
0.502 1.1869361015984
0.5025 1.18727266062645
0.503 1.18760817133277
0.5035 1.18794224113096
0.504 1.18827532375126
0.5045 1.18860741998025
0.505 1.18893842764936
0.5055 1.18926803750769
0.506 1.18959666266404
0.5065 1.18992430389694
0.507 1.19025080964704
0.5075 1.19057596733935
0.508 1.19090014278024
0.5085 1.19122333674021
0.509 1.19154534167837
0.5095 1.19186605489888
0.51 1.19218578829332
0.5105 1.19250454262424
0.511 1.19282204784645
0.5115 1.19313832421023
0.512 1.19345362314824
0.5125 1.19376794541511
0.513 1.19408095200638
0.5135 1.19439279904985
0.514 1.19470367104292
0.5145 1.19501356873238
0.515 1.19532207776682
0.5155 1.19562950294816
0.516 1.19593595542976
0.5165 1.19624143595055
0.517 1.1965454484914
0.5175 1.19684845919111
0.518 1.1971504995171
0.5185 1.19745151498093
0.519 1.1977510873003
0.5195 1.19804969082162
0.52 1.19834732627081
0.5205 1.19864384698923
0.521 1.19893901707173
0.5215 1.19923322064115
0.522 1.19952645841571
0.5225 1.19981848542342
0.523 1.20010926044343
0.5235 1.20039907121115
0.524 1.20068791843713
0.5245 1.20097545275824
0.525 1.20126183981422
0.5255 1.20154726485463
0.526 1.20183172858243
0.5265 1.20211477123056
0.527 1.20239677734547
0.5275 1.20267782365765
0.528 1.20295787241508
0.5285 1.20323646284084
0.529 1.20351409496267
0.5295 1.20379076947085
0.53 1.20406632822151
0.5305 1.20434054935468
0.531 1.20461381435689
0.5315 1.20488612391098
0.532 1.20515719364081
0.5325 1.20542705230433
0.533 1.20569595698638
0.5335 1.2059639083624
0.534 1.20623049004712
0.5345 1.20649599299023
0.535 1.20676054407805
0.5355 1.20702413426973
0.536 1.2072862385838
0.5365 1.20754739248254
0.537 1.207807596629
0.5375 1.2080667003792
0.538 1.20832446016496
0.5385 1.20858127162266
0.539 1.20883713540806
0.5395 1.20909175366556
0.54 1.20934517547701
0.5405 1.20959765102477
0.541 1.20984918095736
0.5415 1.21009931466093
0.542 1.2103484049802
0.5425 1.21059655107737
0.543 1.21084369559498
0.5435 1.21108940367232
0.544 1.21133416891011
0.5445 1.2115779919448
0.545 1.21182065345116
0.5455 1.21206204078315
0.546 1.21230248727924
0.5465 1.21254199356879
0.547 1.21278017297644
0.5475 1.21301724585477
0.548 1.21325337987852
0.5485 1.21348857172253
0.549 1.21372227388177
0.5495 1.21395503852804
0.55 1.21418686627888
0.5505 1.21441757752353
0.551 1.21464697565863
0.5515 1.21487543822485
0.552 1.21510296583273
0.5525 1.21532919736482
0.553 1.2155542975806
0.5535 1.21577846414964
0.554 1.21600169767558
0.5545 1.21622345037239
0.555 1.21644425870486
0.5555 1.21666413529098
0.556 1.21688290258031
0.5565 1.21710035545686
0.557 1.21731687787376
0.5575 1.21753247042309
0.558 1.2177467603183
0.5585 1.21795993131511
0.559 1.21817217371638
0.5595 1.2183834791562
0.56 1.2185933014607
0.5605 1.21880219643175
0.561 1.21901016465002
0.5615 1.21921699411094
0.562 1.21942254434842
0.5625 1.21962716908071
0.563 1.21983086888179
0.5635 1.22003322320065
0.564 1.22023450711272
0.5645 1.22043486732678
0.565 1.22063423867799
0.5655 1.22083218441463
0.566 1.22102920767674
0.5665 1.2212253090271
0.567 1.22142020661069
0.5675 1.22161389553514
0.568 1.22180666375711
0.5685 1.2219985118328
0.569 1.22218893646135
0.5695 1.22237837413892
0.57 1.22256689286539
0.5705 1.22275433597094
0.571 1.2229404456676
0.5715 1.22312563759878
0.572 1.22330991230972
0.5725 1.2234928837947
0.573 1.22367475146416
0.5735 1.22385570308508
0.574 1.22403569392848
0.5745 1.22421423984956
0.575 1.22439187088436
0.5755 1.22456858756733
0.576 1.22474410810006
0.5765 1.22491842103255
0.577 1.22509182076173
0.5775 1.22526430781569
0.578 1.22543535881202
0.5785 1.22560544404193
0.579 1.22577461773151
0.5795 1.22594268946279
0.58 1.22610946262809
0.5805 1.22627532537872
0.581 1.22644027823217
0.5815 1.22660388169833
0.582 1.22676643591578
0.5825 1.22692808134825
0.583 1.22708870638893
0.5835 1.22724795445938
0.584 1.22740629484795
0.5845 1.22756372806167
0.585 1.22771988608475
0.5855 1.22787492378708
0.586 1.22802905540438
0.5865 1.22818223582584
0.587 1.22833397318027
0.5875 1.2284848055305
0.588 1.22863473337322
0.5885 1.22878344800121
0.589 1.22893098339456
0.5895 1.22907761534815
0.59 1.22922334435261
0.5905 1.2293675939105
0.591 1.22951093225722
0.5915 1.22965336870955
0.592 1.22979464195184
0.5925 1.22993468895507
0.593 1.23007383510986
0.5935 1.23021208089677
0.594 1.23034889025627
0.5945 1.23048474834935
0.595 1.23061970710767
0.5955 1.23075354093556
0.596 1.23088611318413
0.5965 1.23101778712239
0.597 1.23114856322095
0.5975 1.23127793433079
0.598 1.23140632563902
0.5985 1.23153382011937
0.599 1.23166021646662
0.5995 1.23178532731649
0.6 1.23190954234173
0.6005 1.23203286200312
0.601 1.23215479677476
0.6015 1.23227573448976
0.602 1.23239577783171
0.6025 1.23251473859504
0.603 1.23263240112656
0.6035 1.23274917026739
0.604 1.23286504646863
0.6045 1.23297954677682
0.605 1.23309304381687
0.6055 1.23320564888741
0.606 1.23331717592703
0.6065 1.23342740294879
0.607 1.2335367389628
0.6075 1.23364518441063
0.608 1.23375225209391
0.6085 1.23385832110784
0.609 1.23396350050524
0.6095 1.23406759564535
0.61 1.23417039969805
0.6105 1.23427231507566
0.611 1.23437334221036
0.6115 1.23447297907159
0.612 1.23457163244262
0.6125 1.23466939850024
0.613 1.23476606352955
0.6135 1.23486145688983
0.614 1.23495596385815
0.6145 1.23504958485741
0.615 1.23514179266425
0.6155 1.23523304251381
0.616 1.235323407304
0.6165 1.23541264397624
0.617 1.23550063866052
0.6175 1.23558774918713
0.618 1.23567397596987
0.6185 1.2357587564553
0.619 1.23584261464689
0.6195 1.23592558998474
0.62 1.23600740001916
0.6205 1.23608800778744
0.621 1.23616773358426
0.6215 1.23624657343731
0.622 1.23632393267723
0.6225 1.2364004108202
0.623 1.23647600826739
0.6235 1.23655039334925
0.624 1.23662362570893
0.6245 1.23669597823598
0.625 1.23676739380118
0.6255 1.23683738223165
0.626 1.23690649168498
0.6265 1.23697472255353
0.627 1.23704168433462
0.6275 1.23710755254427
0.628 1.23717254301347
0.6285 1.23723653592934
0.629 1.23729916470914
0.6295 1.23736091658524
0.63 1.23742179194132
0.6305 1.23748133204042
0.631 1.23753984711357
0.6315 1.23759748649247
0.632 1.23765405836475
0.6325 1.23770933840912
0.633 1.23776374357756
0.6335 1.23781727424521
0.634 1.23786939424863
0.6345 1.23792056695748
0.635 1.23797086597303
0.6355 1.23802001837516
0.636 1.23806796035955
0.6365 1.2381150294508
0.637 1.23816121449829
0.6375 1.23820592747772
0.638 1.23824976835687
0.6385 1.23829273749916
0.639 1.23833447197276
0.6395 1.23837508633653
0.64 1.23841482974571
0.6405 1.23845359747252
0.641 1.23849098700221
0.6415 1.23852750635243
0.642 1.23856315587835
0.6425 1.23859747393372
0.643 1.23863077088385
0.6435 1.23866319877439
0.644 1.23869455067842
0.6445 1.2387246268722
0.645 1.23875383476404
0.6455 1.23878217470101
0.646 1.23880907781758
0.6465 1.23883506733238
0.647 1.2388601896397
0.6475 1.23888412718818
0.648 1.23890689993268
0.6485 1.23892880621017
0.649 1.23894977842048
0.6495 1.23896933598663
0.65 1.23898802781933
0.6505 1.23900585425453
0.651 1.2390223788845
0.6515 1.23903785784278
0.652 1.2390524721271
0.6525 1.23906603198537
0.653 1.23907829962504
0.6535 1.2390897033075
0.654 1.23910024336093
0.6545 1.23910935647972
0.655 1.23911755109491
0.6555 1.23912488278797
0.656 1.23913103168978
0.6565 1.23913601875795
0.657 1.23914014360424
0.6575 1.2391433285077
0.658 1.23914510953486
0.6585 1.23914602903375
0.659 1.23914608732183
0.6595 1.23914482663369
0.66 1.23914254227048
0.6605 1.23913939738045
0.661 1.23913517323252
0.6615 1.2391296864785
0.662 1.23912333987514
0.6625 1.23911613373244
0.663 1.23910746479224
0.6635 1.23909791792646
0.664 1.23908751218935
0.6645 1.23907588031663
0.665 1.23906313462559
0.6655 1.23904953072482
0.666 1.23903493612735
0.6665 1.23901899303452
0.667 1.23900219238722
0.6675 1.23898453448517
0.668 1.23896549618628
0.6685 1.23894550019603
0.669 1.23892464759705
0.6695 1.23890264708514
0.67 1.23887945714209
0.6705 1.23885541123007
0.671 1.23883044870676
0.6715 1.23880406618771
0.672 1.23877682833326
0.6725 1.23874873543309
0.673 1.23871933026696
0.6735 1.23868890182746
0.674 1.23865761896679
0.6745 1.23862525228581
0.675 1.23859163460553
0.6755 1.23855716312253
0.676 1.23852183512233
0.6765 1.23848502953254
0.677 1.23844737075241
0.6775 1.23840885906186
0.678 1.23836908944594
0.6785 1.23832824468099
0.679 1.23828654760922
0.6795 1.23824381715579
0.68 1.23819978770555
0.6805 1.23815490654613
0.681 1.23810917395063
0.6815 1.23806200259623
0.682 1.23801393863008
0.6825 1.23796502381685
0.683 1.23791489209626
0.6835 1.23786364659171
0.684 1.23781155082327
0.6845 1.23775845892215
0.685 1.23770403313507
0.6855 1.23764875766146
0.686 1.23759263276506
0.6865 1.23753510093772
0.687 1.23747664699667
0.6875 1.23741734420177
0.688 1.23735685265099
0.6885 1.23729522146796
0.689 1.23723274199435
0.6895 1.23716929090015
0.69 1.23710448368844
0.6905 1.23703882874375
0.691 1.23697232632065
0.6915 1.23690443624542
0.692 1.23683560702526
0.6925 1.2367659308761
0.693 1.23669508170062
0.6935 1.23662307938866
0.694 1.23655023069155
0.6945 1.23647642259035
0.695 1.23640124835842
0.6955 1.23632522827965
0.696 1.23624836259975
0.6965 1.23617011643385
0.697 1.23609092612802
0.6975 1.23601089075138
0.698 1.23592968608936
0.6985 1.23584732669939
0.699 1.23576412276356
0.6995 1.23567995977457
0.7 1.23559443243186
0.7005 1.23550806106286
0.701 1.23542084590457
0.7015 1.23533224573903
0.702 1.23524270805144
0.7025 1.23515232708636
0.703 1.2350607690102
0.7035 1.2349680661073
0.704 1.23487452043341
0.7045 1.23478000461055
0.705 1.23468413758435
0.7055 1.23458742828845
0.706 1.23448987695144
0.7065 1.23439092481269
0.707 1.23429105297044
0.7075 1.23419033958078
0.708 1.23408843009874
0.7085 1.23398539677477
0.709 1.23388152239197
0.7095 1.23377665572546
0.71 1.23367046197342
0.7105 1.23356342764607
0.711 1.23345555296375
0.7115 1.23334625081518
0.712 1.23323605758102
0.7125 1.23312502446801
0.713 1.23301276552577
0.7135 1.23289941441182
0.714 1.23278522389015
0.7145 1.23267000830807
0.715 1.23255350033067
0.7155 1.23243615341174
0.716 1.23231796776364
0.7165 1.23219831750718
0.717 1.23207781519185
0.7175 1.23195647460636
0.718 1.23183386808855
0.7185 1.23171021136723
0.719 1.23158571682989
0.7195 1.23146015419971
0.72 1.23133334405243
0.7205 1.23120569653847
0.721 1.23107717794353
0.7215 1.23094721534004
0.722 1.23081641581442
0.7225 1.23068477956907
0.723 1.23055182730081
0.7235 1.23041787671834
0.724 1.23028308985377
0.7245 1.23014718198388
0.725 1.23001008128926
0.7255 1.22987214474549
0.726 1.22973328141688
0.7265 1.22959303154482
0.727 1.22945194625191
0.7275 1.22931002573306
0.728 1.22916672948144
0.7285 1.22902249635957
0.729 1.22887742843332
0.7295 1.2287311770745
0.73 1.22858379703402
0.7305 1.2284355826062
0.731 1.2282863762785
0.7315 1.22813585022005
0.732 1.22798449018676
0.7325 1.22783229636623
0.733 1.22767865784179
0.7335 1.22752415308953
0.734 1.22736881495601
0.7345 1.22721222180291
0.735 1.22705457320867
0.7355 1.22689609163471
0.736 1.22673654398681
0.7365 1.22657575241809
0.737 1.22641412826681
0.7375 1.22625162625674
0.738 1.22608769257168
0.7385 1.22592292669687
0.739 1.22575732881085
0.7395 1.22559039550342
0.74 1.22542248874961
0.7405 1.22525375037109
0.741 1.22508386302758
0.7415 1.22491281623012
0.742 1.22474093819018
0.7425 1.22456809693889
0.743 1.22439391092398
0.7435 1.22421889404465
0.744 1.22404304647258
0.7445 1.2238657745975
0.745 1.22368761969177
0.7455 1.2235086344652
0.746 1.2233284089978
0.7465 1.22314711686975
0.747 1.22296499478864
0.7475 1.222781815853
0.748 1.22259738729787
0.7485 1.22241212915337
0.749 1.2222259968724
0.7495 1.22203843267667
0.75 1.22185003925116
0.7505 1.22166081675911
0.751 1.22147025468804
0.7515 1.22127872675528
0.752 1.22108637010969
0.7525 1.22089285499547
0.753 1.22069819332061
0.7535 1.22050270328266
0.754 1.22030623524413
0.7545 1.22010844058382
0.755 1.2199098179062
0.7555 1.21971036736813
0.756 1.21950947016351
0.7565 1.21930771559052
0.757 1.21910513349715
0.7575 1.2189012836604
0.758 1.21869639792799
0.7585 1.21849068501143
0.759 1.21828388265744
0.7595 1.2180758664933
0.76 1.21786702347741
0.7605 1.21765726871998
0.761 1.21744612284363
0.7615 1.21723415044413
0.762 1.21702135167042
0.7625 1.21680716851878
0.763 1.2165920674433
0.7635 1.21637614031672
0.764 1.21615900504132
0.7645 1.21594077598947
0.765 1.21572172120593
0.7655 1.21550163391675
0.766 1.21528027758022
0.7665 1.21505809582771
0.767 1.21483505663366
0.7675 1.21461057369625
0.768 1.21438526565494
0.7685 1.21415913265106
0.769 1.21393166580158
0.7695 1.21370323214386
0.77 1.21347397383037
0.7705 1.21324355534366
0.771 1.21301199673422
0.7715 1.21277961377225
0.772 1.21254624375355
0.7725 1.21231156084945
0.773 1.21207605389252
0.7735 1.21183972301841
0.774 1.21160192589676
0.7745 1.21136329559088
0.775 1.21112384166241
0.7755 1.21088309326733
0.776 1.21064134025103
0.7765 1.21039876390329
0.777 1.21015506433643
0.7775 1.20991018924086
0.778 1.20966449110157
0.7785 1.20941784046358
0.779 1.20916984391255
0.7795 1.20892102460212
0.78 1.20867138266086
0.7805 1.20842030560272
0.781 1.20816836573436
0.7815 1.20791560351459
0.782 1.2076615756326
0.7825 1.20740651581233
0.783 1.20715063391677
0.7835 1.20689365530813
0.784 1.20663547613489
0.7845 1.20637647515918
0.785 1.20611654592013
0.7855 1.20585524798582
0.786 1.20559312851862
0.7865 1.20533018764033
0.787 1.20506583263398
0.7875 1.204800595257
0.788 1.2045345367338
0.7885 1.20426723133343
0.789 1.20399887662152
0.7895 1.20372970102507
0.79 1.20345944532358
0.7905 1.20318797384477
0.791 1.20291568173997
0.7915 1.20264247582933
0.792 1.20236788814491
0.7925 1.20209248008993
0.793 1.20181625177968
0.7935 1.20153862072576
0.794 1.20126009727212
0.7945 1.20098075381414
0.795 1.20070017277698
0.7955 1.20041853446961
0.796 1.20013607640577
0.7965 1.19985254547414
0.797 1.19956779285145
0.7975 1.19928222071715
0.798 1.19899573997893
0.7985 1.19870787357285
0.799 1.19841918789704
0.7995 1.19812968306057
0.8 1.19783877777528
0.8005 1.19754697908054
0.801 1.1972543614627
0.8015 1.19696050658663
0.802 1.19666559538923
0.8025 1.19636986550337
0.803 1.1960730611213
0.8035 1.19577503793125
0.804 1.19547619628449
0.8045 1.19517644248036
0.805 1.19487530780148
0.8055 1.19457335489479
0.806 1.1942705838634
0.8065 1.19396640608164
0.807 1.19366134240988
0.8075 1.19335546083817
0.808 1.19304833384043
0.8085 1.19274015989241
0.809 1.19243116826641
0.8095 1.19212109213364
0.81 1.19180980839218
0.8105 1.19149770719195
0.811 1.19118468200428
0.8115 1.19087028894628
0.812 1.19055507864599
0.8125 1.1902390512008
0.813 1.18992160257921
0.8135 1.18960328364717
0.814 1.18928414778275
0.8145 1.18896375030298
0.815 1.18864232320173
0.8155 1.18832007937795
0.816 1.18799673311727
0.8165 1.18767219830361
0.817 1.18734684697463
0.8175 1.18702055200952
0.818 1.18669290993459
0.8185 1.18636445154893
0.819 1.18603517694449
0.8195 1.18570445906438
0.82 1.18537289406496
0.8205 1.18504051304758
0.821 1.18470684665076
0.8215 1.18437217547498
0.822 1.18403668847951
0.8225 1.1837000736397
0.823 1.18336229671949
0.8235 1.18302370417531
0.824 1.18268414096547
0.8245 1.18234325872732
0.825 1.18200156105844
0.8255 1.18165904804557
0.826 1.18131506241581
0.8265 1.18097026004087
0.827 1.18062464251157
0.8275 1.18027770869085
0.828 1.17992980202323
0.8285 1.17958108038844
0.829 1.17923119844708
0.8295 1.17888018789491
0.83 1.17852836256033
0.8305 1.17817553256791
0.831 1.17782141853414
0.8315 1.17746648990035
0.832 1.1771107119257
0.8325 1.17675349480816
0.833 1.17639546327062
0.8335 1.17603661739378
0.834 1.17567641757331
0.8345 1.17531528352242
0.835 1.17495333530885
0.8355 1.17459018767512
0.836 1.1742259514963
0.8365 1.17386090132911
0.837 1.17349480594843
0.8375 1.17312746802215
0.838 1.17275931627952
0.8385 1.17239027321754
0.839 1.17201983391936
0.8395 1.17164858097461
0.84 1.17127651445931
0.8405 1.1709030499969
0.841 1.17052869621852
0.8415 1.17015352903611
0.842 1.16977711705343
0.8425 1.16939966280514
0.843 1.16902139531715
0.8435 1.16864203587741
0.844 1.16826148151821
0.8445 1.16788011408147
0.845 1.16749780724722
0.8455 1.16711415313144
0.846 1.16672968609812
0.8465 1.16634440621881
0.847 1.16595767840858
0.8475 1.16557011212627
0.848 1.16518173315487
0.8485 1.16479205810356
0.849 1.16440139291528
0.8495 1.16400991519273
0.85 1.16361729296056
0.8505 1.16322352920485
0.851 1.1628289530676
0.8515 1.16243338371414
0.852 1.16203652172508
0.8525 1.16163884750516
0.853 1.16124033108935
0.8535 1.1608403711966
0.854 1.16043959922166
0.8545 1.1600380152309
0.855 1.15963507833066
0.8555 1.159231208924
0.856 1.15882652764726
0.8565 1.15842064382923
0.857 1.15801367730987
0.8575 1.15760589906419
0.858 1.1571970683851
0.8585 1.1567870050678
0.859 1.15637613016601
0.8595 1.15596435268198
0.86 1.15555119287732
0.8605 1.15513722162806
0.861 1.15472243899656
0.8615 1.15430624140898
0.862 1.15388917411676
0.8625 1.15347129557942
0.863 1.15305215132451
0.8635 1.15263198828977
0.864 1.15221101414513
0.8645 1.1517889232769
0.865 1.15136566479601
0.8655 1.15094159533861
0.866 1.15051655791047
0.8665 1.15009020427583
0.867 1.14966303979621
0.8675 1.149235055861
0.868 1.14880560736105
0.8685 1.14837534814584
0.869 1.1479442782731
0.8695 1.14751187467505
0.87 1.14707852100698
0.8705 1.1466443568085
0.871 1.14620900683291
0.8715 1.14577255899087
0.872 1.14533530074377
0.8725 1.14489700444146
0.873 1.14445746270054
0.8735 1.14401711067815
0.874 1.14357586809939
0.8745 1.14313323273091
0.875 1.14268978720285
0.8755 1.14224553156933
0.876 1.14179986966891
0.8765 1.14135333090106
0.877 1.14090598214716
0.8775 1.14045737409351
0.878 1.14000774234813
0.8785 1.13955730073441
0.879 1.13910574657588
0.8795 1.1386530221116
0.88 1.13819948789503
0.8805 1.13774498767942
0.881 1.13728917075129
0.8815 1.13683254418529
0.882 1.13637509795988
0.8825 1.13591618881942
0.883 1.13545647015389
0.8835 1.1349959420133
0.884 1.13453407686067
0.8845 1.13407126634203
0.885 1.13360764645881
0.8855 1.13314283541225
0.886 1.13267693328351
0.8865 1.13221022189907
0.887 1.13174246500404
0.8875 1.13127347150479
0.888 1.13080366885717
0.8885 1.13033296615861
0.889 1.12986088152509
0.8895 1.12938798784899
0.89 1.12891428517716
0.8905 1.12843916385647
0.891 1.12796317938331
0.8915 1.12748638601799
0.892 1.12700831900393
0.8925 1.12652924396184
0.893 1.12604936012969
0.8935 1.12556834746545
0.894 1.12508618207935
0.8945 1.12460320800381
0.895 1.1241192497321
0.8955 1.12363399422373
0.896 1.12314793012507
0.8965 1.12266102628813
0.897 1.12217268087607
0.8975 1.12168352697144
0.898 1.1211935646174
0.8985 1.12070224251074
0.899 1.12020999901418
0.8995 1.11971694716386
0.9 1.11922267959546
0.9005 1.11872734671798
0.901 1.11823120558097
0.9015 1.11773399259141
0.902 1.11723557054096
0.9025 1.11673634032386
0.903 1.11623618195325
0.9035 1.11573467093483
0.904 1.11523235184126
0.9045 1.11472922471287
0.905 1.11422464834489
0.9055 1.11371924057553
0.906 1.11321302486089
0.9065 1.11270550321017
0.907 1.11219700696281
0.9075 1.11168770285838
0.908 1.11117723596345
0.9085 1.11066565143301
0.909 1.11015325913241
0.9095 1.10963984703137
0.91 1.10912517440995
0.9105 1.10860969410397
0.911 1.10809333683449
0.9115 1.10757557631139
0.912 1.10705700818806
0.9125 1.10653763250161
0.913 1.10601685754911
0.9135 1.10549520179372
0.914 1.10497273855769
0.9145 1.10444901852902
0.915 1.10392427532412
0.9155 1.10339872471985
0.916 1.10287205965116
0.9165 1.10234422917665
0.917 1.1018155913828
0.9175 1.10128598130985
0.918 1.10075506374296
0.9185 1.10022333893556
0.919 1.09969078389368
0.9195 1.09915677940904
0.92 1.09862196776153
0.9205 1.09808634898521
0.921 1.09754937655531
0.9215 1.09701147823855
0.922 1.09647277286891
0.9225 1.09593285555665
0.923 1.09539187073898
0.9235 1.09485007894319
0.924 1.0943072167825
0.9245 1.09376314562974
0.925 1.09321826757249
0.9255 1.0926724605969
0.926 1.09212530327241
0.9265 1.09157733911592
0.927 1.09102856815918
0.9275 1.09047834402327
0.928 1.08992729392735
0.9285 1.08937543710206
0.929 1.08882226823338
0.9295 1.08826813235544
0.93 1.08771318981791
0.9305 1.08715707624865
0.931 1.08659985474372
0.9315 1.08604182664791
0.932 1.08548276840988
0.9325 1.08492246143065
0.933 1.08436134792821
0.9335 1.08379934505284
0.934 1.08323595274972
0.9345 1.08267175398997
0.935 1.08210674880266
0.9355 1.08154032902943
0.936 1.08097304515946
0.9365 1.08040495492702
0.937 1.07983559059345
0.9375 1.07926522175809
0.938 1.07869404662435
0.9385 1.07812173776059
0.939 1.07754828410249
0.9395 1.07697402420906
0.94 1.07639877084493
0.9405 1.07582223250454
0.941 1.0752448879909
0.9415 1.07466669015585
0.942 1.07408706727147
0.9425 1.07350663827494
0.943 1.07292540319285
0.9435 1.07234278870591
0.944 1.07175927536171
0.9445 1.07117495599164
0.945 1.07058939710592
0.9455 1.07000279954718
0.946 1.06941539602132
0.9465 1.06882689276508
0.947 1.06823721112287
0.9475 1.06764672357137
0.948 1.06705527597253
0.9485 1.06646251037591
0.949 1.06586893892688
0.9495 1.06527454701303
0.95 1.06467869758904
0.9505 1.06408204236862
0.951 1.06348458137607
0.9515 1.06288577304074
0.952 1.0622860341731
0.9525 1.06168548958801
0.953 1.06108373700523
0.9535 1.06048091461261
0.954 1.05987728655634
0.9545 1.05927258975256
0.955 1.05866668395528
0.9555 1.05805997254727
0.956 1.05745233154865
0.9565 1.05684334246513
0.957 1.05623354782297
0.9575 1.0556229476447
0.958 1.05501089040215
0.9585 1.05439801264155
0.959 1.0537843293957
0.9595 1.0531693280223
0.96 1.05255336725717
0.9605 1.05193660105681
0.961 1.05131865557764
0.9615 1.05069961192006
0.962 1.05007976287647
0.9625 1.04945887331629
0.963 1.04883674687659
0.9635 1.04821381509927
0.964 1.04758998148256
0.9645 1.04696477236931
0.965 1.04633875796603
0.9655 1.04571193829327
0.966 1.04508368863698
0.9665 1.04445459171381
0.967 1.04382468956761
0.9675 1.04319349591468
0.968 1.04256131657596
0.9685 1.04192833205992
0.969 1.0412941944338
0.9695 1.04065893278222
0.97 1.04002286599826
0.9705 1.03938578442212
0.971 1.03874744055871
0.9715 1.03810829160712
0.972 1.03746826610385
0.9725 1.03682684012801
0.973 1.03618460910747
0.9735 1.03554157306087
0.974 1.03489713170922
0.9745 1.03425181871678
0.975 1.03360570074071
0.9755 1.03295831551795
0.976 1.03230992064913
0.9765 1.03166072083837
0.977 1.03101039176645
0.9775 1.03035891511519
0.978 1.029706633563
0.9785 1.02905336066358
0.979 1.0283988023223
0.9795 1.0277434391204
0.98 1.02708722241489
0.9805 1.02642958247452
0.981 1.02577113771314
0.9815 1.02511188814772
0.982 1.02445125577263
0.9825 1.02378972954054
0.983 1.02312739854305
0.9835 1.02246382241426
0.984 1.02179921479875
0.9845 1.02113380245583
0.985 1.02046728259385
0.9855 1.01979959368077
0.986 1.01913110007764
0.9865 1.01846163650272
0.987 1.01779086637653
0.9875 1.01711929159699
0.988 1.01644688432914
0.9885 1.01577303307289
0.989 1.01509837719937
0.9895 1.01442291672396
0.99 1.01374609395371
0.9905 1.01306835706726
0.991 1.01238981561411
0.9915 1.01171004919989
0.992 1.01102923138022
0.9925 1.01034760902842
0.993 1.0096648989894
0.9935 1.00898100031488
0.994 1.00829629714221
0.9945 1.00761064349733
0.995 1.00692366404503
0.9955 1.00623588012797
0.996 1.00554728289592
0.9965 1.00485722274162
0.997 1.00416635815537
0.9975 1.00347468915107
0.998 1.00278167657283
0.9985 1.00208773139132
0.999 1.00139298182374
0.9995 1.00069702570408
1 1
