"EPS" "MSE"
5e-04 0.00694131631435491
0.001 0.01269937408573
0.0015 0.0180182653450258
0.002 0.023068031684286
0.0025 0.0280491161445246
0.003 0.0329079891638005
0.0035 0.0376445035480277
0.004 0.0422759720525217
0.0045 0.0468154224547313
0.005 0.0512730039660807
0.0055 0.055656865985803
0.006 0.0599736802229276
0.0065 0.0642290259943512
0.007 0.0684275675285657
0.0075 0.07257340551061
0.008 0.0766700167725248
0.0085 0.0807204977595748
0.009 0.0847275186250837
0.0095 0.088693484995079
0.01 0.0926206136530958
0.0105 0.0965107671474054
0.011 0.100365773392005
0.0115 0.104187160066843
0.012 0.107976434133586
0.0125 0.111734942008702
0.013 0.115463828076699
0.0135 0.119164308286797
0.014 0.12283742690695
0.0145 0.126484076310714
0.015 0.130105244769778
0.0155 0.133701763109728
0.016 0.13727445177184
0.0165 0.140823920396013
0.017 0.144351015801081
0.0175 0.147856331824053
0.018 0.151340468731676
0.0185 0.154804033273857
0.019 0.158247628524137
0.0195 0.161671617744628
0.02 0.165076650998421
0.0205 0.168463155753428
0.021 0.171831552806752
0.0215 0.175182266514903
0.022 0.17851572481178
0.0225 0.181832359225831
0.023 0.18513240073639
0.0235 0.188416381884488
0.024 0.191684445807539
0.0245 0.194937069600897
0.025 0.198174527903924
0.0255 0.201397097063891
0.026 0.204605055139552
0.0265 0.20779868190437
0.027 0.210978258849373
0.0275 0.214144069185639
0.028 0.217296303602287
0.0285 0.220435171044299
0.029 0.22356104404169
0.0295 0.226673923252929
0.03 0.229774221787553
0.0305 0.232862077295586
0.031 0.235937596093477
0.0315 0.239001091761092
0.032 0.242052727654756
0.0325 0.245092667792133
0.033 0.248121076851207
0.0335 0.251138120169151
0.034 0.254143963741061
0.0345 0.257138774218569
0.035 0.260122718908325
0.0355 0.263095965770351
0.036 0.266058650922404
0.0365 0.269010776871471
0.037 0.271952674775404
0.0375 0.274884452454304
0.038 0.277806068256799
0.0385 0.280717930598213
0.039 0.283619823113775
0.0395 0.286512226551395
0.04 0.289394904265327
0.0405 0.292268253990699
0.041 0.29513228224587
0.0415 0.297987003661881
0.042 0.300832688268803
0.0425 0.303669417631401
0.043 0.306497125292837
0.0435 0.309316029062519
0.044 0.312126247417052
0.0445 0.314927862651926
0.045 0.317720957226217
0.0455 0.32050561376142
0.046 0.323281915040255
0.0465 0.326049944005439
0.047 0.328809783758442
0.0475 0.331561517558201
0.048 0.334305228819813
0.0485 0.337041001113203
0.049 0.339768918161753
0.0495 0.342489063840914
0.05 0.345201522176779
0.0505 0.347906370370785
0.051 0.350603498668334
0.0515 0.353293167540152
0.052 0.355975461542135
0.0525 0.358650465373755
0.053 0.361317968518771
0.0535 0.363978320230717
0.054 0.366631611403247
0.0545 0.369277599512307
0.055 0.371916630262222
0.0555 0.374548723419488
0.056 0.377173741195818
0.0565 0.379792074676179
0.057 0.382403365782555
0.0575 0.385008080280314
0.058 0.387605926412376
0.0585 0.390197270733836
0.059 0.392781846261343
0.0595 0.395360069701151
0.06 0.397931549265715
0.0605 0.400496777522585
0.061 0.403055460095389
0.0615 0.405607839289819
0.062 0.408154004126728
0.0625 0.410693709495948
0.063 0.413227337272504
0.0635 0.415754814429699
0.064 0.418276016040862
0.0645 0.420791241916324
0.065 0.423300521731719
0.0655 0.425803579992053
0.066 0.42830075400139
0.0665 0.430792083962676
0.067 0.433277599586297
0.0675 0.435757076222121
0.068 0.438230806943193
0.0685 0.440698825470418
0.069 0.443161161542114
0.0695 0.445617844900754
0.07 0.448068768063176
0.0705 0.450514060401006
0.071 0.452953802294104
0.0715 0.455388023504228
0.072 0.457816753795316
0.0725 0.460240022933124
0.073 0.462657860684854
0.0735 0.465070296818781
0.074 0.467477361103878
0.0745 0.469879083309439
0.075 0.472275466729032
0.0755 0.474666555333065
0.076 0.477052404242399
0.0765 0.479433043228174
0.077 0.48180850205975
0.0775 0.484178810504313
0.078 0.486543998326481
0.0785 0.488904095287911
0.079 0.491259101180863
0.0795 0.49360903969883
0.08 0.49595396351063
0.0805 0.498293902359198
0.081 0.500628885982689
0.0815 0.502958944114072
0.082 0.505284106480717
0.0825 0.507604402803992
0.083 0.509919862798841
0.0835 0.512230516173373
0.084 0.514536392628447
0.0845 0.516837424863466
0.085 0.519133631945628
0.0855 0.521425138036851
0.086 0.52371197280399
0.0865 0.525994165904734
0.087 0.528271746987187
0.0875 0.53054463628926
0.088 0.532812804590423
0.0885 0.535076436630328
0.089 0.537335562014762
0.0895 0.539590210337966
0.09 0.541840220610052
0.0905 0.544085666007069
0.091 0.546326709932464
0.0915 0.54856338193122
0.092 0.550795550899797
0.0925 0.553023183355756
0.093 0.555246519325821
0.0935 0.557465588300225
0.094 0.559680122674877
0.0945 0.561890315107808
0.095 0.564096315823056
0.0955 0.566298019045586
0.096 0.56849526008969
0.0965 0.570688384565329
0.097 0.572877362666902
0.0975 0.575061844109073
0.098 0.577242283995991
0.0985 0.579418642735316
0.099 0.581590555982754
0.0995 0.583758502544834
0.1 0.585922347398707
0.1005 0.588081883460508
0.101 0.590237527556182
0.1015 0.592388963709969
0.102 0.594536313178608
0.1025 0.596679845242287
0.103 0.598818977580372
0.1035 0.600954330613076
0.104 0.603085629589674
0.1045 0.60521287373267
0.105 0.607336377844663
0.1055 0.609455583122931
0.106 0.611571135653981
0.1065 0.613682567109455
0.107 0.615790195705538
0.1075 0.61789393381782
0.108 0.619993708190051
0.1085 0.622089791169834
0.109 0.624181780903944
0.1095 0.626270246879769
0.11 0.628354521433612
0.1105 0.63043535171822
0.111 0.632512037151647
0.1115 0.634585266253845
0.112 0.636654435213063
0.1125 0.638720132245888
0.113 0.640781822551514
0.1135 0.642840056490957
0.114 0.644894305875511
0.1145 0.646945145558011
0.115 0.648991991664639
0.1155 0.651035505784568
0.116 0.653074986165762
0.1165 0.655111193544507
0.117 0.657143395389239
0.1175 0.659172287681859
0.118 0.661197325105131
0.1185 0.663218939643405
0.119 0.665236880839409
0.1195 0.667251254860208
0.12 0.669262167870165
0.1205 0.671269338514179
0.121 0.673273291223824
0.1215 0.675273295534288
0.122 0.677270096943169
0.1225 0.679263230592777
0.123 0.681252915595225
0.1235 0.683239248101376
0.124 0.685221853504042
0.1245 0.687201286466518
0.125 0.68917701471537
0.1255 0.691149417675211
0.126 0.693118503005622
0.1265 0.695083912525988
0.127 0.697046179851718
0.1275 0.699004874417518
0.128 0.700960197561744
0.1285 0.702912395790853
0.129 0.704860821745853
0.1295 0.706806124851066
0.13 0.708748155135128
0.1305 0.710686599281262
0.131 0.712621948406387
0.1315 0.714553921416397
0.132 0.716482460286513
0.1325 0.718407921208314
0.133 0.720329957818378
0.1335 0.722248656980709
0.134 0.72416429518984
0.1345 0.726076515789831
0.135 0.727985440523557
0.1355 0.729891321220636
0.136 0.731793845708371
0.1365 0.733693060999704
0.137 0.735589249091412
0.1375 0.737482196864862
0.138 0.739371767403163
0.1385 0.741258327498357
0.139 0.743141817447896
0.1395 0.745021807621806
0.14 0.746898804027663
0.1405 0.748772810976834
0.141 0.750643428421954
0.1415 0.752510925140136
0.142 0.754375448972094
0.1425 0.756236875433057
0.143 0.758094936155904
0.1435 0.759950040479387
0.144 0.761802192664298
0.1445 0.763651081239223
0.145 0.76549682934893
0.1455 0.767339641699687
0.146 0.769179522523525
0.1465 0.771016058256237
0.147 0.772849593664057
0.1475 0.774680213815894
0.148 0.776507922914655
0.1485 0.778332289720858
0.149 0.780153711682653
0.1495 0.781972238752193
0.15 0.783787875102909
0.1505 0.785600255752105
0.151 0.787409662859414
0.1515 0.789216195297194
0.152 0.79101985720905
0.1525 0.792820433306648
0.153 0.794617923477869
0.1535 0.796412559059543
0.154 0.798204344165107
0.1545 0.799993282901644
0.155 0.801778966606426
0.1555 0.803561802424089
0.156 0.805341807670659
0.1565 0.807118986422644
0.157 0.808893262054974
0.1575 0.810664394508608
0.158 0.812432716149681
0.1585 0.814198231023798
0.159 0.815960943170063
0.1595 0.817720801121131
0.16 0.819477534708003
0.1605 0.821231481107083
0.161 0.82298264432618
0.1615 0.824731028366526
0.162 0.826476637222766
0.1625 0.82821919770617
0.163 0.829958906538427
0.1635 0.831695855557721
0.164 0.833430048726959
0.1645 0.835161490002384
0.165 0.83689018333356
0.1655 0.838615794373741
0.166 0.8403386653696
0.1665 0.842058803620973
0.167 0.84377621304526
0.1675 0.845490897553114
0.168 0.847202861048425
0.1685 0.848911866984946
0.169 0.850618084973935
0.1695 0.852321596976365
0.17 0.854022406863543
0.1705 0.85572051849995
0.171 0.857415935743223
0.1715 0.859108662444149
0.172 0.860798424864001
0.1725 0.862485493014459
0.173 0.864169885446311
0.1735 0.865851605977303
0.174 0.867530658418261
0.1745 0.869207046573079
0.175 0.870880774238715
0.1755 0.872551734634815
0.176 0.874219889538978
0.1765 0.875885398572544
0.177 0.877548265498986
0.1775 0.879208494074775
0.178 0.880866088049364
0.1785 0.882521051165184
0.179 0.884173387157633
0.1795 0.88582309975506
0.18 0.887469978643049
0.1805 0.889114224414376
0.181 0.890755861147536
0.1815 0.892394892536875
0.182 0.894031322269636
0.1825 0.895665154025946
0.183 0.89729639147881
0.1835 0.8989250382941
0.184 0.900551098130545
0.1845 0.902174569358403
0.185 0.903795266400834
0.1855 0.905413390555434
0.186 0.907028945446435
0.1865 0.908641934690874
0.187 0.910252361898578
0.1875 0.911860230672159
0.188 0.913465544607005
0.1885 0.915068307291269
0.189 0.916668522305862
0.1895 0.918266193224445
0.19 0.919861323613419
0.1905 0.921453917031916
0.191 0.923043830227796
0.1915 0.924631203789462
0.192 0.926216054090932
0.1925 0.927798384656214
0.193 0.929378199002004
0.1935 0.93095550063767
0.194 0.932530293065245
0.1945 0.934102579779422
0.195 0.935672364267546
0.1955 0.937239650009605
0.196 0.938804440478221
0.1965 0.940366739138648
0.197 0.941926549448759
0.1975 0.94348387485904
0.198 0.945038718812586
0.1985 0.94659108474509
0.199 0.948140944700997
0.1995 0.94968825935637
0.2 0.951233109228523
0.2005 0.95277549771736
0.201 0.954315428215343
0.2015 0.955852904107483
0.202 0.957387928771335
0.2025 0.958920505576994
0.203 0.960450637887082
0.2035 0.961978329056749
0.204 0.963503582433661
0.2045 0.965026401357999
0.205 0.966546789162448
0.2055 0.968064749172194
0.206 0.969580284704917
0.2065 0.971093399070788
0.207 0.972604095572458
0.2075 0.974112377505056
0.208 0.975618248156183
0.2085 0.977121710805907
0.209 0.978622768726755
0.2095 0.980121425183711
0.21 0.981617683434208
0.2105 0.983111546728125
0.211 0.984603018307779
0.2115 0.986092101407925
0.212 0.987578799255746
0.2125 0.989063115070849
0.213 0.990545052065264
0.2135 0.992024613443435
0.214 0.993501802402218
0.2145 0.994976622130875
0.215 0.996449075811071
0.2155 0.997919166616867
0.216 0.999386897714719
0.2165 1.00085227226347
0.217 1.00231529341436
0.2175 1.00377596431099
0.218 1.00523428808935
0.2185 1.0066902678778
0.219 1.00814390679708
0.2195 1.00959520796029
0.22 1.01104417447288
0.2205 1.01249080943268
0.221 1.01393511592986
0.2215 1.01537709704694
0.222 1.01681675585881
0.2225 1.01825409543268
0.223 1.01968911882812
0.2235 1.02112182909703
0.224 1.02255222928366
0.2245 1.02398032242457
0.225 1.02540611154868
0.2255 1.02682959967721
0.226 1.02825078982373
0.2265 1.02966968499412
0.227 1.03108628818658
0.2275 1.03250060239164
0.228 1.03391263059214
0.2285 1.03532237576323
0.229 1.03672984087236
0.2295 1.03813502887933
0.23 1.03953794273621
0.2305 1.0409385853874
0.231 1.04233695976958
0.2315 1.04373306881176
0.232 1.04512691543524
0.2325 1.04651850255361
0.233 1.04790783307278
0.2335 1.04929490989093
0.234 1.05067973589857
0.2345 1.05206231397847
0.235 1.05344264700572
0.2355 1.0548207378477
0.236 1.05619658936406
0.2365 1.05757020440677
0.237 1.05894158582007
0.2375 1.06031064371863
0.238 1.06167746118407
0.2385 1.06304205102054
0.239 1.06440441604798
0.2395 1.06576455907858
0.24 1.06712248291687
0.2405 1.06847819035964
0.241 1.06983168419596
0.2415 1.07118296720723
0.242 1.07253204216711
0.2425 1.07387891184155
0.243 1.0752235789888
0.2435 1.0765660463594
0.244 1.07790631669619
0.2445 1.07924439273428
0.245 1.0805802772011
0.2455 1.08191397281635
0.246 1.08324548229203
0.2465 1.08457480833245
0.247 1.08590191974059
0.2475 1.08722673773786
0.248 1.08854937799927
0.2485 1.08986984320484
0.249 1.09118813602691
0.2495 1.09250425913013
0.25 1.09381821517143
0.2505 1.09513000680005
0.251 1.09643963665756
0.2515 1.09774710737782
0.252 1.099052421587
0.2525 1.10035558190359
0.253 1.10165659093839
0.2535 1.10295545129452
0.254 1.10425216556741
0.2545 1.1055467228602
0.255 1.10683897062344
0.2555 1.1081290777692
0.256 1.10941704686874
0.2565 1.11070288048568
0.257 1.11198658117596
0.2575 1.11326815148785
0.258 1.11454759396197
0.2585 1.11582491113126
0.259 1.11710010552102
0.2595 1.1183731796489
0.26 1.11964413602489
0.2605 1.12091297715133
0.261 1.12217967768922
0.2615 1.12344408654764
0.262 1.12470638542279
0.2625 1.12596657679299
0.263 1.12722466312894
0.2635 1.12848064689368
0.264 1.12973453054266
0.2645 1.13098631652369
0.265 1.13223600727696
0.2655 1.13348360523506
0.266 1.13472911282296
0.2665 1.13597253245803
0.267 1.13721373381876
0.2675 1.13845275146712
0.268 1.13968968624712
0.2685 1.14092454055224
0.269 1.14215731676841
0.2695 1.14338801727396
0.27 1.14461664443964
0.2705 1.14584320062863
0.271 1.14706768819655
0.2715 1.14829010949145
0.272 1.14951046685382
0.2725 1.15072851591316
0.273 1.1519444979094
0.2735 1.1531584208933
0.274 1.15437028718167
0.2745 1.15558009908376
0.275 1.15678785890131
0.2755 1.15799356892852
0.276 1.15919723145208
0.2765 1.16039884875118
0.277 1.16159839495117
0.2775 1.16279565759636
0.278 1.16399087980639
0.2785 1.1651840638369
0.279 1.16637521193603
0.2795 1.16756432634444
0.28 1.16875140929531
0.2805 1.16993646301438
0.281 1.17111948971988
0.2815 1.17230049162262
0.282 1.17347924155149
0.2825 1.17465591139797
0.283 1.17583056108518
0.2835 1.17700319280055
0.284 1.17817380872412
0.2845 1.17934241102846
0.285 1.18050900187877
0.2855 1.18167358343282
0.286 1.18283615784097
0.2865 1.18399643889733
0.287 1.18515470077139
0.2875 1.18631096001431
0.288 1.1874652187533
0.2885 1.18861747910819
0.289 1.18976774319148
0.2895 1.19091601310826
0.29 1.19206229095633
0.2905 1.19320642421965
0.291 1.19434840619074
0.2915 1.1954884004959
0.292 1.19662640920992
0.2925 1.19776243440029
0.293 1.19889647812717
0.2935 1.20002854244343
0.294 1.20115862939465
0.2945 1.20228662614751
0.295 1.20341243345766
0.2955 1.20453626769455
0.296 1.20565813088096
0.2965 1.20677802503243
0.297 1.20789595215724
0.2975 1.20901191425643
0.298 1.21012591332383
0.2985 1.21123778451448
0.299 1.21234751975943
0.2995 1.21345529615433
0.3 1.21456111567041
0.3005 1.21566498027169
0.301 1.21676689191503
0.3015 1.2178668525501
0.302 1.21896486411942
0.3025 1.22006062036759
0.303 1.22115438351988
0.3035 1.22224620167917
0.304 1.22333607676559
0.3045 1.22442401069215
0.305 1.22551000536474
0.3055 1.22659406268213
0.306 1.22767601433015
0.3065 1.22875583613876
0.307 1.22983372457214
0.3075 1.23090968150686
0.308 1.23198370881247
0.3085 1.23305580835145
0.309 1.23412598197922
0.3095 1.23519413639239
0.31 1.23626008712042
0.3105 1.23732411582522
0.311 1.23838622434024
0.3115 1.23944641449192
0.312 1.2405046880997
0.3125 1.24156104697605
0.313 1.24261541132313
0.3135 1.24366755961253
0.314 1.24471779696739
0.3145 1.24576612517839
0.315 1.24681254602928
0.3155 1.2478570612969
0.316 1.24889967275114
0.3165 1.24994025400748
0.317 1.2509786668943
0.3175 1.25201517967445
0.318 1.25304979409625
0.3185 1.25408251190118
0.319 1.25511333482386
0.3195 1.25614226459203
0.32 1.25716906954285
0.3205 1.25819381247303
0.321 1.25921666586615
0.3215 1.26023763142863
0.322 1.2612567108601
0.3225 1.26227390585338
0.323 1.26328921809451
0.3235 1.26430225333808
0.324 1.2653133901837
0.3245 1.26632264780633
0.325 1.26733002787089
0.3255 1.2683355320356
0.326 1.26933916195195
0.3265 1.27034072734719
0.327 1.27134019121561
0.3275 1.2723377842917
0.328 1.27333350820604
0.3285 1.27432736458254
0.329 1.27531935503844
0.3295 1.27630945493529
0.33 1.27729728849443
0.3305 1.27828325951661
0.331 1.27926736959839
0.3315 1.28024962032968
0.332 1.28123001329383
0.3325 1.28220855006761
0.333 1.28318489696333
0.3335 1.2841592875323
0.334 1.28513182520893
0.3345 1.28610251154952
0.335 1.28707134810382
0.3355 1.2880383364151
0.336 1.2890032270218
0.3365 1.28996607785524
0.337 1.29092708367289
0.3375 1.29188624599776
0.338 1.29284356634636
0.3385 1.29379904622879
0.339 1.29475248457222
0.3395 1.29570383551391
0.34 1.29665334914662
0.3405 1.29760102696041
0.341 1.29854687043891
0.3415 1.29949088105939
0.342 1.3004328710673
0.3425 1.30137276109638
0.343 1.30231082135537
0.3435 1.30324705330171
0.344 1.30418145838653
0.3445 1.30511403805463
0.345 1.30604458355829
0.3455 1.3069730507987
0.346 1.30789969564182
0.3465 1.30882451951286
0.347 1.30974752383076
0.3475 1.31066871000822
0.348 1.31158781474403
0.3485 1.3125048964741
0.349 1.31342016301547
0.3495 1.31433361576146
0.35 1.31524525609921
0.3505 1.31615508540971
0.351 1.31706275302073
0.3515 1.3179684856829
0.352 1.31887241020264
0.3525 1.31977452794176
0.353 1.32067484025598
0.3535 1.32157334849492
0.354 1.32246958253244
0.3545 1.32336400174313
0.355 1.32425661969726
0.3555 1.32514743772553
0.356 1.32603645715261
0.3565 1.32692354682759
0.357 1.32780848322223
0.3575 1.32869162378184
0.358 1.32957296981233
0.3585 1.33045252261368
0.359 1.33133028347986
0.3595 1.33220594574736
0.36 1.333079630884
0.3605 1.33395152678704
0.361 1.33482163473196
0.3615 1.33568995598836
0.362 1.33655647871189
0.3625 1.33742072998256
0.363 1.33828319721492
0.3635 1.33914388166025
0.364 1.340002784564
0.3645 1.34085990716582
0.365 1.34171500836461
0.3655 1.34256806797392
0.366 1.34341934986839
0.3665 1.34426885526961
0.367 1.34511658539336
0.3675 1.3459625414497
0.368 1.34680622427285
0.3685 1.34764812416152
0.369 1.34848825250766
0.3695 1.34932661050352
0.37 1.35016319933564
0.3705 1.35099774966971
0.371 1.35183028769837
0.3715 1.35266105903875
0.372 1.3534900648598
0.3725 1.3543173063248
0.373 1.35514272609012
0.3735 1.3559659220098
0.374 1.35678735600004
0.3745 1.35760702920675
0.375 1.35842494277023
0.3755 1.35924109782528
0.376 1.36005510701734
0.3765 1.36086722292389
0.377 1.36167758268864
0.3775 1.3624861874292
0.378 1.36329303825771
0.3785 1.3640979210519
0.379 1.36490073775656
0.3795 1.3657018028682
0.38 1.36650111748199
0.3805 1.36729868268768
0.381 1.36809444087258
0.3815 1.36888797687704
0.382 1.36967976574543
0.3825 1.37046980855073
0.383 1.37125810636057
0.3835 1.37204466023724
0.384 1.37282901511595
0.3845 1.37361154577655
0.385 1.37439233471833
0.3855 1.3751713829871
0.386 1.37594869162336
0.3865 1.3767239257745
0.387 1.37749721589296
0.3875 1.37826876854755
0.388 1.37903858476246
0.3885 1.37980666555671
0.389 1.38057278064355
0.3895 1.38133684752037
0.39 1.3820991811
0.3905 1.38285978238535
0.391 1.38361865237418
0.3915 1.38437565002273
0.392 1.38513051059784
0.3925 1.38588364195536
0.393 1.38663504507715
0.3935 1.38738472093999
0.394 1.38813260273958
0.3945 1.38887827359707
0.395 1.38962221923055
0.3955 1.39036444060114
0.396 1.39110493866492
0.3965 1.39184370616884
0.397 1.39258020354153
0.3975 1.39331497959896
0.398 1.39404803528175
0.3985 1.39477937152558
0.399 1.39550898926118
0.3995 1.3962363660258
0.4 1.39696198830975
0.4005 1.39768589402387
0.401 1.39840808408368
0.4015 1.39912855939986
0.402 1.39984682523485
0.4025 1.40056330920715
0.403 1.40127808033212
0.4035 1.40199113950541
0.404 1.40270248761789
0.4045 1.40341164396337
0.405 1.40411900474981
0.4055 1.40482465633024
0.406 1.40552859958072
0.4065 1.40623083537258
0.407 1.4069308836351
0.4075 1.40762913603012
0.408 1.40832568278041
0.4085 1.40902052474272
0.409 1.40971366276911
0.4095 1.41040460432222
0.41 1.4110937627936
0.4105 1.41178121910263
0.411 1.41246697408702
0.4115 1.41315102857986
0.412 1.41383286476467
0.4125 1.41451294345823
0.413 1.41519132339406
0.4135 1.41586800539111
0.414 1.41654299026377
0.4145 1.41721572238953
0.415 1.41788673513382
0.4155 1.41855605244839
0.416 1.41922367513368
0.4165 1.41988958005551
0.417 1.42055323333034
0.4175 1.42121519364134
0.418 1.42187546177514
0.4185 1.42253403851397
0.419 1.42319084159297
0.4195 1.42384545244643
0.42 1.42449837353225
0.4205 1.42514960561903
0.421 1.42579914947106
0.4215 1.42644685193176
0.422 1.42709243334224
0.4225 1.42773632810776
0.423 1.4283785369792
0.4235 1.42901906070318
0.424 1.42965766374032
0.4245 1.43029422838654
0.425 1.43092910943812
0.4255 1.43156230762851
0.426 1.43219382368691
0.4265 1.43282332846601
0.427 1.43345088873167
0.4275 1.43407676838182
0.428 1.43470096813269
0.4285 1.43532348869638
0.429 1.43594389635427
0.4295 1.43656246433276
0.43 1.43717935460475
0.4305 1.43779456786956
0.431 1.43840810482244
0.4315 1.4390194164678
0.432 1.43962900396679
0.4325 1.44023691659932
0.433 1.44084315504807
0.4335 1.44144764539496
0.434 1.4420499367056
0.4345 1.4426505552517
0.435 1.44324950170352
0.4355 1.44384677672739
0.436 1.44444217293577
0.4365 1.44503550382203
0.437 1.44562716466536
0.4375 1.44621715611988
0.438 1.44680547883581
0.4385 1.44739178193967
0.439 1.4479761634457
0.4395 1.44855887756454
0.44 1.44913992493441
0.4405 1.44971930618971
0.441 1.45029651719682
0.4415 1.45087196009839
0.442 1.45144573820372
0.4425 1.45201785213542
0.443 1.45258824471587
0.4435 1.4531564224048
0.444 1.45372293721382
0.4445 1.45428778975389
0.445 1.45485098063226
0.4455 1.45541228281811
0.446 1.45597154018724
0.4465 1.45652913715634
0.447 1.4570850743212
0.4475 1.45763935227398
0.448 1.45819156500361
0.4485 1.45874191211253
0.449 1.45929060123955
0.4495 1.45983763296556
0.45 1.4603830078679
0.4505 1.46092613205538
0.451 1.4614675787123
0.4515 1.46200736974478
0.452 1.46254550571911
0.4525 1.4630818140855
0.453 1.46361602373366
0.4535 1.46414857949987
0.454 1.46467948193954
0.4545 1.4652087316046
0.455 1.46573595297149
0.4555 1.46626127879419
0.456 1.46678495298853
0.4565 1.46730697609574
0.457 1.46782734865366
0.4575 1.4683454838708
0.458 1.46886193500653
0.4585 1.4693767367098
0.459 1.46988988950793
0.4595 1.47040121065688
0.46 1.47091044381958
0.4605 1.47141802917211
0.461 1.47192396723145
0.4615 1.47242825851129
0.462 1.47293049494375
0.4625 1.47343086889948
0.463 1.47392959714223
0.4635 1.4744266801755
0.464 1.47492210358956
0.4645 1.47541527100461
0.465 1.47590679425555
0.4655 1.47639667383591
0.466 1.47688491023602
0.4665 1.47737125030046
0.467 1.47785557328842
0.4675 1.47833825411398
0.468 1.47881929325765
0.4685 1.47929869119683
0.469 1.47977594866387
0.4695 1.48025143533862
0.47 1.48072528179973
0.4705 1.48119748851498
0.471 1.48166793451531
0.4715 1.48213623155049
0.472 1.48260288981063
0.4725 1.48306790975402
0.473 1.4835312918359
0.4735 1.48399265650633
0.474 1.48445213095617
0.4745 1.48490996848928
0.475 1.48536616955163
0.4755 1.48582072368317
0.476 1.48627301862385
0.4765 1.48672367801918
0.477 1.48717270230598
0.4775 1.48762009191813
0.478 1.48806556592709
0.4785 1.48850905136938
0.479 1.48895090303729
0.4795 1.48939112135576
0.48 1.48982970674685
0.4805 1.49026610129699
0.481 1.49070078441674
0.4815 1.49113383548474
0.482 1.49156525491427
0.4825 1.49199484029476
0.483 1.49242235885241
0.4835 1.49284824662894
0.484 1.49327250402899
0.4845 1.49369513145442
0.485 1.49411563849347
0.4855 1.49453436685466
0.486 1.49495146607484
0.4865 1.4953669365474
0.487 1.49578063523423
0.4875 1.49619220797462
0.488 1.49660215278338
0.4885 1.49701047004558
0.489 1.49741716014363
0.4895 1.49782178155204
0.49 1.49822457563799
0.4905 1.49862574335289
0.491 1.499025285071
0.4915 1.49942309890467
0.492 1.49981874587782
0.4925 1.50021276763032
0.493 1.50060516452839
0.4935 1.50099593693571
0.494 1.50138467450179
0.4945 1.5017715537999
0.495 1.50215680936137
0.4955 1.50254044154201
0.496 1.50292237227249
0.4965 1.5033021125486
0.497 1.50368023018168
0.4975 1.50405672551981
0.498 1.50443159890861
0.4985 1.50480445433222
0.499 1.50517543737114
0.4995 1.50554479917734
0.5 1.50591254008888
0.5005 1.50627858937923
0.501 1.50664244108548
0.5015 1.507004672598
0.502 1.50736528424741
0.5025 1.50772427636199
0.503 1.50808125125817
0.5035 1.50843635564412
0.504 1.50878984117578
0.5045 1.50914170817417
0.505 1.50949187760415
0.5055 1.50983985796074
0.506 1.51018622044952
0.5065 1.51053096538435
0.507 1.51087409307684
0.5075 1.51121518897931
0.508 1.51155443143173
0.5085 1.5118920572877
0.509 1.51222806685184
0.5095 1.51256235792138
0.51 1.51289448327682
0.5105 1.51322499297185
0.511 1.51355388730422
0.5115 1.51388116656953
0.512 1.51420638493412
0.5125 1.51452978132053
0.513 1.5148515632525
0.5135 1.51517173101893
0.514 1.51549014515149
0.5145 1.51580643101715
0.515 1.516121103316
0.5155 1.51643416233034
0.516 1.51674560834039
0.5165 1.51705495054834
0.517 1.51736251591842
0.5175 1.51766846886491
0.518 1.51797280966163
0.5185 1.51827534820748
0.519 1.51857580929132
0.5195 1.51887465879275
0.52 1.51917189697929
0.5205 1.51946752411641
0.521 1.51976099147761
0.5215 1.52005274009644
0.522 1.52034287821598
0.5225 1.52063140609554
0.523 1.52091807033495
0.5235 1.52120272057441
0.524 1.52148576111124
0.5245 1.52176719219872
0.525 1.52204701408822
0.5255 1.52232460784432
0.526 1.52260055322494
0.5265 1.52287488992838
0.527 1.52314761820011
0.5275 1.52341840934643
0.528 1.5236872619406
0.5285 1.52395450661164
0.529 1.52422014359924
0.5295 1.52448413234685
0.53 1.52474589446868
0.5305 1.52500604940364
0.531 1.52526459738574
0.5315 1.52552153864719
0.532 1.52577645784981
0.5325 1.52602952529072
0.533 1.52628098649202
0.5335 1.52653084168039
0.534 1.52677895895805
0.5345 1.52702494109367
0.535 1.52726931768593
0.5355 1.52751208895607
0.536 1.52775325512359
0.5365 1.52799230347086
0.537 1.52822959757392
0.5375 1.5284652870291
0.538 1.52869937205061
0.5385 1.52893161892137
0.539 1.52916183260417
0.5395 1.52939044229707
0.54 1.52961744820908
0.5405 1.5298428505476
0.541 1.53006602906962
0.5415 1.5302875610033
0.542 1.53050748979306
0.5425 1.53072581564121
0.543 1.53094219311104
0.5435 1.53115664923994
0.544 1.53136950284634
0.5445 1.53158075412761
0.545 1.53179033071998
0.5455 1.53199771295087
0.546 1.53220349326546
0.5465 1.53240767185627
0.547 1.53261024891426
0.5475 1.5328107579347
0.548 1.5330094668026
0.5485 1.53320657453324
0.549 1.53340208131286
0.5495 1.53359578984764
0.55 1.53378742906847
0.5505 1.53397746772405
0.551 1.53416590599598
0.5515 1.53435274406442
0.552 1.53453738553519
0.5525 1.53472035685653
0.553 1.53490172834746
0.5535 1.53508150018364
0.554 1.53525934153908
0.5545 1.53543524722362
0.555 1.53560955361716
0.5555 1.53578226089092
0.556 1.53595330228345
0.5565 1.53612214398615
0.557 1.53628938692369
0.5575 1.53645503126296
0.558 1.53661907716948
0.5585 1.53678105217553
0.559 1.53694123325713
0.5595 1.53709981624879
0.56 1.53725680131182
0.5605 1.53741197669643
0.561 1.5375650974817
0.5615 1.53771662067244
0.562 1.53786654642583
0.5625 1.53801487489778
0.563 1.5381609843384
0.5635 1.53830544923555
0.564 1.53844831717409
0.5645 1.53858958830592
0.565 1.53872889844759
0.5655 1.53886630651996
0.566 1.53900211810019
0.5665 1.53913633333624
0.567 1.53926884431158
0.5675 1.5393991969903
0.568 1.5395279536313
0.5685 1.53965511437872
0.569 1.53978067937546
0.5695 1.53990412499641
0.57 1.54002582808065
0.5705 1.54014593571021
0.571 1.54026444802429
0.5715 1.54038109477588
0.572 1.54049574564998
0.5725 1.54060880149688
0.573 1.54072026245214
0.5735 1.54083011045647
0.574 1.54093771043199
0.5745 1.54104371579662
0.575 1.54114812668233
0.5755 1.54125094321999
0.576 1.5413517264127
0.5765 1.54145068256138
0.577 1.54154804463303
0.5775 1.54164381275505
0.578 1.54173779747379
0.5785 1.54182970563957
0.579 1.54192002011958
0.5795 1.54200874103783
0.58 1.54209586851726
0.5805 1.54218078877829
0.581 1.54226405685676
0.5815 1.54234573175105
0.582 1.54242581358081
0.5825 1.54250393562562
0.583 1.54258015846107
0.5835 1.54265478847983
0.584 1.54272782579837
0.5845 1.54279914973288
0.585 1.54286832845292
0.5855 1.54293591471395
0.586 1.54300190862927
0.5865 1.5430663103112
0.587 1.54312857025883
0.5875 1.54318911384994
0.588 1.54324806544032
0.5885 1.54330542513924
0.589 1.54336088721352
0.5895 1.54341438919327
0.59 1.54346629950793
0.5905 1.54351661826381
0.591 1.54356528256208
0.5915 1.54361174396041
0.592 1.5436566140202
0.5925 1.54369989284484
0.593 1.54374158053681
0.5935 1.54378118128091
0.594 1.54381901207894
0.5945 1.54385525195662
0.595 1.54388990101361
0.5955 1.54392270419941
0.596 1.54395349670171
0.5965 1.54398269858984
0.597 1.54401030996071
0.5975 1.54403631567761
0.598 1.54406007082379
0.5985 1.54408223565354
0.599 1.5441028102611
0.5995 1.54412179473986
0.6 1.54413873730009
0.6005 1.54415386597703
0.601 1.54416740471868
0.6015 1.54417935361584
0.602 1.54418949890711
0.6025 1.54419759231178
0.603 1.54420409606011
0.6035 1.54420901024035
0.604 1.54421233493997
0.6045 1.54421341733331
0.605 1.54421288693669
0.6055 1.54421076724069
0.606 1.5442070583303
0.6065 1.54420134364301
0.607 1.54419377992618
0.6075 1.54418462717115
0.608 1.54417388546051
0.6085 1.5441613737699
0.609 1.54414677753456
0.6095 1.54413059251484
0.61 1.54411281879102
0.6105 1.54409345644261
0.611 1.54407188219779
0.6115 1.54404866568543
0.612 1.54402386071336
0.6125 1.54399746735884
0.613 1.54396909628355
0.6135 1.54393884902883
0.614 1.54390701355185
0.6145 1.5438735899277
0.615 1.5438384220929
0.6155 1.54380114482486
0.616 1.54376227956529
0.6165 1.5437218263871
0.617 1.54367978536253
0.6175 1.54363555528896
0.618 1.54358966094857
0.6185 1.5435421789116
0.619 1.5434931092482
0.6195 1.54344208257372
0.62 1.54338915983429
0.6205 1.54333464961394
0.621 1.5432785519808
0.6215 1.54322072877051
0.622 1.54316077829431
0.6225 1.54309924054665
0.623 1.54303611559369
0.6235 1.54297140350096
0.624 1.54290451834133
0.6245 1.54283595370358
0.625 1.54276580206202
0.6255 1.54269406348028
0.626 1.54262038193036
0.6265 1.54254479102138
0.627 1.54246761330425
0.6275 1.54238884884072
0.628 1.54230837096024
0.6285 1.542225754381
0.629 1.54214155118356
0.6295 1.54205576142788
0.63 1.54196838517336
0.6305 1.54187884560908
0.631 1.54178761750934
0.6315 1.54169480303401
0.632 1.54160040224076
0.6325 1.54150406647942
0.633 1.54140581403855
0.6335 1.54130597539941
0.634 1.54120455061794
0.6345 1.54110141871435
0.635 1.54099614247714
0.6355 1.54088928021375
0.636 1.54078083197848
0.6365 1.54067079782508
0.637 1.54055860448134
0.6375 1.54044471911748
0.638 1.54032924794714
0.6385 1.5402121910225
0.639 1.54009320165901
0.6395 1.53997229370305
0.64 1.53984980010113
0.6405 1.53972572090388
0.641 1.53959993557093
0.6415 1.53947200551626
0.642 1.5393424899714
0.6425 1.53921138898545
0.643 1.53907870260703
0.6435 1.53894385605751
0.644 1.53880731904389
0.6445 1.53866919673884
0.645 1.53852948918951
0.6455 1.53838784678297
0.646 1.53824428876072
0.6465 1.53809914559223
0.647 1.53795241732324
0.6475 1.53780397910586
0.648 1.53765340052143
0.6485 1.53750123693162
0.649 1.53734748838077
0.6495 1.53719215491281
0.65 1.5370346556841
0.6505 1.5368754721019
0.651 1.53671470369394
0.6515 1.53655235050283
0.652 1.53638805556652
0.6525 1.53622185240805
0.653 1.53605406455504
0.6535 1.53588469204879
0.654 1.53571360144728
0.6545 1.53554037911621
0.655 1.53536557221785
0.6555 1.53518918079226
0.656 1.5350112048791
0.6565 1.53483105345477
0.657 1.53464922789878
0.6575 1.53446581793775
0.658 1.53428082361013
0.6585 1.53409387661545
0.659 1.53390503277788
0.6595 1.53371460465375
0.66 1.53352259228035
0.6605 1.53332884975429
0.661 1.53313298799986
0.6615 1.53293554207377
0.662 1.53273651201214
0.6625 1.53253589785074
0.663 1.53233309467512
0.6635 1.53212863129728
0.664 1.53192258389419
0.6645 1.53171495250052
0.665 1.53150535388072
0.6655 1.53129387339076
0.666 1.53108080898247
0.6665 1.53086616068946
0.667 1.53064976666134
0.6675 1.53043126938859
0.668 1.53021118830118
0.6685 1.52998952343168
0.669 1.52976627481233
0.6695 1.529540820294
0.67 1.52931372284365
0.6705 1.52908504171069
0.671 1.52885477692638
0.6715 1.52862252707998
0.672 1.52838841357326
0.6725 1.52815271648038
0.673 1.52791543583161
0.6735 1.52767639069015
0.674 1.52743526142432
0.6745 1.5271925486658
0.675 1.52694825244394
0.6755 1.5267023727878
0.676 1.52645426730287
0.6765 1.52620453916406
0.677 1.52595322765161
0.6775 1.52570033279367
0.678 1.52544543208762
0.6785 1.52518868884481
0.679 1.52493036231565
0.6795 1.52467045252707
0.68 1.52440875663032
0.6805 1.52414499855239
0.681 1.52387965727204
0.6815 1.5236127328157
0.682 1.52334422520952
0.6825 1.52307346910459
0.683 1.52280111333048
0.6835 1.52252717446124
0.684 1.52225165252221
0.6845 1.52197410129479
0.685 1.5216947312765
0.6855 1.52141377824144
0.686 1.52113124221416
0.6865 1.52084689589235
0.687 1.52056051187183
0.6875 1.52027254491049
0.688 1.51998299503212
0.6885 1.51969185364336
0.689 1.51939845585518
0.6895 1.51910347519979
0.69 1.51880691170024
0.6905 1.51850876537935
0.691 1.51820856394289
0.6915 1.51790656981859
0.692 1.51760299292076
0.6925 1.5172978332715
0.693 1.51699083682966
0.6935 1.51668182945474
0.694 1.51637123937473
0.6945 1.51605906661106
0.695 1.51574527518922
0.6955 1.51542925477529
0.696 1.51511165172262
0.6965 1.51479246605196
0.697 1.51447169778386
0.6975 1.51414884642718
0.698 1.51382423060499
0.6985 1.51349803222847
0.699 1.51317025131751
0.6995 1.51284060503786
0.7 1.51250897664311
0.7005 1.51217576575572
0.701 1.51184097239498
0.7015 1.51150453121589
0.702 1.51116589043955
0.7025 1.51082566723038
0.703 1.51048386160707
0.7035 1.5101404735881
0.704 1.50979497257882
0.7045 1.50944773723121
0.705 1.50909891952686
0.7055 1.50874851948367
0.706 1.50839622362787
0.7065 1.50804197631964
0.707 1.50768614671029
0.7075 1.50732873481719
0.708 1.50696964413674
0.7085 1.50660838504031
0.709 1.5062455436967
0.7095 1.50588112012274
0.71 1.50551511433508
0.7105 1.50514696392163
0.711 1.50477711100935
0.7115 1.50440567591849
0.712 1.5040326586652
0.7125 1.50365771347632
0.713 1.50328084915599
0.7135 1.50290240270727
0.714 1.50252237414582
0.7145 1.50214063420188
0.715 1.50175675862929
0.7155 1.501371300977
0.716 1.50098426126018
0.7165 1.50059563949384
0.717 1.50020483990743
0.7175 1.49981237120125
0.718 1.49941832047728
0.7185 1.49902268775007
0.719 1.49862509345449
0.7195 1.49822561383965
0.72 1.49782455225234
0.7205 1.4974219087067
0.721 1.49701751972097
0.7215 1.49661102933839
0.722 1.49620295702732
0.7225 1.49579330280146
0.723 1.49538206667434
0.7235 1.49496861813066
0.724 1.4945535352313
0.7245 1.49413687045937
0.725 1.49371862382802
0.7255 1.4932983806371
0.726 1.49287628728091
0.7265 1.49245261209314
0.727 1.49202735508656
0.7275 1.49160031726619
0.728 1.49117121358081
0.7285 1.49074052810363
0.729 1.49030826084703
0.7295 1.48987441182323
0.73 1.48943831452404
0.7305 1.48900061888022
0.731 1.48856134149519
0.7315 1.48812048238084
0.732 1.48767759049245
0.7325 1.48723288480119
0.733 1.48678659740584
0.7335 1.48633872831793
0.734 1.48588904185705
0.7345 1.48543732623414
0.735 1.48498402894319
0.7355 1.48452914999537
0.736 1.4840726689784
0.7365 1.48361394353635
0.737 1.48315363646124
0.7375 1.48269174776393
0.738 1.48222827745516
0.7385 1.4817627370551
0.739 1.48129542030414
0.7395 1.48082652196464
0.74 1.48035604204704
0.7405 1.47988370712806
0.741 1.4794093808065
0.7415 1.47893347292911
0.742 1.47845598350603
0.7425 1.47797685408359
0.743 1.47749551829376
0.7435 1.47701260097988
0.744 1.4765281021518
0.7445 1.47604202181927
0.745 1.47555383308251
0.7455 1.47506390643074
0.746 1.47457239829538
0.7465 1.47407930868589
0.747 1.47358432548078
0.7475 1.47308738958702
0.748 1.47258887223943
0.7485 1.4720887734472
0.749 1.47158699578836
0.7495 1.47108305074591
0.75 1.47057752427856
0.7505 1.47007041639526
0.751 1.46956172710485
0.7515 1.46905089019674
0.752 1.46853835469964
0.7525 1.46802423781447
0.753 1.46750853954986
0.7535 1.46699090822128
0.754 1.46647136378202
0.7545 1.46595023798185
0.755 1.46542753082915
0.7555 1.46490310509397
0.756 1.46437655179787
0.7565 1.46384841716728
0.757 1.46331870121034
0.7575 1.46278740393513
0.758 1.4622539190124
0.7585 1.46171877563377
0.759 1.4611820509543
0.7595 1.46064374498183
0.76 1.4601034656841
0.7605 1.45956131363772
0.761 1.45901758031531
0.7615 1.45847226572455
0.762 1.45792519206504
0.7625 1.45737603142914
0.763 1.45682528954141
0.7635 1.45627296640931
0.764 1.45571906204022
0.7645 1.45516292925192
0.765 1.45460517887453
0.7655 1.45404584727616
0.766 1.45348493446398
0.7665 1.45292200734404
0.767 1.4523572485508
0.7675 1.45179090855936
0.768 1.45122298737673
0.7685 1.45065326593778
0.769 1.45008149880069
0.7695 1.44950815048763
0.77 1.44893322100544
0.7705 1.44835670525994
0.771 1.44777792984928
0.7715 1.44719757328436
0.772 1.44661563557181
0.7725 1.44603211671826
0.773 1.44544654191646
0.7735 1.44485917716776
0.774 1.44427023129245
0.7745 1.44367970429696
0.775 1.44308733521709
0.7755 1.44249296235114
0.776 1.44189700837908
0.7765 1.4412994733072
0.777 1.44070030996121
0.7775 1.44009892904302
0.778 1.43949596703875
0.7785 1.43889142395453
0.779 1.43828529979648
0.7795 1.43767707744735
0.78 1.43706710747395
0.7805 1.43645555644005
0.781 1.43584242435157
0.7815 1.43522740776369
0.782 1.43461042988288
0.7825 1.43399187096054
0.783 1.43337173100249
0.7835 1.43274992018737
0.784 1.43212593445951
0.7845 1.4315003677087
0.785 1.43087321994062
0.7855 1.43024449116092
0.786 1.42961362139383
0.7865 1.42898104687324
0.787 1.42834689135343
0.7875 1.42771115483991
0.788 1.42707349087195
0.7885 1.42643390863906
0.789 1.42579274542462
0.7895 1.42515000123401
0.79 1.42450554307631
0.7905 1.42385895318743
0.791 1.4232107823343
0.7915 1.42256103052219
0.792 1.42190969775635
0.7925 1.42125618069608
0.793 1.42060100225911
0.7935 1.41994424288
0.794 1.41928590256388
0.7945 1.41862559133938
0.795 1.41796340537235
0.7955 1.41729963847968
0.796 1.41663429066641
0.7965 1.41596718528844
0.797 1.41529799184412
0.7975 1.41462721749035
0.798 1.41395486223206
0.7985 1.41328092607415
0.799 1.41260476184147
0.7995 1.41192698007808
0.8 1.41124761742595
0.8005 1.41056667388989
0.801 1.40988371552849
0.8015 1.40919892640603
0.802 1.40851255641033
0.8025 1.4078246055461
0.803 1.40713485306644
0.8035 1.40644305663459
0.804 1.40574967934471
0.8045 1.40505472120143
0.805 1.40435817461388
0.8055 1.40365937092146
0.806 1.40295898638596
0.8065 1.40225702101192
0.807 1.40155347480386
0.8075 1.40084786942179
0.808 1.40014047768841
0.8085 1.3994315051311
0.809 1.39872095175431
0.8095 1.39800855228824
0.81 1.39729415340396
0.8105 1.39657817371013
0.811 1.39586061320631
0.8115 1.39514141966638
0.812 1.39442001367739
0.8125 1.39369702689298
0.813 1.39297245931745
0.8135 1.39224631095506
0.814 1.39151805866555
0.8145 1.39078806483593
0.815 1.39005649022902
0.8155 1.38932333484904
0.816 1.38858828850898
0.8165 1.38785128767877
0.817 1.38711270608492
0.8175 1.38637254373156
0.818 1.38563070335083
0.8185 1.38488669556403
0.819 1.38414110702703
0.8195 1.38339393774389
0.82 1.38264518771867
0.8205 1.38189428863231
0.821 1.38114169319535
0.8215 1.38038751702543
0.822 1.37963176012655
0.8225 1.37887406702235
0.823 1.37811446472803
0.8235 1.37735328171376
0.824 1.37659051798348
0.8245 1.37582603087111
0.825 1.37505942176149
0.8255 1.37429123194475
0.826 1.37352146142476
0.8265 1.37275011020541
0.827 1.37197656443047
0.8275 1.37120136785261
0.828 1.37042459058412
0.8285 1.36964623262882
0.829 1.3688658928681
0.8295 1.36808368956998
0.83 1.36729990559368
0.8305 1.36651454094297
0.831 1.365727407206
0.8315 1.36493819722799
0.832 1.3641474065841
0.8325 1.36335503527807
0.833 1.36256108331359
0.8335 1.36176489095631
0.834 1.36096709368462
0.8345 1.36016771576289
0.835 1.35936675719479
0.8355 1.35856377088326
0.836 1.3577589670231
0.8365 1.35695258252489
0.837 1.35614461739224
0.8375 1.35533483713581
0.838 1.35452302672611
0.8385 1.35370963569021
0.839 1.35289466403168
0.8395 1.35207808983968
0.84 1.35125927291897
0.8405 1.35043887538379
0.841 1.34961689723767
0.8415 1.34879333848416
0.842 1.34796770572581
0.8425 1.34714030172939
0.843 1.34631131713361
0.8435 1.34548075194197
0.844 1.34464832526963
0.8445 1.34381391484966
0.845 1.34297792384179
0.8455 1.34214035224949
0.846 1.34130113167235
0.8465 1.34045971486616
0.847 1.33961671748344
0.8475 1.33877213952761
0.848 1.33792598100209
0.8485 1.33707770189945
0.849 1.3362276981788
0.8495 1.33537611389626
0.85 1.33452294905523
0.8505 1.3336678760691
0.851 1.33281086604713
0.8515 1.33195227547442
0.852 1.33109210435431
0.8525 1.33023023749376
0.853 1.3293662212068
0.8535 1.32850062438014
0.854 1.32763344701709
0.8545 1.32676468912098
0.855 1.32589376377528
0.8555 1.32502116073063
0.856 1.32414697716052
0.8565 1.32327121306826
0.857 1.32239349386921
0.8575 1.32151388464228
0.858 1.32063269490074
0.8585 1.31974992464786
0.859 1.31886541160444
0.8595 1.31797879623068
0.86 1.31709060035308
0.8605 1.31620082397489
0.861 1.31530946709933
0.8615 1.31441589561069
0.862 1.31352069363217
0.8625 1.31262391116374
0.863 1.31172554820859
0.8635 1.31082518289644
0.864 1.3099229748586
0.8645 1.30901918633477
0.865 1.30811381733481
0.8655 1.30720665820803
0.866 1.30629744413223
0.8665 1.30538664958766
0.867 1.30447427457747
0.8675 1.30356031910483
0.868 1.30264410157238
0.8685 1.3017263010415
0.869 1.30080692005546
0.8695 1.29988595861742
0.87 1.29896294729103
0.8705 1.2980381408081
0.871 1.29711175388042
0.8715 1.29618378651111
0.872 1.29525398139962
0.8725 1.29432216899872
0.873 1.29338877616341
0.8735 1.29245380289679
0.874 1.291517204009
0.8745 1.29057838572404
0.875 1.28963798701495
0.8755 1.28869600788483
0.876 1.28775244833676
0.8765 1.28680679109425
0.877 1.28585938654508
0.8775 1.28491040158509
0.878 1.28395983621737
0.8785 1.28300738521904
0.879 1.28205297486332
0.8795 1.28109698410696
0.88 1.28013941295303
0.8805 1.27918016820763
0.881 1.27821875207876
0.8815 1.27725575555938
0.882 1.27629117865254
0.8825 1.27532502136128
0.883 1.27435671830004
0.8835 1.27338671605085
0.884 1.27241513342427
0.8845 1.27144197042334
0.885 1.27046687363537
0.8855 1.26948986568946
0.886 1.26851127737619
0.8865 1.26753110869858
0.887 1.2665492181926
0.8875 1.26556520458292
0.888 1.26457961061588
0.8885 1.26359243629449
0.889 1.26260368162174
0.8895 1.26161273283856
0.89 1.26062013325056
0.8905 1.25962595331815
0.891 1.25863019304432
0.8915 1.25763245056336
0.892 1.2566328453871
0.8925 1.25563165987634
0.893 1.25462889403407
0.8935 1.25362435786398
0.894 1.25261774713205
0.8945 1.25160955607551
0.895 1.25059978469733
0.8955 1.24958843300047
0.896 1.24857483859164
0.8965 1.24755964202178
0.897 1.24654286514012
0.8975 1.24552450794962
0.898 1.24450411987181
0.8985 1.243481917821
0.899 1.24245813546821
0.8995 1.24143277281639
0.9 1.2404055910782
0.9005 1.23937638357874
0.901 1.23834559578708
0.9015 1.23731322770617
0.902 1.23627925231622
0.9025 1.2352430394003
0.903 1.23420524620195
0.9035 1.2331658727241
0.904 1.23212491896968
0.9045 1.23108188539074
0.905 1.2300370868178
0.9055 1.2289907079751
0.906 1.22794274886554
0.9065 1.22689292165487
0.907 1.22584111773938
0.9075 1.22478773356382
0.908 1.22373276913112
0.9085 1.2226761482973
0.909 1.22161733907121
0.9095 1.22055694959474
0.91 1.2194949798708
0.9105 1.2184314299023
0.911 1.2173657509176
0.9115 1.21629835617209
0.912 1.21522938118878
0.9125 1.21415882597056
0.913 1.21308635338268
0.9135 1.21201195339995
0.914 1.21093597318905
0.9145 1.20985841275288
0.915 1.20877914657037
0.9155 1.20769774138217
0.916 1.20661475597543
0.9165 1.20553019035304
0.917 1.20444404451787
0.9175 1.20335572022246
0.918 1.20226572965156
0.9185 1.20117415887461
0.919 1.20008100789448
0.9195 1.19898589002436
0.92 1.19788889432093
0.9205 1.19679031842103
0.921 1.19569016232755
0.9215 1.19458825089123
0.922 1.19348425008686
0.9225 1.19237866909559
0.923 1.1912715079203
0.9235 1.19016276656385
0.924 1.18905179705253
0.9245 1.18793921100142
0.925 1.18682504477583
0.9255 1.18570929837864
0.926 1.184591535321
0.9265 1.18347194424152
0.927 1.18235077299711
0.9275 1.18122802159063
0.928 1.18010346499517
0.9285 1.17897686891876
0.929 1.17784869268696
0.9295 1.17671893630261
0.93 1.17558758617783
0.9305 1.17445398513591
0.931 1.1733188039481
0.9315 1.17218204261726
0.932 1.17104370114625
0.9325 1.1699032929956
0.933 1.16876110688315
0.9335 1.16761734063717
0.934 1.16647199426051
0.9345 1.16532479260035
0.935 1.16417560159458
0.9355 1.16302483046478
0.936 1.16187247921378
0.9365 1.16071848405261
0.937 1.15956228818482
0.9375 1.15840451220247
0.938 1.15724515610841
0.9385 1.15608421990548
0.939 1.15492116675615
0.9395 1.15375638595251
0.94 1.15259002504663
0.9405 1.15142208404136
0.941 1.15025223741079
0.9415 1.14908045181709
0.942 1.14790708613062
0.9425 1.1467321403542
0.943 1.14555550025087
0.9435 1.14437670989831
0.944 1.14319633946243
0.9445 1.14201438894607
0.945 1.14083085835205
0.9455 1.1396451602982
0.946 1.13845778514409
0.9465 1.13726882991893
0.947 1.13607829462557
0.9475 1.13488580311871
0.948 1.13369142327751
0.9485 1.13249546337471
0.949 1.13129792341313
0.9495 1.13009863846172
0.95 1.12889725396456
0.9505 1.12769428941523
0.951 1.12648974481655
0.9515 1.12528362017136
0.952 1.12407527730704
0.9525 1.12286530814228
0.953 1.12165375893759
0.9535 1.12044062969581
0.954 1.11922549340668
0.9545 1.11800851965757
0.955 1.11678996587796
0.9555 1.11556983207066
0.956 1.11434790236516
0.9565 1.11312392406277
0.957 1.11189836573928
0.9575 1.11067122739753
0.958 1.10944250428411
0.9585 1.10821152145948
0.959 1.10697895862317
0.9595 1.105744815778
0.96 1.10450909292678
0.9605 1.10327131194927
0.961 1.10203174463116
0.9615 1.10079059731359
0.962 1.09954786999938
0.9625 1.09830329563365
0.963 1.09705672386476
0.9635 1.09580857210579
0.964 1.09455884035959
0.9645 1.09330747261409
0.965 1.09205389642541
0.9655 1.09079874025606
0.966 1.08954200410885
0.9665 1.0882836879866
0.967 1.08702326241454
0.9675 1.08576110186578
0.968 1.08449736134855
0.9685 1.08323204086567
0.969 1.08196482193352
0.9695 1.08069565703632
0.97 1.07942491218004
0.9705 1.0781525873675
0.971 1.07687857508369
0.9715 1.07560240586902
0.972 1.07432465670465
0.9725 1.0730453275934
0.973 1.07176441853807
0.9735 1.07048134846518
0.974 1.06919659502366
0.9745 1.06791026164464
0.975 1.06662234833092
0.9755 1.06533248492606
0.976 1.06404072723834
0.9765 1.06274738962249
0.977 1.06145247208131
0.9775 1.0601558153529
0.978 1.0588570534499
0.9785 1.05755671162815
0.979 1.05625478989044
0.9795 1.05495128823959
0.98 1.05364557375956
0.9805 1.05233822776283
0.981 1.0510293018595
0.9815 1.04971879605241
0.982 1.0484062882685
0.9825 1.04709193812769
0.983 1.04577600808966
0.9835 1.04445849815723
0.984 1.04313919707786
0.9845 1.04181784282388
0.985 1.04049490868205
0.9855 1.03917039465518
0.986 1.03784430028878
0.9865 1.03651594195253
0.987 1.0351860037378
0.9875 1.03385448564739
0.988 1.0325213876841
0.9885 1.03118623561475
0.989 1.02984929335801
0.9895 1.02851077123494
0.99 1.02717066924836
0.9905 1.02582872391162
0.991 1.02448477764375
0.9915 1.02313925151891
0.992 1.02179214553991
0.9925 1.02044340694421
0.993 1.01909245669609
0.9935 1.01773992660035
0.994 1.01638581665982
0.9945 1.0150301268773
0.995 1.01367233061608
0.9955 1.01231279658032
0.996 1.01095168270913
0.9965 1.00958898900529
0.997 1.00822439950475
0.9975 1.00685786155985
0.998 1.00548974378885
0.9985 1.00412004619457
0.999 1.00274866346313
0.9995 1.00137512163993
1 1
