EPS	MSE
5.00E-04	0.00464706
0.001	0.008312319
0.0015	0.011613528
0.002	0.014683568
0.0025	0.017584822
0.003	0.020353657
0.0035	0.023013878
0.004	0.025582263
0.0045	0.028071262
0.005	0.030490467
0.0055	0.032847492
0.006	0.035148518
0.0065	0.037398666
0.007	0.039602238
0.0075	0.041762901
0.008	0.043883815
0.0085	0.045967736
0.009	0.048017075
0.0095	0.05003397
0.01	0.052020326
0.0105	0.053977847
0.011	0.05590807
0.0115	0.057812385
0.012	0.059692059
0.0125	0.061548244
0.013	0.063382001
0.0135	0.065194303
0.014	0.06698605
0.0145	0.068758072
0.015	0.070511139
0.0155	0.072245974
0.016	0.073963238
0.0165	0.075663556
0.017	0.077347524
0.0175	0.079015682
0.018	0.08066855
0.0185	0.082306615
0.019	0.083930331
0.0195	0.085540137
0.02	0.087136444
0.0205	0.088719632
0.021	0.09029008
0.0215	0.091848125
0.022	0.093394111
0.0225	0.094928357
0.023	0.09645115
0.0235	0.097962793
0.024	0.099463556
0.0245	0.100953699
0.025	0.102433478
0.0255	0.103903137
0.026	0.105362894
0.0265	0.106812986
0.027	0.108253618
0.0275	0.109684995
0.028	0.111107322
0.0285	0.11252077
0.029	0.113925536
0.0295	0.115321794
0.03	0.116709712
0.0305	0.118089446
0.031	0.119461163
0.0315	0.120825013
0.032	0.12218114
0.0325	0.123529689
0.033	0.124870799
0.0335	0.126204595
0.034	0.127531212
0.0345	0.128850775
0.035	0.130163405
0.0355	0.131469219
0.036	0.132768332
0.0365	0.134060844
0.037	0.135346878
0.0375	0.136626532
0.038	0.137899899
0.0385	0.139167087
0.039	0.14042819
0.0395	0.141683292
0.04	0.142932495
0.0405	0.144175887
0.041	0.145413544
0.0415	0.146645555
0.042	0.147872005
0.0425	0.149092969
0.043	0.150308523
0.0435	0.151518743
0.044	0.152723703
0.0445	0.15392348
0.045	0.155118135
0.0455	0.156307739
0.046	0.157492362
0.0465	0.158672072
0.047	0.159846916
0.0475	0.161016973
0.048	0.162182299
0.0485	0.163342953
0.049	0.164498993
0.0495	0.165650476
0.05	0.166797461
0.0505	0.167939996
0.051	0.169078131
0.0515	0.170211935
0.052	0.171341435
0.0525	0.17246671
0.053	0.173587775
0.0535	0.174704705
0.054	0.175817543
0.0545	0.176926324
0.055	0.178031096
0.0555	0.179131908
0.056	0.180228804
0.0565	0.181321824
0.057	0.182411014
0.0575	0.1834964
0.058	0.184578034
0.0585	0.185655961
0.059	0.186730217
0.0595	0.187800822
0.06	0.188867843
0.0605	0.189931286
0.061	0.19099122
0.0615	0.192047641
0.062	0.193100618
0.0625	0.194150177
0.063	0.195196333
0.0635	0.196239137
0.064	0.19727862
0.0645	0.198314812
0.065	0.199347743
0.0655	0.200377442
0.066	0.201403941
0.0665	0.202427269
0.067	0.203447456
0.0675	0.204464533
0.068	0.205478529
0.0685	0.206489474
0.069	0.207497377
0.0695	0.208502282
0.07	0.209504223
0.0705	0.210503203
0.071	0.211499267
0.0715	0.212492435
0.072	0.213482725
0.0725	0.214470173
0.073	0.215454797
0.0735	0.216436617
0.074	0.217415674
0.0745	0.218391962
0.075	0.219365525
0.0755	0.220336388
0.076	0.221304567
0.0765	0.222270071
0.077	0.223232936
0.0775	0.224193184
0.078	0.225150834
0.0785	0.226105906
0.079	0.227058419
0.0795	0.228008394
0.08	0.228955849
0.0805	0.229900806
0.081	0.230843284
0.0815	0.231783303
0.082	0.232720882
0.0825	0.233656041
0.083	0.23458879
0.0835	0.235519146
0.084	0.236447139
0.0845	0.237372788
0.085	0.238296095
0.0855	0.239217081
0.086	0.240135781
0.0865	0.241052186
0.087	0.241966327
0.0875	0.242878227
0.088	0.243787876
0.0885	0.244695327
0.089	0.245600554
0.0895	0.246503613
0.09	0.247404483
0.0905	0.248303208
0.091	0.24919979
0.0915	0.250094236
0.092	0.250986585
0.0925	0.251876824
0.093	0.252764978
0.0935	0.253651072
0.094	0.25453511
0.0945	0.255417093
0.095	0.256297053
0.0955	0.257175004
0.096	0.258050956
0.0965	0.258924915
0.097	0.25979689
0.0975	0.260666905
0.098	0.261534972
0.0985	0.262401102
0.099	0.263265308
0.0995	0.2641276
0.1	0.264987992
0.1005	0.265846495
0.101	0.26670312
0.1015	0.267557881
0.102	0.268410787
0.1025	0.269261853
0.103	0.270111088
0.1035	0.270958506
0.104	0.271804118
0.1045	0.272647923
0.105	0.273489939
0.1055	0.274330182
0.106	0.275168664
0.1065	0.276005397
0.107	0.27684038
0.1075	0.27767362
0.108	0.278505145
0.1085	0.279334966
0.109	0.280163067
0.1095	0.280989476
0.11	0.281814216
0.1105	0.282637268
0.111	0.283458656
0.1115	0.284278407
0.112	0.285096485
0.1125	0.285912945
0.113	0.286727775
0.1135	0.287540982
0.114	0.288352593
0.1145	0.289162587
0.115	0.289971011
0.1155	0.290777829
0.116	0.291583097
0.1165	0.29238678
0.117	0.293188923
0.1175	0.293989508
0.118	0.294788558
0.1185	0.295586084
0.119	0.296382072
0.1195	0.297176566
0.12	0.297969534
0.1205	0.298761011
0.121	0.299551013
0.1215	0.300339505
0.122	0.301126535
0.1225	0.301912111
0.123	0.302696207
0.1235	0.303478856
0.124	0.30426007
0.1245	0.305039852
0.125	0.305818184
0.1255	0.306595102
0.126	0.307370612
0.1265	0.308144721
0.127	0.308917416
0.1275	0.309688715
0.128	0.310458631
0.1285	0.311227173
0.129	0.311994345
0.1295	0.312760153
0.13	0.313524599
0.1305	0.314287684
0.131	0.315049426
0.1315	0.31580983
0.132	0.316568903
0.1325	0.317326652
0.133	0.318083081
0.1335	0.318838198
0.134	0.319592009
0.1345	0.320344519
0.135	0.321095734
0.1355	0.321845662
0.136	0.322594307
0.1365	0.323341677
0.137	0.324087776
0.1375	0.324832612
0.138	0.325576191
0.1385	0.326318518
0.139	0.327059599
0.1395	0.327799442
0.14	0.328538051
0.1405	0.329275433
0.141	0.330011591
0.1415	0.330746519
0.142	0.331480237
0.1425	0.332212751
0.143	0.332944067
0.1435	0.333674191
0.144	0.334403129
0.1445	0.335130876
0.145	0.335857433
0.1455	0.33658282
0.146	0.337307044
0.1465	0.338030112
0.147	0.338752012
0.1475	0.339472748
0.148	0.340192344
0.1485	0.340910806
0.149	0.341628124
0.1495	0.342344295
0.15	0.343059349
0.1505	0.343773291
0.151	0.344486092
0.1515	0.345197782
0.152	0.345908379
0.1525	0.346617859
0.153	0.347326233
0.1535	0.348033529
0.154	0.348739723
0.1545	0.349444827
0.155	0.350148868
0.1555	0.350851811
0.156	0.351553689
0.1565	0.352254514
0.157	0.352954247
0.1575	0.353652945
0.158	0.354350574
0.1585	0.355047156
0.159	0.355742704
0.1595	0.356437188
0.16	0.357130666
0.1605	0.357823073
0.161	0.358514482
0.1615	0.359204842
0.162	0.359894201
0.1625	0.360582529
0.163	0.361269855
0.1635	0.361956164
0.164	0.362641477
0.1645	0.363325781
0.165	0.364009099
0.1655	0.364691411
0.166	0.365372753
0.1665	0.366053087
0.167	0.36673247
0.1675	0.36741084
0.168	0.368088269
0.1685	0.368764702
0.169	0.369440187
0.1695	0.370114706
0.17	0.370788259
0.1705	0.371460884
0.171	0.372132519
0.1715	0.372803233
0.172	0.373472998
0.1725	0.374141814
0.173	0.374809716
0.1735	0.375476659
0.174	0.376142683
0.1745	0.3768078
0.175	0.377471959
0.1755	0.378135219
0.176	0.378797577
0.1765	0.379458991
0.177	0.380119514
0.1775	0.380779148
0.178	0.381437847
0.1785	0.38209566
0.179	0.382752593
0.1795	0.383408619
0.18	0.384063751
0.1805	0.38471801
0.181	0.385371399
0.1815	0.386023877
0.182	0.38667549
0.1825	0.387326242
0.183	0.38797613
0.1835	0.388625125
0.184	0.389273266
0.1845	0.389920556
0.185	0.390566998
0.1855	0.391212565
0.186	0.39185728
0.1865	0.392501155
0.187	0.393144191
0.1875	0.393786393
0.188	0.394427732
0.1885	0.395068237
0.189	0.395707915
0.1895	0.396346768
0.19	0.396984799
0.1905	0.397622005
0.191	0.39825837
0.1915	0.398893921
0.192	0.399528659
0.1925	0.400162589
0.193	0.40079571
0.1935	0.401428028
0.194	0.402059542
0.1945	0.402690236
0.195	0.403320133
0.1955	0.403949236
0.196	0.404577546
0.1965	0.405205068
0.197	0.405831802
0.1975	0.406457751
0.198	0.407082919
0.1985	0.407707306
0.199	0.408330916
0.1995	0.408953749
0.2	0.4095758
0.2005	0.410197082
0.201	0.410817596
0.2015	0.411437346
0.202	0.412056334
0.2025	0.412674562
0.203	0.413292032
0.2035	0.413908748
0.204	0.414524711
0.2045	0.415139923
0.205	0.415754388
0.2055	0.416368107
0.206	0.416981083
0.2065	0.417593319
0.207	0.418204816
0.2075	0.418815577
0.208	0.419425605
0.2085	0.420034901
0.209	0.420643469
0.2095	0.42125131
0.21	0.421858427
0.2105	0.422464823
0.211	0.4230705
0.2115	0.423675459
0.212	0.424279704
0.2125	0.424883237
0.213	0.425486058
0.2135	0.426088162
0.214	0.42668956
0.2145	0.427290254
0.215	0.427890247
0.2155	0.428489542
0.216	0.42908814
0.2165	0.429686044
0.217	0.430283256
0.2175	0.430879779
0.218	0.431475616
0.2185	0.432070768
0.219	0.432665223
0.2195	0.433258991
0.22	0.43385208
0.2205	0.434444493
0.221	0.435036233
0.2215	0.435627302
0.222	0.436217702
0.2225	0.436807435
0.223	0.437396481
0.2235	0.43798486
0.224	0.438572578
0.2245	0.439159638
0.225	0.439746043
0.2255	0.440331795
0.226	0.440916882
0.2265	0.4415013
0.227	0.442085072
0.2275	0.442668199
0.228	0.443250684
0.2285	0.443832529
0.229	0.444413703
0.2295	0.444994236
0.23	0.445574136
0.2305	0.446153404
0.231	0.446732044
0.2315	0.44731002
0.232	0.447887365
0.2325	0.448464088
0.233	0.44904019
0.2335	0.449615661
0.234	0.450190484
0.2345	0.450764692
0.235	0.451338288
0.2355	0.451911273
0.236	0.452483604
0.2365	0.453055328
0.237	0.453626449
0.2375	0.454196968
0.238	0.454766837
0.2385	0.455336108
0.239	0.455904784
0.2395	0.456472857
0.24	0.457040295
0.2405	0.457607144
0.241	0.458173407
0.2415	0.458739051
0.242	0.45930409
0.2425	0.459868548
0.243	0.46043242
0.2435	0.460995664
0.244	0.461558333
0.2445	0.46212043
0.245	0.462681908
0.2455	0.463242805
0.246	0.463803136
0.2465	0.464362865
0.247	0.464922005
0.2475	0.465480586
0.248	0.466038577
0.2485	0.466595977
0.249	0.467152823
0.2495	0.467709086
0.25	0.468264762
0.2505	0.46881989
0.251	0.469374435
0.2515	0.469928402
0.252	0.470481827
0.2525	0.471034664
0.253	0.471586939
0.2535	0.472138678
0.254	0.472689817
0.2545	0.473240415
0.255	0.473790471
0.2555	0.474339935
0.256	0.474888873
0.2565	0.475437247
0.257	0.47598506
0.2575	0.476532354
0.258	0.477079055
0.2585	0.477625234
0.259	0.478170869
0.2595	0.478715938
0.26	0.479260498
0.2605	0.479804477
0.261	0.480347938
0.2615	0.48089086
0.262	0.481433228
0.2625	0.481975096
0.263	0.482516378
0.2635	0.483057163
0.264	0.483597398
0.2645	0.484137106
0.265	0.484676298
0.2655	0.485214935
0.266	0.485753085
0.2665	0.486290659
0.267	0.486827749
0.2675	0.487364289
0.268	0.487900323
0.2685	0.488435834
0.269	0.48897082
0.2695	0.489505304
0.27	0.490039247
0.2705	0.490572709
0.271	0.491105615
0.2715	0.491638056
0.272	0.492169934
0.2725	0.492701348
0.273	0.493232214
0.2735	0.493762606
0.274	0.494292463
0.2745	0.494821841
0.275	0.495350693
0.2755	0.495879062
0.276	0.496406913
0.2765	0.496934279
0.277	0.497461132
0.2775	0.497987501
0.278	0.498513361
0.2785	0.499038739
0.279	0.499563609
0.2795	0.500088002
0.28	0.500611886
0.2805	0.5011353
0.281	0.501658201
0.2815	0.502180642
0.282	0.502702564
0.2825	0.503224039
0.283	0.503744985
0.2835	0.504265498
0.284	0.504785474
0.2845	0.505305017
0.285	0.505824041
0.2855	0.506342617
0.286	0.506860694
0.2865	0.507378307
0.287	0.507895444
0.2875	0.508412098
0.288	0.508928301
0.2885	0.509443999
0.289	0.509959272
0.2895	0.51047402
0.29	0.510988342
0.2905	0.511502171
0.291	0.512015546
0.2915	0.51252846
0.292	0.513040892
0.2925	0.513552898
0.293	0.514064391
0.2935	0.514575463
0.294	0.515086052
0.2945	0.51559619
0.295	0.516105884
0.2955	0.516615091
0.296	0.517123882
0.2965	0.517632178
0.297	0.518140043
0.2975	0.51864746
0.298	0.519154402
0.2985	0.519660931
0.299	0.520166969
0.2995	0.520672581
0.3	0.521177754
0.3005	0.521682452
0.301	0.52218674
0.3015	0.522690554
0.302	0.523193934
0.3025	0.523696897
0.303	0.524199371
0.3035	0.524701439
0.304	0.525203063
0.3045	0.52570423
0.305	0.526204993
0.3055	0.526705289
0.306	0.527205156
0.3065	0.527704621
0.307	0.5282036
0.3075	0.528702174
0.308	0.529200332
0.3085	0.529698021
0.309	0.530195309
0.3095	0.53069217
0.31	0.531188577
0.3105	0.531684586
0.311	0.532180161
0.3115	0.532675294
0.312	0.53317003
0.3125	0.533664331
0.313	0.534158195
0.3135	0.534651665
0.314	0.535144703
0.3145	0.535637307
0.315	0.536129518
0.3155	0.536621304
0.316	0.537112654
0.3165	0.537603612
0.317	0.538094157
0.3175	0.53858426
0.318	0.539073973
0.3185	0.539563289
0.319	0.540052151
0.3195	0.540540626
0.32	0.541028714
0.3205	0.541516352
0.321	0.542003595
0.3215	0.542490453
0.322	0.542976887
0.3225	0.543462905
0.323	0.54394854
0.3235	0.544433781
0.324	0.54491858
0.3245	0.545402999
0.325	0.545887037
0.3255	0.546370647
0.326	0.546853856
0.3265	0.547336686
0.327	0.547819129
0.3275	0.548301135
0.328	0.548782764
0.3285	0.549264016
0.329	0.549744861
0.3295	0.550225295
0.33	0.550705355
0.3305	0.551185041
0.331	0.551664305
0.3315	0.552143179
0.332	0.552621681
0.3325	0.553099811
0.333	0.553577513
0.3335	0.554054838
0.334	0.554531792
0.3345	0.555008377
0.335	0.555484535
0.3355	0.555960321
0.336	0.55643574
0.3365	0.55691079
0.337	0.557385423
0.3375	0.557859681
0.338	0.558333574
0.3385	0.558807102
0.339	0.559280226
0.3395	0.559752967
0.34	0.560225346
0.3405	0.560697361
0.341	0.561168996
0.3415	0.561640231
0.342	0.562111105
0.3425	0.562581619
0.343	0.563051774
0.3435	0.563521522
0.344	0.563990904
0.3445	0.564459927
0.345	0.564928593
0.3455	0.565396892
0.346	0.565864791
0.3465	0.566332335
0.347	0.566799523
0.3475	0.567266357
0.348	0.567732818
0.3485	0.568198893
0.349	0.568664615
0.3495	0.569129984
0.35	0.569595001
0.3505	0.570059651
0.351	0.570523917
0.3515	0.570987833
0.352	0.571451399
0.3525	0.571914615
0.353	0.572377481
0.3535	0.572839954
0.354	0.573302079
0.3545	0.573763858
0.355	0.57422529
0.3555	0.574686376
0.356	0.575147093
0.3565	0.575607444
0.357	0.576067451
0.3575	0.576527114
0.358	0.576986434
0.3585	0.577445412
0.359	0.577904017
0.3595	0.578362268
0.36	0.578820178
0.3605	0.579277748
0.361	0.579734978
0.3615	0.580191868
0.362	0.580648398
0.3625	0.581104571
0.363	0.581560406
0.3635	0.582015904
0.364	0.582471066
0.3645	0.582925891
0.365	0.583380381
0.3655	0.583834498
0.366	0.58428828
0.3665	0.584741729
0.367	0.585194843
0.3675	0.585647625
0.368	0.586100075
0.3685	0.586552192
0.369	0.587003945
0.3695	0.587455365
0.37	0.587906455
0.3705	0.588357216
0.371	0.588807647
0.3715	0.589257749
0.372	0.589707523
0.3725	0.59015696
0.373	0.590606046
0.3735	0.591054807
0.374	0.591503241
0.3745	0.59195135
0.375	0.592399133
0.3755	0.592846593
0.376	0.593293728
0.3765	0.593740539
0.377	0.594187001
0.3775	0.594633138
0.378	0.595078953
0.3785	0.595524447
0.379	0.59596962
0.3795	0.596414472
0.38	0.596859005
0.3805	0.597303218
0.381	0.597747113
0.3815	0.598190676
0.382	0.598633908
0.3825	0.599076823
0.383	0.599519421
0.3835	0.599961703
0.384	0.60040367
0.3845	0.600845321
0.385	0.601286658
0.3855	0.60172768
0.386	0.602168388
0.3865	0.602608784
0.387	0.603048853
0.3875	0.603488601
0.388	0.603928037
0.3885	0.604367163
0.389	0.604805978
0.3895	0.605244482
0.39	0.605682677
0.3905	0.606120563
0.391	0.606558141
0.3915	0.60699541
0.392	0.607432371
0.3925	0.607869026
0.393	0.608305373
0.3935	0.608741409
0.394	0.609177127
0.3945	0.60961254
0.395	0.610047648
0.3955	0.610482452
0.396	0.610916953
0.3965	0.611351151
0.397	0.611785046
0.3975	0.612218638
0.398	0.61265193
0.3985	0.61308492
0.399	0.613517609
0.3995	0.613949998
0.4	0.614382087
0.4005	0.614813877
0.401	0.615245369
0.4015	0.615676561
0.402	0.616107456
0.4025	0.616538054
0.403	0.616968345
0.4035	0.617398338
0.404	0.617828035
0.4045	0.618257437
0.405	0.618686545
0.4055	0.619115358
0.406	0.619543878
0.4065	0.619972104
0.407	0.620400038
0.4075	0.620827679
0.408	0.621255028
0.4085	0.621682086
0.409	0.622108853
0.4095	0.622535329
0.41	0.622961516
0.4105	0.623387413
0.411	0.623813021
0.4115	0.62423834
0.412	0.624663372
0.4125	0.625088115
0.413	0.625512572
0.4135	0.625936742
0.414	0.626360625
0.4145	0.626784223
0.415	0.627207536
0.4155	0.627630563
0.416	0.628053307
0.4165	0.628475766
0.417	0.628897942
0.4175	0.629319835
0.418	0.629741446
0.4185	0.630162775
0.419	0.630583822
0.4195	0.631004588
0.42	0.631425074
0.4205	0.631845279
0.421	0.632265205
0.4215	0.632684851
0.422	0.633104219
0.4225	0.633523309
0.423	0.633942121
0.4235	0.634360655
0.424	0.634778913
0.4245	0.635196894
0.425	0.635614599
0.4255	0.636032029
0.426	0.636449184
0.4265	0.636866064
0.427	0.637282671
0.4275	0.637699003
0.428	0.638115063
0.4285	0.63853085
0.429	0.638946364
0.4295	0.639361607
0.43	0.639776579
0.4305	0.64019128
0.431	0.64060571
0.4315	0.641019871
0.432	0.641433762
0.4325	0.641847385
0.433	0.642260739
0.4335	0.642673824
0.434	0.643086643
0.4345	0.643499194
0.435	0.643911479
0.4355	0.644323497
0.436	0.64473525
0.4365	0.645146737
0.437	0.64555796
0.4375	0.645968918
0.438	0.646379611
0.4385	0.64679003
0.439	0.647200187
0.4395	0.64761008
0.44	0.648019711
0.4405	0.64842908
0.441	0.648838188
0.4415	0.649247035
0.442	0.649655622
0.4425	0.650063948
0.443	0.650472015
0.4435	0.650879823
0.444	0.651287372
0.4445	0.651694663
0.445	0.652101696
0.4455	0.652508472
0.446	0.652914991
0.4465	0.653321254
0.447	0.653727262
0.4475	0.654133013
0.448	0.654538502
0.4485	0.654943727
0.449	0.655348696
0.4495	0.655753412
0.45	0.656157875
0.4505	0.656562085
0.451	0.656966042
0.4515	0.657369747
0.452	0.6577732
0.4525	0.658176403
0.453	0.658579354
0.4535	0.658982056
0.454	0.659384507
0.4545	0.65978671
0.455	0.660188663
0.4555	0.66059035
0.456	0.660991785
0.4565	0.661392972
0.457	0.661793911
0.4575	0.662194604
0.458	0.66259505
0.4585	0.66299525
0.459	0.663395205
0.4595	0.663794915
0.46	0.66419438
0.4605	0.664593601
0.461	0.664992578
0.4615	0.665391296
0.462	0.665789761
0.4625	0.666187984
0.463	0.666585964
0.4635	0.666983702
0.464	0.6673812
0.4645	0.667778456
0.465	0.668175472
0.4655	0.668572248
0.466	0.668968785
0.4665	0.669365082
0.467	0.669761117
0.4675	0.670156909
0.468	0.670552462
0.4685	0.670947778
0.469	0.671342857
0.4695	0.6717377
0.47	0.672132306
0.4705	0.672526676
0.471	0.672920812
0.4715	0.673314709
0.472	0.673708343
0.4725	0.674101743
0.473	0.674494909
0.4735	0.674887842
0.474	0.675280542
0.4745	0.67567301
0.475	0.676065245
0.4755	0.67645725
0.476	0.676849018
0.4765	0.677240526
0.477	0.677631803
0.4775	0.678022851
0.478	0.678413669
0.4785	0.678804257
0.479	0.679194617
0.4795	0.679584749
0.48	0.679974654
0.4805	0.680364302
0.481	0.680753715
0.4815	0.681142901
0.482	0.681531861
0.4825	0.681920594
0.483	0.682309103
0.4835	0.682697387
0.484	0.683085446
0.4845	0.683473247
0.485	0.683860819
0.4855	0.684248167
0.486	0.684635293
0.4865	0.685022196
0.487	0.685408876
0.4875	0.685795336
0.488	0.686181558
0.4885	0.686567534
0.489	0.686953289
0.4895	0.687338824
0.49	0.687724139
0.4905	0.688109235
0.491	0.688494112
0.4915	0.688878761
0.492	0.689263158
0.4925	0.689647337
0.493	0.690031299
0.4935	0.690415044
0.494	0.690798573
0.4945	0.691181885
0.495	0.691564966
0.4955	0.691947802
0.496	0.692330423
0.4965	0.69271283
0.497	0.693095023
0.4975	0.693477002
0.498	0.693858768
0.4985	0.694240284
0.499	0.694621577
0.4995	0.695002658
0.5	0.695383528
0.5005	0.695764186
0.501	0.696144633
0.5015	0.69652485
0.502	0.696904827
0.5025	0.697284595
0.503	0.697664153
0.5035	0.698043503
0.504	0.698422644
0.5045	0.698801565
0.505	0.699180239
0.5055	0.699558706
0.506	0.699936965
0.5065	0.700315018
0.507	0.700692866
0.5075	0.701070494
0.508	0.701447877
0.5085	0.701825056
0.509	0.702202029
0.5095	0.702578799
0.51	0.702955364
0.5105	0.703331704
0.511	0.703707808
0.5115	0.704083711
0.512	0.704459411
0.5125	0.704834909
0.513	0.705210205
0.5135	0.705585259
0.514	0.705960097
0.5145	0.706334736
0.515	0.706709175
0.5155	0.707083414
0.516	0.707457441
0.5165	0.707831224
0.517	0.70820481
0.5175	0.708578197
0.518	0.708951387
0.5185	0.709324379
0.519	0.709697126
0.5195	0.710069666
0.52	0.71044201
0.5205	0.710814158
0.521	0.711186111
0.5215	0.711557837
0.522	0.71192934
0.5225	0.712300649
0.523	0.712671764
0.5235	0.713042686
0.524	0.713413391
0.5245	0.713783866
0.525	0.714154148
0.5255	0.714524238
0.526	0.714894136
0.5265	0.715263824
0.527	0.715633278
0.5275	0.716002541
0.528	0.716371614
0.5285	0.716740497
0.529	0.71710917
0.5295	0.717477611
0.53	0.717845863
0.5305	0.718213927
0.531	0.718581803
0.5315	0.718949463
0.532	0.719316899
0.5325	0.719684148
0.533	0.720051211
0.5335	0.720418088
0.534	0.720784738
0.5345	0.721151177
0.535	0.721517431
0.5355	0.721883501
0.536	0.722249387
0.5365	0.722615028
0.537	0.722980478
0.5375	0.723345746
0.538	0.723710831
0.5385	0.724075716
0.539	0.724440368
0.5395	0.724804838
0.54	0.725169127
0.5405	0.725533235
0.541	0.725897115
0.5415	0.726260792
0.542	0.72662429
0.5425	0.726987608
0.543	0.727350736
0.5435	0.727713624
0.544	0.728076335
0.5445	0.728438868
0.545	0.728801223
0.5455	0.729163349
0.546	0.729525278
0.5465	0.72988703
0.547	0.730248606
0.5475	0.730609983
0.548	0.730971134
0.5485	0.73133211
0.549	0.731692911
0.5495	0.732053539
0.55	0.732413918
0.5505	0.732774123
0.551	0.733134154
0.5515	0.733494013
0.552	0.733853646
0.5525	0.734213084
0.553	0.73457235
0.5535	0.734931445
0.554	0.735290332
0.5545	0.735649008
0.555	0.736007514
0.5555	0.73636585
0.556	0.736723992
0.5565	0.737081911
0.557	0.73743966
0.5575	0.737797242
0.558	0.738154641
0.5585	0.738511807
0.559	0.738868806
0.5595	0.739225637
0.56	0.739582294
0.5605	0.739938712
0.561	0.740294964
0.5615	0.740651051
0.562	0.741006966
0.5625	0.741362641
0.563	0.741718151
0.5635	0.742073497
0.564	0.742428673
0.5645	0.742783609
0.565	0.743138382
0.5655	0.743492992
0.566	0.743847429
0.5665	0.744201631
0.567	0.744555671
0.5675	0.74490955
0.568	0.74526325
0.5685	0.745616722
0.569	0.745970034
0.5695	0.746323186
0.57	0.74667615
0.5705	0.747028897
0.571	0.747381486
0.5715	0.747733916
0.572	0.748086145
0.5725	0.748438172
0.573	0.748790042
0.5735	0.749141755
0.574	0.749493249
0.5745	0.749844561
0.575	0.750195717
0.5755	0.750546717
0.576	0.750897479
0.5765	0.751248079
0.577	0.751598525
0.5775	0.751948799
0.578	0.752298847
0.5785	0.752648742
0.579	0.752998483
0.5795	0.753348026
0.58	0.753697371
0.5805	0.754046563
0.581	0.754395604
0.5815	0.754744418
0.582	0.755093064
0.5825	0.755441559
0.583	0.755789887
0.5835	0.756137989
0.584	0.756485942
0.5845	0.756833744
0.585	0.757181345
0.5855	0.757528756
0.586	0.757876019
0.5865	0.758223134
0.587	0.758570007
0.5875	0.758916732
0.588	0.75926331
0.5885	0.7596097
0.589	0.75995589
0.5895	0.760301933
0.59	0.760647831
0.5905	0.760993497
0.591	0.761339008
0.5915	0.761684374
0.592	0.762029557
0.5925	0.762374538
0.593	0.762719375
0.5935	0.763064069
0.594	0.763408529
0.5945	0.76375284
0.595	0.764097008
0.5955	0.764440987
0.596	0.764784772
0.5965	0.765128416
0.597	0.765471915
0.5975	0.765815178
0.598	0.7661583
0.5985	0.766501283
0.599	0.766844062
0.5995	0.767186665
0.6	0.767529129
0.6005	0.767871428
0.601	0.768213514
0.6015	0.768555462
0.602	0.768897272
0.6025	0.769238853
0.603	0.769580287
0.6035	0.769921584
0.604	0.770262687
0.6045	0.770603609
0.605	0.770944395
0.6055	0.771285021
0.606	0.771625433
0.6065	0.77196571
0.607	0.772305853
0.6075	0.772645764
0.608	0.772985535
0.6085	0.773325172
0.609	0.773664607
0.6095	0.774003873
0.61	0.774343007
0.6105	0.774681966
0.611	0.77502073
0.6115	0.775359363
0.612	0.775697846
0.6125	0.77603611
0.613	0.776374244
0.6135	0.776712247
0.614	0.777050019
0.6145	0.777387656
0.615	0.777725164
0.6155	0.778062462
0.616	0.778399604
0.6165	0.778736617
0.617	0.779073442
0.6175	0.779410091
0.618	0.779746614
0.6185	0.780082965
0.619	0.780419125
0.6195	0.780755157
0.62	0.781091037
0.6205	0.781426708
0.621	0.781762253
0.6215	0.782097661
0.622	0.782432846
0.6225	0.782767906
0.623	0.783102842
0.6235	0.783437543
0.624	0.783772121
0.6245	0.784106576
0.625	0.784440805
0.6255	0.784774902
0.626	0.785108877
0.6265	0.785442637
0.627	0.785776255
0.6275	0.786109753
0.628	0.786443043
0.6285	0.786776185
0.629	0.787109206
0.6295	0.787442028
0.63	0.787774695
0.6305	0.788107244
0.631	0.788439596
0.6315	0.788771792
0.632	0.789103869
0.6325	0.789435754
0.633	0.789767479
0.6335	0.790099087
0.634	0.790430505
0.6345	0.790761762
0.635	0.791092904
0.6355	0.791423854
0.636	0.791754646
0.6365	0.792085322
0.637	0.792415806
0.6375	0.792746134
0.638	0.793076348
0.6385	0.793406366
0.639	0.793736233
0.6395	0.794065987
0.64	0.794395539
0.6405	0.794724946
0.641	0.795054242
0.6415	0.795383329
0.642	0.79571228
0.6425	0.796041119
0.643	0.796369741
0.6435	0.796698237
0.644	0.797026622
0.6445	0.797354781
0.645	0.797682824
0.6455	0.79801075
0.646	0.798338452
0.6465	0.798666044
0.647	0.798993508
0.6475	0.79932076
0.648	0.799647904
0.6485	0.799974904
0.649	0.800301709
0.6495	0.800628407
0.65	0.800954945
0.6505	0.801281305
0.651	0.801607558
0.6515	0.801933635
0.652	0.802259551
0.6525	0.802585362
0.653	0.802910978
0.6535	0.803236453
0.654	0.803561824
0.6545	0.803886979
0.655	0.804212015
0.6555	0.80453694
0.656	0.804861643
0.6565	0.805186243
0.657	0.805510708
0.6575	0.805834975
0.658	0.806159141
0.6585	0.806483146
0.659	0.80680698
0.6595	0.807130713
0.66	0.807454259
0.6605	0.807777662
0.661	0.808100964
0.6615	0.808424052
0.662	0.808747026
0.6625	0.809069885
0.663	0.80939253
0.6635	0.809715077
0.664	0.810037478
0.6645	0.810359697
0.665	0.810681819
0.6655	0.811003763
0.666	0.811325558
0.6665	0.811647257
0.667	0.811968744
0.6675	0.812290119
0.668	0.812611377
0.6685	0.812932428
0.669	0.813253382
0.6695	0.813574185
0.67	0.813894817
0.6705	0.814215354
0.671	0.814535702
0.6715	0.814855917
0.672	0.815176037
0.6725	0.815495932
0.673	0.815815733
0.6735	0.816135398
0.674	0.81645488
0.6745	0.816774269
0.675	0.81709348
0.6755	0.817412551
0.676	0.81773153
0.6765	0.818050288
0.677	0.81836895
0.6775	0.81868748
0.678	0.819005825
0.6785	0.819324081
0.679	0.819642158
0.6795	0.819960098
0.68	0.820277949
0.6805	0.820595574
0.681	0.82091311
0.6815	0.821230509
0.682	0.821547732
0.6825	0.821864867
0.683	0.822181814
0.6835	0.822498636
0.684	0.822815358
0.6845	0.823131868
0.685	0.823448292
0.6855	0.823764563
0.686	0.824080676
0.6865	0.824396705
0.687	0.824712525
0.6875	0.825028244
0.688	0.825343839
0.6885	0.825659248
0.689	0.825974574
0.6895	0.82628972
0.69	0.826604738
0.6905	0.826919658
0.691	0.827234369
0.6915	0.827548998
0.692	0.82786347
0.6925	0.828177792
0.693	0.828492033
0.6935	0.828806057
0.694	0.829119993
0.6945	0.829433792
0.695	0.829747424
0.6955	0.830060976
0.696	0.830374328
0.6965	0.830687577
0.697	0.831000705
0.6975	0.831313651
0.698	0.831626519
0.6985	0.8319392
0.699	0.832251767
0.6995	0.832564225
0.7	0.832876491
0.7005	0.83318868
0.701	0.833500691
0.7015	0.833812581
0.702	0.834124369
0.7025	0.83443596
0.703	0.834747475
0.7035	0.835058818
0.704	0.835370036
0.7045	0.835681156
0.705	0.835992076
0.7055	0.836302923
0.706	0.836613598
0.7065	0.836924149
0.707	0.837234602
0.7075	0.837544857
0.708	0.83785504
0.7085	0.838165049
0.709	0.838474937
0.7095	0.838784725
0.71	0.83909432
0.7105	0.839403843
0.711	0.839713187
0.7115	0.840022419
0.712	0.840331541
0.7125	0.840640481
0.713	0.840949351
0.7135	0.841258031
0.714	0.84156661
0.7145	0.841875069
0.715	0.842183358
0.7155	0.842491579
0.716	0.842799596
0.7165	0.843107528
0.717	0.843415325
0.7175	0.843722969
0.718	0.844030544
0.7185	0.844337901
0.719	0.844645191
0.7195	0.844952326
0.72	0.84525933
0.7205	0.845566244
0.721	0.845872963
0.7215	0.846179616
0.722	0.84648609
0.7225	0.846792459
0.723	0.847098713
0.7235	0.847404798
0.724	0.847710819
0.7245	0.848016634
0.725	0.848322372
0.7255	0.848627968
0.726	0.848933424
0.7265	0.8492388
0.727	0.849543975
0.7275	0.849849087
0.728	0.850154025
0.7285	0.850458858
0.729	0.850763577
0.7295	0.851068129
0.73	0.851372622
0.7305	0.851676903
0.731	0.851981117
0.7315	0.852285179
0.732	0.852589115
0.7325	0.852892959
0.733	0.853196618
0.7335	0.853500218
0.734	0.853803625
0.7345	0.854106949
0.735	0.854410138
0.7355	0.854713187
0.736	0.855016158
0.7365	0.855318931
0.737	0.855621648
0.7375	0.855924184
0.738	0.856226627
0.7385	0.856528944
0.739	0.856831115
0.7395	0.857133214
0.74	0.857435112
0.7405	0.857736955
0.741	0.85803862
0.7415	0.858340192
0.742	0.85864164
0.7425	0.858942941
0.743	0.859244172
0.7435	0.859545203
0.744	0.859846181
0.7445	0.860146978
0.745	0.860447687
0.7455	0.860748268
0.746	0.861048708
0.7465	0.861349072
0.747	0.861649245
0.7475	0.861949367
0.748	0.862249298
0.7485	0.862549154
0.749	0.862848869
0.7495	0.863148458
0.75	0.863447957
0.7505	0.863747281
0.751	0.864046557
0.7515	0.864345624
0.752	0.864644635
0.7525	0.864943486
0.753	0.865242233
0.7535	0.865540869
0.754	0.865839353
0.7545	0.866137773
0.755	0.866435996
0.7555	0.866734171
0.756	0.867032161
0.7565	0.867330075
0.757	0.867627849
0.7575	0.867925503
0.758	0.868223062
0.7585	0.868520456
0.759	0.868817801
0.7595	0.869114935
0.76	0.869412026
0.7605	0.869708941
0.761	0.870005773
0.7615	0.870302473
0.762	0.870599048
0.7625	0.870895534
0.763	0.871191851
0.7635	0.871488123
0.764	0.871784184
0.7645	0.872080204
0.765	0.872376047
0.7655	0.872671811
0.766	0.872967441
0.7665	0.87326295
0.767	0.873558366
0.7675	0.873853622
0.768	0.874148824
0.7685	0.874443826
0.769	0.874738789
0.7695	0.875033564
0.77	0.875328275
0.7705	0.875622836
0.771	0.875917295
0.7715	0.876211643
0.772	0.876505851
0.7725	0.876799987
0.773	0.877093944
0.7735	0.877387865
0.774	0.877681574
0.7745	0.877975246
0.775	0.878268742
0.7755	0.878562165
0.776	0.878855449
0.7765	0.879148624
0.777	0.879441695
0.7775	0.879734623
0.778	0.880027482
0.7785	0.880320162
0.779	0.880612809
0.7795	0.880905243
0.78	0.881197644
0.7805	0.881489867
0.781	0.881782022
0.7815	0.882074033
0.782	0.882365944
0.7825	0.882657743
0.783	0.88294941
0.7835	0.883240998
0.784	0.883532422
0.7845	0.883823797
0.785	0.884114979
0.7855	0.884406129
0.786	0.884697082
0.7865	0.884987992
0.787	0.885278733
0.7875	0.885569402
0.788	0.885859932
0.7885	0.88615036
0.789	0.88644068
0.7895	0.886730869
0.79	0.887020978
0.7905	0.887310927
0.791	0.887600825
0.7915	0.887890536
0.792	0.888180219
0.7925	0.888469696
0.793	0.888759143
0.7935	0.889048409
0.794	0.889337619
0.7945	0.889626675
0.795	0.889915649
0.7955	0.890204495
0.796	0.890493233
0.7965	0.890781869
0.797	0.891070372
0.7975	0.891358799
0.798	0.891647067
0.7985	0.891935284
0.799	0.892223319
0.7995	0.892511326
0.8	0.892799128
0.8005	0.893086907
0.801	0.893374495
0.8015	0.893662042
0.802	0.893949421
0.8025	0.894236736
0.803	0.894523906
0.8035	0.894810991
0.804	0.895097952
0.8045	0.895384806
0.805	0.895671558
0.8055	0.895958183
0.806	0.896244726
0.8065	0.896531122
0.807	0.896817457
0.8075	0.897103625
0.808	0.89738975
0.8085	0.89767569
0.809	0.897961608
0.8095	0.898247321
0.81	0.898533015
0.8105	0.898818516
0.811	0.899103985
0.8115	0.899389278
0.812	0.899674521
0.8125	0.899959606
0.813	0.900244624
0.8135	0.900529501
0.814	0.900814296
0.8145	0.901098965
0.815	0.901383536
0.8155	0.901667997
0.816	0.901952345
0.8165	0.902236599
0.817	0.902520724
0.8175	0.902804771
0.818	0.903088675
0.8185	0.903372514
0.819	0.903656197
0.8195	0.903939829
0.82	0.904223291
0.8205	0.904506716
0.821	0.904789958
0.8215	0.905073176
0.822	0.905356199
0.8225	0.90563921
0.823	0.905922014
0.8235	0.906204807
0.824	0.906487405
0.8245	0.90676998
0.825	0.907052372
0.8255	0.907334729
0.826	0.907616915
0.8265	0.907899056
0.827	0.908181035
0.8275	0.908462961
0.828	0.908744734
0.8285	0.909026444
0.829	0.909308011
0.8295	0.909589507
0.83	0.909870868
0.8305	0.910152149
0.831	0.910433305
0.8315	0.910714373
0.832	0.910995323
0.8325	0.911276178
0.833	0.911556923
0.8335	0.911837566
0.834	0.912118105
0.8345	0.912398536
0.835	0.91267887
0.8355	0.91295909
0.836	0.913239219
0.8365	0.913519229
0.837	0.913799152
0.8375	0.914078952
0.838	0.914358671
0.8385	0.914638262
0.839	0.914917776
0.8395	0.915197158
0.84	0.915476467
0.8405	0.915755641
0.841	0.916034746
0.8415	0.916313713
0.842	0.916592613
0.8425	0.916871373
0.843	0.917150069
0.8435	0.917428622
0.844	0.917707114
0.8445	0.917985462
0.845	0.918263749
0.8455	0.918541892
0.846	0.918819976
0.8465	0.919097914
0.847	0.919375794
0.8475	0.919653528
0.848	0.919931204
0.8485	0.920208736
0.849	0.920486208
0.8495	0.920763537
0.85	0.921040806
0.8505	0.921317932
0.851	0.921594998
0.8515	0.921871923
0.852	0.922148785
0.8525	0.922425509
0.853	0.922702168
0.8535	0.922978692
0.854	0.923255148
0.8545	0.923531472
0.855	0.923807725
0.8555	0.92408385
0.856	0.9243599
0.8565	0.924635827
0.857	0.924911674
0.8575	0.925187403
0.858	0.925463048
0.8585	0.925738579
0.859	0.926014022
0.8595	0.926289356
0.86	0.926564597
0.8605	0.926839735
0.861	0.927114773
0.8615	0.927389716
0.862	0.927664552
0.8625	0.9279393
0.863	0.928213933
0.8635	0.928488487
0.864	0.928762919
0.8645	0.929037279
0.865	0.929311509
0.8655	0.929585676
0.866	0.929859704
0.8665	0.930133678
0.867	0.930407505
0.8675	0.930681287
0.868	0.930954913
0.8685	0.931228503
0.869	0.931501928
0.8695	0.931775328
0.87	0.932048551
0.8705	0.93232176
0.871	0.932594782
0.8715	0.932867802
0.872	0.933140623
0.8725	0.933413444
0.873	0.933686074
0.8735	0.933958694
0.874	0.934231136
0.8745	0.934503556
0.875	0.93477581
0.8755	0.935048028
0.876	0.935320095
0.8765	0.935592114
0.877	0.935863994
0.8775	0.936135812
0.878	0.936407506
0.8785	0.936679124
0.879	0.936950633
0.8795	0.93722205
0.88	0.937493374
0.8805	0.937764592
0.881	0.938035732
0.8815	0.938306749
0.882	0.938577706
0.8825	0.938848523
0.883	0.939119297
0.8835	0.939389915
0.884	0.939660505
0.8845	0.939930924
0.885	0.940201333
0.8855	0.940471552
0.886	0.940741771
0.8865	0.941011799
0.887	0.941281818
0.8875	0.941551666
0.888	0.941821486
0.8885	0.942091154
0.889	0.942360775
0.8895	0.942630264
0.89	0.942899686
0.8905	0.943168995
0.891	0.943438219
0.8915	0.94370735
0.892	0.943976374
0.8925	0.944245328
0.893	0.944514154
0.8935	0.94478293
0.894	0.945051558
0.8945	0.945320158
0.895	0.945588587
0.8955	0.94585701
0.896	0.946125241
0.8965	0.946393472
0.897	0.946661522
0.8975	0.946929555
0.898	0.94719743
0.8985	0.947465265
0.899	0.947732967
0.8995	0.947765662
0.9	0.947765662
0.9005	0.947765662
0.901	0.947765662
0.9015	0.947765662
0.902	0.947765662
0.9025	0.947765662
0.903	0.947765662
0.9035	0.947765662
0.904	0.947765662
0.9045	0.947765662
0.905	0.947765662
0.9055	0.947765662
0.906	0.947765662
0.9065	0.947765662
0.907	0.947765662
0.9075	0.947765662
0.908	0.947765662
0.9085	0.947765662
0.909	0.947765662
0.9095	0.947765662
0.91	0.947765662
0.9105	0.947765662
0.911	0.947765662
0.9115	0.947765662
0.912	0.947765662
0.9125	0.947765662
0.913	0.947765662
0.9135	0.947765662
0.914	0.947765662
0.9145	0.947765662
0.915	0.947765662
0.9155	0.947765662
0.916	0.947765662
0.9165	0.947765662
0.917	0.947765662
0.9175	0.947765662
0.918	0.947765662
0.9185	0.947765662
0.919	0.947765662
0.9195	0.947765662
0.92	0.947765662
0.9205	0.947765662
0.921	0.947765662
0.9215	0.947765662
0.922	0.947765662
0.9225	0.947765662
0.923	0.947765662
0.9235	0.947765662
0.924	0.947765662
0.9245	0.947765662
0.925	0.947765662
0.9255	0.947765662
0.926	0.947765662
0.9265	0.947765662
0.927	0.947765662
0.9275	0.947765662
0.928	0.947765662
0.9285	0.947765662
0.929	0.947765662
0.9295	0.947765662
0.93	0.947765662
0.9305	0.947765662
0.931	0.947765662
0.9315	0.947765662
0.932	0.947765662
0.9325	0.947765662
0.933	0.947765662
0.9335	0.947765662
0.934	0.947765662
0.9345	0.947765662
0.935	0.947765662
0.9355	0.947765662
0.936	0.947765662
0.9365	0.947765662
0.937	0.947765662
0.9375	0.947765662
0.938	0.947765662
0.9385	0.947765662
0.939	0.947765662
0.9395	0.947765662
0.94	0.947765662
0.9405	0.947765662
0.941	0.947765662
0.9415	0.947765662
0.942	0.947765662
0.9425	0.947765662
0.943	0.947765662
0.9435	0.947765662
0.944	0.947765662
0.9445	0.947765662
0.945	0.947765662
0.9455	0.947765662
0.946	0.947765662
0.9465	0.947765662
0.947	0.947765662
0.9475	0.947765662
0.948	0.947765662
0.9485	0.947765662
0.949	0.947765662
0.9495	0.947765662
0.95	0.947765662
0.9505	0.947765662
0.951	0.947765662
0.9515	0.947765662
0.952	0.947765662
0.9525	0.947765662
0.953	0.947765662
0.9535	0.947765662
0.954	0.947765662
0.9545	0.947765662
0.955	0.947765662
0.9555	0.947765662
0.956	0.947765662
0.9565	0.947765662
0.957	0.947765662
0.9575	0.947765662
0.958	0.947765662
0.9585	0.947765662
0.959	0.947765662
0.9595	0.947765662
0.96	0.947765662
0.9605	0.947765662
0.961	0.947765662
0.9615	0.947765662
0.962	0.947765662
0.9625	0.947765662
0.963	0.947765662
0.9635	0.947765662
0.964	0.947765662
0.9645	0.947765662
0.965	0.947765662
0.9655	0.947765662
0.966	0.947765662
0.9665	0.947765662
0.967	0.947765662
0.9675	0.947765662
0.968	0.947765662
0.9685	0.947765662
0.969	0.947765662
0.9695	0.947765662
0.97	0.947765662
0.9705	0.947765662
0.971	0.947765662
0.9715	0.947765662
0.972	0.947765662
0.9725	0.947765662
0.973	0.947765662
0.9735	0.947765662
0.974	0.947765662
0.9745	0.947765662
0.975	0.947765662
0.9755	0.947765662
0.976	0.947765662
0.9765	0.947765662
0.977	0.947765662
0.9775	0.947765662
0.978	0.947765662
0.9785	0.947765662
0.979	0.947765662
0.9795	0.947765662
0.98	0.947765662
0.9805	0.947765662
0.981	0.947765662
0.9815	0.947765662
0.982	0.947765662
0.9825	0.947765662
0.983	0.947765662
0.9835	0.947765662
0.984	0.947765662
0.9845	0.947765662
0.985	0.947765662
0.9855	0.947765662
0.986	0.947765662
0.9865	0.947765662
0.987	0.947765662
0.9875	0.947765662
0.988	0.947765662
0.9885	0.947765662
0.989	0.947765662
0.9895	0.947765662
0.99	0.947765662
0.9905	0.947765662
0.991	0.947765662
0.9915	0.947765662
0.992	0.947765662
0.9925	0.947765662
0.993	0.947765662
0.9935	0.947765662
0.994	0.947765662
0.9945	0.947765662
0.995	0.947765662
0.9955	0.947765662
0.996	0.947765662
0.9965	0.947765662
0.997	0.947765662
0.9975	0.947765662
0.998	0.947765662
0.9985	0.947765662
0.999	0.947765662
0.9995	0.947765662
1	0.947765662