"EPS" "MSE"
5e-04 0.00541730703989719
0.001 0.00986542477780211
0.0015 0.0139361643579798
0.002 0.0177637934585532
0.0025 0.0214121590156029
0.003 0.0249187853232031
0.0035 0.0283083820523675
0.004 0.0315984626583628
0.0045 0.034802058986049
0.005 0.0379292584615783
0.0055 0.0409880986745615
0.006 0.04398512016758
0.0065 0.0469257417673675
0.007 0.0498145526513192
0.0075 0.05265546195668
0.008 0.0554518366449542
0.0085 0.0582066372409195
0.009 0.0609224402535799
0.0095 0.0636015599262685
0.01 0.0662460237835854
0.0105 0.0688577001117088
0.011 0.071438216363761
0.0115 0.07398910361114
0.012 0.0765117265863042
0.0125 0.079007341640121
0.013 0.0814770952134102
0.0135 0.0839220388397779
0.014 0.0863431720530125
0.0145 0.0887413941257771
0.015 0.0911175451596494
0.0155 0.0934724195334317
0.016 0.0958067377218184
0.0165 0.0981212070748374
0.017 0.100416437022841
0.0175 0.102693065184443
0.018 0.104951651548412
0.0185 0.107192729996764
0.019 0.109416814648861
0.0195 0.111624364181277
0.02 0.113815840543078
0.0205 0.115991705534953
0.021 0.118152317697063
0.0215 0.120298100070503
0.022 0.122429416902476
0.0225 0.124546598662488
0.023 0.126650025222139
0.0235 0.128739985994424
0.024 0.130816791066825
0.0245 0.132880742515473
0.025 0.134932102129816
0.0255 0.136971179711683
0.026 0.138998193015178
0.0265 0.141013425345394
0.027 0.143017098870531
0.0275 0.145009436675559
0.028 0.146990662764427
0.0285 0.148961002062181
0.029 0.150920670783506
0.0295 0.152869814650776
0.03 0.154808683582123
0.0305 0.156737448431872
0.031 0.158656249866599
0.0315 0.160565296350125
0.032 0.162464752564691
0.0325 0.164354773057881
0.033 0.166235492126362
0.0335 0.168107098105565
0.034 0.169969736883681
0.0345 0.171823506615679
0.035 0.173668594926306
0.0355 0.1755051206395
0.036 0.177333180434229
0.0365 0.179152938808438
0.037 0.180964510760095
0.0375 0.18276801155398
0.038 0.184563556721474
0.0385 0.186351262060321
0.039 0.188131243634364
0.0395 0.189903584797213
0.04 0.191668389171837
0.0405 0.193425803227626
0.041 0.195175863585404
0.0415 0.196918722624725
0.042 0.198654420736693
0.0425 0.200383113083284
0.043 0.202104817340214
0.0435 0.20381965966642
0.044 0.205527733456436
0.0445 0.207229113900382
0.045 0.208923876301755
0.0455 0.210612096077118
0.046 0.212293848755777
0.0465 0.213969209979453
0.047 0.215638255501942
0.0475 0.217301061188765
0.048 0.218957703016811
0.0485 0.22060825707397
0.049 0.222252787885138
0.0495 0.223891307375112
0.05 0.225523955283494
0.0505 0.227150771187253
0.051 0.228771781580042
0.0515 0.23038711972165
0.052 0.231996750255542
0.0525 0.233600825236535
0.053 0.23519933415913
0.0535 0.236792361027859
0.054 0.238379992062612
0.0545 0.239962201419714
0.055 0.24153909776434
0.0555 0.243110740686069
0.056 0.244677174698951
0.0565 0.246238422069943
0.057 0.247794533983918
0.0575 0.249345579893483
0.058 0.250891604459117
0.0585 0.252432652374553
0.059 0.253968768366556
0.0595 0.255499997194702
0.06 0.257026383651147
0.0605 0.258547972560402
0.061 0.260064808779101
0.0615 0.261576925634943
0.062 0.263084337054154
0.0625 0.264587121276123
0.063 0.266085323272995
0.0635 0.267578988047895
0.064 0.269068111156524
0.0645 0.270552737901425
0.065 0.272032953300927
0.0655 0.273508759498396
0.066 0.274980162728583
0.0665 0.276447280701165
0.067 0.277910048872568
0.0675 0.279368580879368
0.068 0.280822871900256
0.0685 0.282272963299405
0.069 0.28371889218665
0.0695 0.285160688461755
0.07 0.286598370309482
0.0705 0.288032017066852
0.071 0.289461567044243
0.0715 0.290887160542724
0.072 0.292308743359134
0.0725 0.29372637108249
0.073 0.295140115599046
0.0735 0.296549937696341
0.074 0.297955882663666
0.0745 0.299358017742742
0.075 0.300756365367272
0.0755 0.302150884516906
0.076 0.303541649870143
0.0765 0.304928701141469
0.077 0.306312060777777
0.0775 0.307691751228372
0.078 0.309067790302838
0.0785 0.310440166915422
0.079 0.311808947772854
0.0795 0.313174155335608
0.08 0.314535812066094
0.0805 0.315893940428565
0.081 0.317248562889021
0.0815 0.318599701915123
0.082 0.319947379976095
0.0825 0.321291619542632
0.083 0.322632443086805
0.0835 0.323969873081969
0.084 0.325303932002666
0.0845 0.32663464232453
0.085 0.327962026524194
0.0855 0.329286107079189
0.086 0.330606866692849
0.0865 0.331924352837179
0.087 0.333238596669295
0.0875 0.33454962066738
0.088 0.335857447310059
0.0885 0.337162099076299
0.089 0.338463545733625
0.0895 0.339761825549736
0.09 0.34105699181257
0.0905 0.342349066999659
0.091 0.34363803760069
0.0915 0.34492388554608
0.092 0.346206703726453
0.0925 0.347486514616528
0.093 0.348763235804591
0.0935 0.350036964107937
0.094 0.351307746415517
0.0945 0.352575497954645
0.095 0.353840303459663
0.0955 0.355102224247911
0.096 0.356361127186746
0.0965 0.357617176915632
0.097 0.358870332917483
0.0975 0.360120578500402
0.098 0.361368035928016
0.0985 0.362612544256166
0.099 0.363854306689026
0.0995 0.365093189389903
0.1 0.366329320199761
0.1005 0.367562629060098
0.101 0.368793195079459
0.1015 0.370020978375216
0.102 0.371246046411174
0.1025 0.37246835239217
0.103 0.3736879892255
0.1035 0.374904866114774
0.104 0.376119138499021
0.1045 0.377330634492192
0.105 0.37853955397162
0.1055 0.379745772417385
0.106 0.380949379311803
0.1065 0.382150394725538
0.107 0.383348737159967
0.1075 0.384544551754155
0.108 0.385737742262338
0.1085 0.386928360600946
0.109 0.388116479598987
0.1095 0.389301979437243
0.11 0.390484970318141
0.1105 0.3916654903271
0.111 0.392843433621688
0.1115 0.394018893584128
0.112 0.395191911111452
0.1125 0.396362431875529
0.113 0.397530457357295
0.1135 0.398696068808203
0.114 0.399859274585555
0.1145 0.401019988272853
0.115 0.402178289947711
0.1155 0.403334214309387
0.116 0.404487769701321
0.1165 0.405638900725485
0.117 0.406787639830041
0.1175 0.407934038280063
0.118 0.409078104404751
0.1185 0.410219846529889
0.119 0.411359214408604
0.1195 0.412496247872462
0.12 0.413630985594326
0.1205 0.414763435885285
0.121 0.415893607052903
0.1215 0.417021507401212
0.122 0.418147119088162
0.1225 0.419270438085083
0.123 0.42039151444903
0.1235 0.421510356468785
0.124 0.42262697242949
0.1245 0.423741370612622
0.125 0.424853559295982
0.1255 0.425963546753668
0.126 0.427071341256059
0.1265 0.428176951069796
0.127 0.429280369717625
0.1275 0.430381604466123
0.128 0.431480682589465
0.1285 0.432577612338151
0.129 0.433672401958834
0.1295 0.434765059694307
0.13 0.435855593783477
0.1305 0.436944012461352
0.131 0.438030323959014
0.1315 0.439114536503608
0.132 0.440196658318316
0.1325 0.44127669762234
0.133 0.442354662630881
0.1335 0.443430561555125
0.134 0.444504402602214
0.1345 0.445576193975236
0.135 0.446645943873197
0.1355 0.44771366049101
0.136 0.448779352019468
0.1365 0.449843026645229
0.137 0.450904692550792
0.1375 0.451964323855942
0.138 0.453021958534897
0.1385 0.454077605752541
0.139 0.455131273675734
0.1395 0.456182970467088
0.14 0.457232704284951
0.1405 0.458280483283387
0.141 0.459326315612154
0.1415 0.460370209416687
0.142 0.461412172838076
0.1425 0.462452197261147
0.143 0.463490254644346
0.1435 0.464526402789963
0.144 0.465560649822777
0.1445 0.466593003863138
0.145 0.46762347302694
0.1455 0.468652065425606
0.146 0.469678771753145
0.1465 0.470703543745503
0.147 0.471726460037357
0.1475 0.47274752872336
0.148 0.473766757893607
0.1485 0.474784155633605
0.149 0.475799679064654
0.1495 0.476813328771774
0.15 0.477825168042749
0.1505 0.478835204945932
0.151 0.479843447545005
0.1515 0.480849841448785
0.152 0.481854395257766
0.1525 0.482857175697443
0.153 0.483858190814022
0.1535 0.484857441769406
0.154 0.485854814316884
0.1545 0.486850442428698
0.155 0.48784433413333
0.1555 0.48883649745443
0.156 0.489826799121224
0.1565 0.490815378800028
0.157 0.491802250921586
0.1575 0.49278740102054
0.158 0.493770722683739
0.1585 0.494752357580477
0.159 0.495732313703044
0.1595 0.496710505566925
0.16 0.497686957118167
0.1605 0.498661750636753
0.161 0.499634866977716
0.1615 0.500606188966563
0.162 0.501575873627988
0.1625 0.502543928922186
0.163 0.503510192300313
0.1635 0.504474821754022
0.164 0.505437842495382
0.1645 0.506399106034713
0.165 0.50735873383195
0.1655 0.508316773534661
0.166 0.509273068823611
0.1665 0.510227748416597
0.167 0.511180860495496
0.1675 0.512132219057317
0.168 0.513082003798423
0.1685 0.514030217362781
0.169 0.514976694860513
0.1695 0.51592163800144
0.17 0.51686496552315
0.1705 0.517806634090168
0.171 0.518746788781125
0.1715 0.519685261610706
0.172 0.520622174333455
0.1725 0.521557552298815
0.173 0.522491243043554
0.1735 0.52342345290567
0.174 0.5243540265814
0.1745 0.525283046966662
0.175 0.526210556575944
0.1755 0.527136407409054
0.176 0.528060810249793
0.1765 0.528983565795274
0.177 0.529904831479196
0.1775 0.53082455364627
0.178 0.531742702031812
0.1785 0.532659402441346
0.179 0.533574453361333
0.1795 0.534488101530093
0.18 0.535400116879529
0.1805 0.53631069982955
0.181 0.537219723956076
0.1815 0.538127261452859
0.182 0.539033305918395
0.1825 0.539937817701432
0.183 0.540840894051479
0.1835 0.541742399834146
0.184 0.542642519597731
0.1845 0.543541039067177
0.185 0.544438213756796
0.1855 0.545333766573836
0.186 0.546227998776354
0.1865 0.547120613484403
0.187 0.548011911003089
0.1875 0.54890161088596
0.188 0.549789993312388
0.1885 0.550676789822225
0.189 0.551562276721244
0.1895 0.55244618129339
0.19 0.553328792203012
0.1905 0.554209816255956
0.191 0.555089561331159
0.1915 0.555967725622567
0.192 0.556844605743555
0.1925 0.557719940261846
0.193 0.558593966806796
0.1935 0.559466490998234
0.194 0.560337675328276
0.1945 0.561207408611825
0.195 0.562075762070986
0.1955 0.562942723838203
0.196 0.563808257753353
0.1965 0.564672467368281
0.197 0.565535193049072
0.1975 0.566396666132117
0.198 0.567256598586953
0.1985 0.568115278850131
0.199 0.568972504950749
0.1995 0.569828403662564
0.2 0.570682942679004
0.2005 0.571536071090556
0.201 0.572387942264885
0.2015 0.573238311609819
0.202 0.574087446291719
0.2025 0.574935155650473
0.203 0.575781546575205
0.2035 0.57662663359689
0.204 0.57747029195638
0.2045 0.578312725312666
0.205 0.579153712756065
0.2055 0.579993428798945
0.206 0.580831839248955
0.2065 0.581668849128335
0.207 0.582504643626881
0.2075 0.583339016511483
0.208 0.584172120040344
0.2085 0.585003961112536
0.209 0.585834384779299
0.2095 0.58666360264989
0.21 0.587491467943345
0.2105 0.588318021087228
0.211 0.589143373945242
0.2115 0.589967299067363
0.212 0.590790002300053
0.2125 0.591611466577983
0.213 0.5924315312255
0.2135 0.593250405111818
0.214 0.594067990643948
0.2145 0.594884240987426
0.215 0.595699306045149
0.2155 0.596513048228026
0.216 0.59732550475088
0.2165 0.598136781450573
0.217 0.598946715602697
0.2175 0.599755398740997
0.218 0.600562907505835
0.2185 0.601369068867329
0.219 0.60217399900963
0.2195 0.602977760215225
0.22 0.603780183947508
0.2205 0.604581381434673
0.221 0.605381415408904
0.2215 0.606180136594363
0.222 0.606977621719395
0.2225 0.607773948742238
0.223 0.608569002383901
0.2235 0.609362795391774
0.224 0.61015543569513
0.2245 0.610946856716344
0.225 0.611736977803829
0.2255 0.612525951571357
0.226 0.613313774815463
0.2265 0.614100244130965
0.227 0.614885571497911
0.2275 0.615669758342398
0.228 0.616452669371314
0.2285 0.617234370424347
0.229 0.618014936309557
0.2295 0.618794328345082
0.23 0.619572423122127
0.2305 0.620349388072729
0.231 0.621125224614881
0.2315 0.62189980418397
0.232 0.622673188175685
0.2325 0.623445449083446
0.233 0.624216588023212
0.2335 0.624986410982645
0.234 0.625755116169271
0.2345 0.626522704992925
0.235 0.627289130677636
0.2355 0.628054300007065
0.236 0.628818358267667
0.2365 0.629581306864687
0.237 0.630343074550548
0.2375 0.631103622049112
0.238 0.631863065161172
0.2385 0.632621405287375
0.239 0.633378570059675
0.2395 0.634134527424614
0.24 0.634889387063641
0.2405 0.635643150372784
0.241 0.636395767145138
0.2415 0.637147165971402
0.242 0.637897473710533
0.2425 0.638646691753922
0.243 0.63939481526751
0.2435 0.640141687047366
0.244 0.640887474356974
0.2445 0.641632178583075
0.245 0.642375801111428
0.2455 0.643118239528536
0.246 0.643859537775844
0.2465 0.644599759529894
0.247 0.645338906171777
0.2475 0.646076971807175
0.248 0.646813812255873
0.2485 0.647549582779498
0.249 0.648284284754455
0.2495 0.649017919556158
0.25 0.649750445599757
0.2505 0.650481796030589
0.251 0.651212084454097
0.2515 0.651941312240991
0.252 0.652669480760989
0.2525 0.653396546493591
0.253 0.654122452376682
0.2535 0.654847304137553
0.254 0.655571103141197
0.2545 0.656293850751613
0.255 0.65701553513769
0.2555 0.65773604175643
0.256 0.658455502105278
0.2565 0.659173917543491
0.257 0.659891289429323
0.2575 0.660607619120027
0.258 0.66132282356579
0.2585 0.662036937565597
0.259 0.662750014468434
0.2595 0.663462055626793
0.26 0.664173062392158
0.2605 0.664883036115008
0.261 0.665591868655213
0.2615 0.666299651864211
0.262 0.66700640710356
0.2625 0.667712135718955
0.263 0.668416839055084
0.2635 0.669120518455621
0.264 0.669823086602157
0.2645 0.670524600541566
0.265 0.671225095592844
0.2655 0.671924573094864
0.266 0.672623034385487
0.2665 0.673320480801555
0.267 0.674016891540757
0.2675 0.674712197423517
0.268 0.675406493453668
0.2685 0.676099780963231
0.269 0.676792061283213
0.2695 0.677483335743598
0.27 0.678173605673352
0.2705 0.678862854263025
0.271 0.679551012129169
0.2715 0.680238170457179
0.272 0.680924330571178
0.2725 0.681609493794265
0.273 0.682293661448517
0.2735 0.682976834854984
0.274 0.683659015333693
0.2745 0.684340150624972
0.275 0.68502025098612
0.2755 0.685699363378582
0.276 0.686377489117516
0.2765 0.687054629517053
0.277 0.687730785890298
0.2775 0.688405959549321
0.278 0.689080151805169
0.2785 0.689753350825013
0.279 0.690425494695622
0.2795 0.691096662088528
0.28 0.691766854309881
0.2805 0.692436072664801
0.281 0.693104318457375
0.2815 0.693771592990655
0.282 0.694437897566659
0.2825 0.695103233486371
0.283 0.695767602049737
0.2835 0.696430946514168
0.284 0.697093305388343
0.2845 0.697754701790115
0.285 0.69841513701451
0.2855 0.699074612355519
0.286 0.699733129106091
0.2865 0.700390688558139
0.287 0.701047292002533
0.2875 0.701702940729103
0.288 0.702357636026639
0.2885 0.70301137918289
0.289 0.703664113411817
0.2895 0.704315888802437
0.29 0.704966716890031
0.2905 0.705616598957397
0.291 0.706265536286288
0.2915 0.706913530157414
0.292 0.707560581850437
0.2925 0.708206692643977
0.293 0.708851863815603
0.2935 0.70949609664184
0.294 0.710139392398165
0.2945 0.710781752359008
0.295 0.711423177797749
0.2955 0.712063635168325
0.296 0.712703141404509
0.2965 0.713341717903025
0.297 0.713979365932269
0.2975 0.714616086759589
0.298 0.715251881651278
0.2985 0.715886751872581
0.299 0.716520698687686
0.2995 0.717153723359733
0.3 0.717785827150804
0.3005 0.718417011321931
0.301 0.719047277133088
0.3015 0.719676625843198
0.302 0.720305058710126
0.3025 0.720932576990682
0.303 0.721559181940621
0.3035 0.722184874814641
0.304 0.722809656866382
0.3045 0.723433505624877
0.305 0.72405643382694
0.3055 0.724678455917145
0.306 0.725299573144105
0.3065 0.725919786755377
0.307 0.726539097997455
0.3075 0.727157508115772
0.308 0.727775018354701
0.3085 0.728391629957556
0.309 0.729007344166585
0.3095 0.729622162222977
0.31 0.730236085366858
0.3105 0.730849114837288
0.311 0.731461251872269
0.3115 0.732072497708733
0.312 0.732682853582553
0.3125 0.733292320728534
0.313 0.733900900380418
0.3135 0.73450859377088
0.314 0.735115402131529
0.3145 0.735721326692909
0.315 0.736326368684497
0.3155 0.736930529334701
0.316 0.737533809870865
0.3165 0.738136211519262
0.317 0.738737735505098
0.3175 0.73933838305251
0.318 0.739938155384566
0.3185 0.740537053723264
0.319 0.741135079289534
0.3195 0.741732233303233
0.32 0.74232851698315
0.3205 0.742923931547
0.321 0.74351847821143
0.3215 0.744112158192013
0.322 0.74470497270325
0.3225 0.74529692295857
0.323 0.745888010170329
0.3235 0.746478235549809
0.324 0.74706760030722
0.3245 0.747656105651696
0.325 0.748243752791299
0.3255 0.748830542933012
0.326 0.749416477282748
0.3265 0.750001557045341
0.327 0.75058578342455
0.3275 0.75116915762306
0.328 0.751751680842475
0.3285 0.752333354283326
0.329 0.752914179145066
0.3295 0.753494156626068
0.33 0.754073287923629
0.3305 0.754651574233969
0.331 0.755229016752225
0.3315 0.755805616672461
0.332 0.756381375187656
0.3325 0.756956293489712
0.333 0.757530372769452
0.3335 0.758103614216616
0.334 0.758676019019864
0.3345 0.759247588366778
0.335 0.759818323443854
0.3355 0.76038822543651
0.336 0.76095729552908
0.3365 0.761525534904815
0.337 0.762092944745887
0.3375 0.76265952623338
0.338 0.763225280547299
0.3385 0.763790208866563
0.339 0.764354312369008
0.3395 0.764917592231384
0.34 0.76548004962936
0.3405 0.766041685737516
0.341 0.766602501729351
0.3415 0.767162498777274
0.342 0.767721678052612
0.3425 0.768280040725604
0.343 0.768837587965404
0.3435 0.769394320940077
0.344 0.769950223978134
0.3445 0.770505294851078
0.345 0.771059554064676
0.3455 0.77161300278347
0.346 0.77216564217091
0.3465 0.772717473389362
0.347 0.773268497600102
0.3475 0.773818715963315
0.348 0.774368129638102
0.3485 0.774916739782471
0.349 0.775464547553341
0.3495 0.776011554106542
0.35 0.776557760596813
0.3505 0.777103168177804
0.351 0.777647778002072
0.3515 0.778191591221086
0.352 0.778734608985221
0.3525 0.779276832443763
0.353 0.779818262744905
0.3535 0.780358901035747
0.354 0.78089871941737
0.3545 0.781437722980469
0.355 0.781975937092089
0.3555 0.782513362895789
0.356 0.783050001534037
0.3565 0.783585854148206
0.357 0.784120921878577
0.3575 0.784655205864337
0.358 0.785188707243577
0.3585 0.785721427153296
0.359 0.786253366729399
0.3595 0.786784527106694
0.36 0.787314909418895
0.3605 0.787844514798622
0.361 0.788373344377398
0.3615 0.788901372953113
0.362 0.789428587724451
0.3625 0.789955029218803
0.363 0.790480698564143
0.3635 0.791005596887347
0.364 0.791529725314194
0.3645 0.792053084969369
0.365 0.792575676976457
0.3655 0.793097502457947
0.366 0.79361856253523
0.3665 0.794138858328601
0.367 0.794658390957255
0.3675 0.795177161539291
0.368 0.795695125851703
0.3685 0.796212298520307
0.369 0.796728711636243
0.3695 0.79724436631405
0.37 0.79775926366717
0.3705 0.798273404807943
0.371 0.798786790847614
0.3715 0.799299422896324
0.372 0.799811302063117
0.3725 0.800322429455937
0.373 0.800832806181628
0.3735 0.801342412371603
0.374 0.801851205150767
0.3745 0.80235924973161
0.375 0.802866547217413
0.3755 0.803373098710356
0.376 0.803878905311516
0.3765 0.80438396812087
0.377 0.804888288237295
0.3775 0.805391866758565
0.378 0.805894704781353
0.3785 0.80639680340123
0.379 0.806898077337347
0.3795 0.807398605836067
0.38 0.807898397375513
0.3805 0.808397453047687
0.381 0.80889577394349
0.3815 0.809393361152719
0.382 0.809890215764069
0.3825 0.810386338865131
0.383 0.810881731542396
0.3835 0.81137635812455
0.384 0.81187019168976
0.3845 0.812363297254547
0.385 0.812855675901826
0.3855 0.813347328713412
0.386 0.813838256770014
0.3865 0.814328461151239
0.387 0.814817942935587
0.3875 0.815306703200457
0.388 0.815794698682604
0.3885 0.816281910752974
0.389 0.816768403706961
0.3895 0.817254178618388
0.39 0.817739236559975
0.3905 0.818223578603335
0.391 0.818707205818975
0.3915 0.819190119276299
0.392 0.819672320043606
0.3925 0.820153700545813
0.393 0.820634363944584
0.3935 0.821114317036144
0.394 0.821593560885213
0.3945 0.822072096555406
0.395 0.822549925109235
0.3955 0.823027047608102
0.396 0.823503465112305
0.3965 0.823979070625449
0.397 0.824453960189675
0.3975 0.824928147124214
0.398 0.825401632485788
0.3985 0.825874417330007
0.399 0.826346502711378
0.3995 0.826817889683301
0.4 0.827288554879719
0.4005 0.827758421972281
0.401 0.828227593005012
0.4015 0.828696069027733
0.402 0.829163851089155
0.4025 0.829630940236885
0.403 0.830097337517419
0.4035 0.83056304397615
0.404 0.831027956676947
0.4045 0.831492152553465
0.405 0.831955659939961
0.4055 0.832418479878243
0.406 0.832880613409015
0.4065 0.833342061571871
0.407 0.833802825405299
0.4075 0.834262816937528
0.408 0.834722078136234
0.4085 0.835180657321925
0.409 0.835638555529508
0.4095 0.836095773792779
0.41 0.836552313144428
0.4105 0.837008174616037
0.411 0.837463253728458
0.4115 0.837917620460506
0.412 0.83837131161356
0.4125 0.83882432821562
0.413 0.839276671293575
0.4135 0.83972834187321
0.414 0.840179333945125
0.4145 0.840629516364559
0.415 0.841079028573825
0.4155 0.841527871595123
0.416 0.841976046449546
0.4165 0.842423554157075
0.417 0.842870395736588
0.4175 0.843316491282668
0.418 0.843761852500963
0.4185 0.844206549864028
0.419 0.844650584387153
0.4195 0.845093957084523
0.42 0.845536668969213
0.4205 0.84597869064147
0.421 0.846419928663697
0.4215 0.846860508133138
0.422 0.847300430059287
0.4225 0.847739695450528
0.423 0.848178305314137
0.4235 0.848616259045743
0.424 0.849053401508898
0.4245 0.849489890691427
0.425 0.849925727597021
0.4255 0.850360913228266
0.426 0.850795448586638
0.4265 0.851229334672506
0.427 0.851662414661719
0.4275 0.852094841006164
0.428 0.852526620309748
0.4285 0.852957753569259
0.429 0.853388241780372
0.4295 0.853818077301251
0.43 0.854247110925752
0.4305 0.854675501723091
0.431 0.855103250685364
0.4315 0.855530358803559
0.432 0.855956827067555
0.4325 0.856382612253993
0.433 0.856807632283233
0.4335 0.857232014666629
0.434 0.85765576039048
0.4345 0.858078870439976
0.435 0.8585013457992
0.4355 0.858923086455639
0.436 0.859344119895276
0.4365 0.85976452084012
0.437 0.860184290270673
0.4375 0.860603429166331
0.438 0.861021938356416
0.4385 0.861439640404192
0.439 0.861856714102151
0.4395 0.862273160426111
0.44 0.862688980350779
0.4405 0.863104174849755
0.441 0.863518649877045
0.4415 0.863932413777058
0.442 0.864345554423592
0.4425 0.864758072786671
0.443 0.865169969835209
0.4435 0.865581221648422
0.444 0.865991693116267
0.4445 0.866401545431395
0.445 0.866810779559143
0.4455 0.867219396463744
0.446 0.867627397108323
0.4465 0.868034625022297
0.447 0.868441206268919
0.4475 0.868847173404486
0.448 0.869252527388547
0.4485 0.869657269179545
0.449 0.870061282048906
0.4495 0.870464609406843
0.45 0.870867326710302
0.4505 0.871269434914154
0.451 0.871670934972161
0.4515 0.872071736401262
0.452 0.872471826967288
0.4525 0.872871311515678
0.453 0.873270190996623
0.4535 0.87366846635921
0.454 0.874066059936112
0.4545 0.874462930723996
0.455 0.874859199511359
0.4555 0.875254867243715
0.456 0.875649934865475
0.4565 0.876044324161964
0.457 0.876437992102516
0.4575 0.876831062039941
0.458 0.877223534915083
0.4585 0.877615411667676
0.459 0.87800660023929
0.4595 0.878397082180397
0.46 0.878786970096068
0.4605 0.879176264922471
0.461 0.879564967594672
0.4615 0.879952958980717
0.462 0.880340271687401
0.4625 0.880726994326639
0.463 0.881113127829932
0.4635 0.881498673127677
0.464 0.881883470851252
0.4645 0.882267631005709
0.465 0.882651205031028
0.4655 0.883034193854041
0.466 0.88341659840048
0.4665 0.883798205968496
0.467 0.884179230170156
0.4675 0.884559672161311
0.468 0.88493953286413
0.4685 0.885318750107162
0.469 0.885697234102883
0.4695 0.88607513886846
0.47 0.886452465322505
0.4705 0.886829214382524
0.471 0.887205247568211
0.4715 0.887580624677921
0.472 0.887955426441472
0.4725 0.888329653772814
0.473 0.888703301188647
0.4735 0.889076160175652
0.474 0.889448446770447
0.4745 0.889820161883428
0.475 0.890191306423891
0.4755 0.890561775831208
0.476 0.890931556742463
0.4765 0.891300769110884
0.477 0.891669413842215
0.4775 0.892037491841097
0.478 0.892404786674248
0.4785 0.892771505735419
0.479 0.89313766008352
0.4795 0.893503250619646
0.48 0.8938681667663
0.4805 0.894232401921061
0.481 0.894596075275375
0.4815 0.894959187726788
0.482 0.895321727102965
0.4825 0.895683487715711
0.483 0.896044689429241
0.4835 0.896405333137555
0.484 0.896765419733555
0.4845 0.89712479305122
0.485 0.897483532440557
0.4855 0.89784171671098
0.486 0.89819934675185
0.4865 0.898556347743474
0.487 0.89891263408882
0.4875 0.899268368190181
0.488 0.899623550933376
0.4885 0.899978181492476
0.489 0.900332024037671
0.4895 0.900685317202443
0.49 0.901038061869073
0.4905 0.901390258918747
0.491 0.901741731834979
0.4915 0.902092593259308
0.492 0.902442909034163
0.4925 0.902792680037195
0.493 0.903141786912932
0.4935 0.903490225756664
0.494 0.903838121788241
0.4945 0.904185475881783
0.495 0.904532218588125
0.4955 0.904878243974832
0.496 0.905223729375364
0.4965 0.905568675660312
0.497 0.905913056061653
0.4975 0.906256677078661
0.498 0.906599760924146
0.4985 0.906942308465169
0.499 0.907284320567698
0.4995 0.907625554117624
0.5 0.907966245447851
0.5005 0.908306403273419
0.501 0.908646028456775
0.5015 0.908984904025907
0.502 0.90932321184449
0.5025 0.909660988946907
0.503 0.909998236192083
0.5035 0.910334755622516
0.504 0.91067068889692
0.5045 0.911006094232351
0.505 0.911340972484216
0.5055 0.911675137611367
0.506 0.912008705272943
0.5065 0.912341747761446
0.507 0.912674265928769
0.5075 0.913006078581397
0.508 0.913337289525409
0.5085 0.913667978050968
0.509 0.913998145006454
0.5095 0.914327607006658
0.51 0.914656470092318
0.5105 0.914984813502873
0.511 0.915312638083194
0.5115 0.915639751246428
0.512 0.915966275296929
0.5125 0.91629228240441
0.513 0.916617773410237
0.5135 0.916942539545316
0.514 0.917266733347862
0.5145 0.917590412928222
0.515 0.917913579124259
0.5155 0.918236000033369
0.516 0.918557872339211
0.5165 0.91887923313246
0.517 0.919200083247478
0.5175 0.919520160726185
0.518 0.919839720250655
0.5185 0.920158770960893
0.519 0.920477287146934
0.5195 0.920795049525022
0.52 0.921112304947566
0.5205 0.921429054243022
0.521 0.921745229976576
0.5215 0.922060694216913
0.522 0.92237565418113
0.5225 0.922690110694192
0.523 0.92300394775321
0.5235 0.923317122474782
0.524 0.923629795588457
0.5245 0.923941967915712
0.525 0.924253468071558
0.5255 0.924564361857563
0.526 0.924874756692704
0.5265 0.925184653394973
0.527 0.925493818412428
0.5275 0.925802439810314
0.528 0.926110564903189
0.5285 0.926418174138907
0.529 0.926725026142842
0.5295 0.927031383664341
0.53 0.927337247515517
0.5305 0.927642524539552
0.531 0.927947118516153
0.5315 0.928251220637323
0.532 0.928554831711702
0.5325 0.928857778271335
0.533 0.929160122672168
0.5335 0.929461977833431
0.534 0.92976334456029
0.5345 0.930063962396255
0.535 0.93036406563728
0.5355 0.930663682243457
0.536 0.930962748560823
0.5365 0.931261103862983
0.537 0.931558974324585
0.5375 0.931856360744941
0.538 0.932153101225342
0.5385 0.932449229506984
0.539 0.93274487553402
0.5395 0.933040040102302
0.54 0.93333445646906
0.5405 0.933628366050652
0.541 0.933921795952489
0.5415 0.934214663864338
0.542 0.934506840936891
0.5425 0.93479854010344
0.543 0.935089762153996
0.5435 0.935380308809941
0.544 0.935670281160902
0.5445 0.935959778161994
0.545 0.93624877826217
0.5455 0.936537027705799
0.546 0.936824803560443
0.5465 0.937112106610287
0.547 0.937398788294254
0.5475 0.937684846894034
0.548 0.937970434442288
0.5485 0.938255551719756
0.549 0.938539916682686
0.5495 0.938823792604284
0.55 0.939107200000769
0.5505 0.939390021421575
0.551 0.939672189580039
0.5515 0.939953890953843
0.552 0.940235126317918
0.5525 0.940515633828603
0.553 0.940795633026635
0.5535 0.941075167947804
0.554 0.941354133784328
0.5545 0.941632434642113
0.555 0.941910272950692
0.5555 0.942187649479198
0.556 0.942464304198586
0.5565 0.94274044971352
0.557 0.943016135168467
0.5575 0.943291250069721
0.558 0.943565706598597
0.5585 0.943839704782374
0.559 0.944113245384402
0.5595 0.944386051943624
0.56 0.944658366647275
0.5605 0.944930225476513
0.561 0.945201494061719
0.5615 0.945472129064955
0.562 0.945742309895925
0.5625 0.946012037312206
0.563 0.946281000312648
0.5635 0.946549506908556
0.564 0.946817561784386
0.5645 0.947084988643057
0.565 0.947351824755802
0.5655 0.947618210837905
0.566 0.947884102284384
0.5665 0.948149271654568
0.567 0.948413992678374
0.5675 0.948678266105274
0.568 0.948941855797287
0.5685 0.949204915486948
0.569 0.949467529256455
0.5695 0.949729585351947
0.57 0.949990987420342
0.5705 0.950251945240179
0.571 0.950512459555187
0.5715 0.950772216610864
0.572 0.951031522177497
0.5725 0.951290385903403
0.573 0.95154861116643
0.5735 0.951806268165085
0.574 0.952063484981966
0.5745 0.952320179170596
0.575 0.952576191275265
0.5755 0.952831764851974
0.576 0.953086900636393
0.5765 0.953341299556033
0.577 0.953595233550206
0.5775 0.953848731398433
0.578 0.954101601031081
0.5785 0.95435389908915
0.579 0.95460576264249
0.5795 0.954857103699821
0.58 0.955107769457027
0.5805 0.955358002345596
0.581 0.955607803093161
0.5815 0.955856852617817
0.582 0.956105458460554
0.5825 0.956353633790939
0.583 0.956601156511281
0.5835 0.956848138915964
0.584 0.957094692431833
0.5845 0.957340689052991
0.585 0.957586051616242
0.5855 0.957830986909115
0.586 0.958075458134351
0.5865 0.958319204441655
0.587 0.958562525091914
0.5875 0.958805420802442
0.588 0.959047605248337
0.5885 0.959289314825241
0.589 0.959530601068342
0.5895 0.959771261868321
0.59 0.960011363930019
0.5905 0.960251044258753
0.591 0.960490182109566
0.5915 0.960728680203104
0.592 0.960966758159437
0.5925 0.961204373755975
0.593 0.961441271417315
0.5935 0.961677750532133
0.594 0.96191381180747
0.5945 0.962149145321459
0.595 0.962384029114576
0.5955 0.962618496651523
0.596 0.962852309640356
0.5965 0.96308560162053
0.597 0.963318478922782
0.5975 0.963550772074869
0.598 0.963782475739811
0.5985 0.964013766300024
0.599 0.964244540301928
0.5995 0.964474659138317
0.6 0.96470436643812
0.6005 0.964933621974559
0.601 0.965162159458054
0.6015 0.965390286968059
0.602 0.965618005199102
0.6025 0.96584498431716
0.603 0.966071535496979
0.6035 0.966297678953605
0.604 0.966523141309938
0.6045 0.966748119608192
0.605 0.966972691733992
0.6055 0.967196638006878
0.606 0.967420046861211
0.6065 0.967643051088805
0.607 0.967865481954689
0.6075 0.968087324791783
0.608 0.968308764542832
0.6085 0.968529680676324
0.609 0.968749960911908
0.6095 0.968969839597127
0.61 0.969189241671009
0.6105 0.969407962709874
0.611 0.969626283729048
0.6115 0.969844172414272
0.612 0.970061337650283
0.6125 0.970278104392275
0.613 0.970494473317798
0.6135 0.970710093174079
0.614 0.970925309016847
0.6145 0.971140128561555
0.615 0.971354236698576
0.6155 0.971567905009185
0.616 0.971781178535155
0.6165 0.971993775617489
0.617 0.972205899752123
0.6175 0.972417630610559
0.618 0.97262871730096
0.6185 0.972839300604936
0.619 0.973049492136181
0.6195 0.973259069095586
0.62 0.973468114903369
0.6205 0.973676770436919
0.621 0.973884838324453
0.6215 0.974092349959666
0.622 0.974299472814184
0.6225 0.97450603228716
0.623 0.974712013062602
0.6235 0.974917606545928
0.624 0.975122658259851
0.6245 0.975327111477506
0.625 0.975531178886676
0.6255 0.975734723495242
0.626 0.975937652446296
0.6265 0.976140197067552
0.627 0.976342235222656
0.6275 0.976543643187508
0.628 0.976744668296311
0.6285 0.976945200648044
0.629 0.977145090896323
0.6295 0.977344599757371
0.63 0.977543626954024
0.6305 0.977742002744599
0.631 0.977939998611837
0.6315 0.978137521299904
0.632 0.978334385880901
0.6325 0.978530871997536
0.633 0.978726890821717
0.6335 0.97892224743053
0.634 0.979117227029046
0.6345 0.979311742632246
0.635 0.979505594495556
0.6355 0.979699070797726
0.636 0.979892083821062
0.6365 0.980084434154844
0.637 0.980276410371746
0.6375 0.980467921454546
0.638 0.98065877346409
0.6385 0.98084925279612
0.639 0.981039262575925
0.6395 0.981228619455845
0.64 0.981417605092733
0.6405 0.981606114205303
0.641 0.981793979139555
0.6415 0.981981474260375
0.642 0.982168483339687
0.6425 0.982354859501581
0.643 0.982540867274771
0.6435 0.982726376953025
0.644 0.98291126750524
0.6445 0.983095791088613
0.645 0.983279801996232
0.6455 0.98346321009083
0.646 0.98364625263159
0.6465 0.983828765397223
0.647 0.984010694175664
0.6475 0.984192258810419
0.648 0.984373274060944
0.6485 0.984553726654103
0.649 0.984733816508879
0.6495 0.984913334869404
0.65 0.985092314397581
0.6505 0.985270932587841
0.651 0.985448954681708
0.6515 0.985626464254646
0.652 0.9858036138853
0.6525 0.985980140334086
0.653 0.986156183050985
0.6535 0.986331867216406
0.654 0.986506898639929
0.6545 0.986681477589459
0.655 0.986855699373499
0.6555 0.987029236389814
0.656 0.987202354650134
0.6565 0.987375117126139
0.657 0.987547160351546
0.6575 0.987718820990314
0.658 0.987890117550831
0.6585 0.988060677270182
0.659 0.988230883344574
0.6595 0.988400687035343
0.66 0.988569793868068
0.6605 0.988738548424791
0.661 0.98890685985773
0.6615 0.98907451684487
0.662 0.989241822920177
0.6625 0.989408642705455
0.663 0.989574852877606
0.6635 0.989740713497313
0.664 0.989906042243354
0.6645 0.990070808620682
0.665 0.990235226800182
0.6655 0.990399065113664
0.666 0.990562390705921
0.6665 0.990725369450198
0.667 0.990887717936062
0.6675 0.991049605742599
0.668 0.991211148046247
0.6685 0.991372007307691
0.669 0.991532460317477
0.6695 0.991692569164711
0.67 0.9918519398032
0.6705 0.992010960994835
0.671 0.992169587546853
0.6715 0.992327521974774
0.672 0.992485114316504
0.6725 0.992642253144513
0.673 0.992798760352167
0.6735 0.992954926801902
0.674 0.993110578503036
0.6745 0.993265661442738
0.675 0.993420404948065
0.6755 0.993574570117731
0.676 0.993728231731482
0.6765 0.993881555229684
0.677 0.994034234461564
0.6775 0.994186477681068
0.678 0.994338384099135
0.6785 0.994489577985189
0.679 0.994640405731867
0.6795 0.994790857166456
0.68 0.994940607116985
0.6805 0.995090022301994
0.681 0.995238989275471
0.6815 0.995387328263088
0.682 0.995535333787333
0.6825 0.995682816887365
0.683 0.995829747807427
0.6835 0.99597634656158
0.684 0.996122346374116
0.6845 0.996267872111757
0.685 0.996413066976272
0.6855 0.996557584085553
0.686 0.996701707515695
0.6865 0.996845483491904
0.687 0.996988536349381
0.6875 0.997131260336755
0.688 0.997273554482866
0.6885 0.997415209471221
0.689 0.997556536870378
0.6895 0.997697349766364
0.69 0.997837609734643
0.6905 0.997977543389976
0.691 0.998116875614108
0.6915 0.998255743401202
0.692 0.998394286146957
0.6925 0.998532138275807
0.693 0.998669616710471
0.6935 0.998806729007365
0.694 0.998943143979209
0.6945 0.999079235880081
0.695 0.999214868943368
0.6955 0.999349898930137
0.696 0.999484607105749
0.6965 0.999618761507764
0.697 0.999752409312522
0.6975 0.999885736561319
0.698 1.0000184128727
0.6985 1.00015068128844
0.699 1.00028261876797
0.6995 1.00041382918851
0.7 1.00054472099814
0.7005 1.00067518123985
0.701 1.00080501658369
0.7015 1.00093453456011
0.702 1.00106351813041
0.7025 1.001191981165
0.703 1.00132012807105
0.7035 1.0014476355347
0.704 1.00157472901747
0.7045 1.00170149863904
0.705 1.00182753952605
0.7055 1.00195326620441
0.706 1.0020785605633
0.7065 1.00220323615611
0.707 1.00232759876751
0.7075 1.00245141842427
0.708 1.00257473145491
0.7085 1.0026977327268
0.709 1.00282007824031
0.7095 1.00294203143086
0.71 1.00306364008181
0.7105 1.00318454600824
0.711 1.00330514207082
0.7115 1.00342527741371
0.712 1.00354482770329
0.7125 1.0036640693401
0.713 1.00378273192964
0.7135 1.00390092927921
0.714 1.00401881918254
0.7145 1.00413600957179
0.715 1.00425285666826
0.7155 1.00436931116423
0.716 1.00448511626085
0.7165 1.00460061578128
0.717 1.00471559890341
0.7175 1.00483005789614
0.718 1.0049442125077
0.7185 1.00505772480489
0.719 1.00517084035556
0.7195 1.0052836174456
0.72 1.00539569473508
0.7205 1.0055074694957
0.721 1.00561877658105
0.7215 1.00572951453909
0.722 1.00583995115183
0.7225 1.00594978877726
0.723 1.00605919004072
0.7235 1.00616829113795
0.724 1.00627665984658
0.7245 1.00638472704252
0.725 1.00649236149592
0.7255 1.00659939558015
0.726 1.00670613132585
0.7265 1.00681229767405
0.727 1.00691800174789
0.7275 1.00702340865089
0.728 1.00712810743291
0.7285 1.0072324840986
0.729 1.00733644929915
0.7295 1.00743979650989
0.73 1.00754284835993
0.7305 1.00764534679976
0.731 1.0077473706213
0.7315 1.00784910023848
0.732 1.00795013245251
0.7325 1.00805083546238
0.733 1.00815113476359
0.7335 1.00825081194132
0.734 1.00835019670736
0.7345 1.00844903058211
0.735 1.00854739092912
0.7355 1.00864546000949
0.736 1.00874282898862
0.7365 1.00883987505784
0.737 1.00893651178773
0.7375 1.00903253561382
0.738 1.00912826994854
0.7385 1.00922344257603
0.739 1.00931815606746
0.7395 1.00941258120135
0.74 1.00950629025325
0.7405 1.00959969593846
0.741 1.00969267339962
0.7415 1.00978506039706
0.742 1.00987716079491
0.7425 1.00996867546763
0.743 1.01005975856433
0.7435 1.01015054203897
0.744 1.01024060859113
0.7445 1.01033039029117
0.745 1.01041971176091
0.7455 1.01050847829505
0.746 1.01059696109296
0.7465 1.01068482107813
0.747 1.01077229008362
0.7475 1.01085941952113
0.748 1.01094587548373
0.7485 1.01103204944038
0.749 1.01111771817082
0.7495 1.01120288045011
0.75 1.01128776182825
0.7505 1.01137197036796
0.751 1.01145584142912
0.7515 1.01153932006657
0.752 1.01162218155326
0.7525 1.01170476385199
0.753 1.01178678307019
0.7535 1.01186835714692
0.754 1.01194964684772
0.7545 1.01203021344071
0.755 1.01211050254859
0.7555 1.01219033359804
0.756 1.01226961656678
0.7565 1.01234862313747
0.757 1.0124269960455
0.7575 1.01250499781656
0.758 1.01258264184461
0.7585 1.01265963954729
0.759 1.01273636253781
0.7595 1.01281254918638
0.76 1.01288826944018
0.7605 1.01296371605794
0.761 1.013038445833
0.7615 1.0131128910406
0.762 1.01318689256815
0.7625 1.01326033708993
0.763 1.01333350964466
0.7635 1.01340605505469
0.764 1.01347822824236
0.7645 1.01355004578199
0.765 1.01362122032274
0.7655 1.01369212455522
0.766 1.01376248672977
0.7665 1.01383239362632
0.767 1.0139020283058
0.7675 1.01397093858237
0.768 1.01403958019928
0.7685 1.01410776026259
0.769 1.01417540656275
0.7695 1.01424278525532
0.77 1.01430951119974
0.7705 1.01437589587375
0.771 1.01444189494474
0.7715 1.01450728630928
0.772 1.01457241169815
0.7725 1.01463695739327
0.773 1.01470109076315
0.7735 1.01476490995546
0.774 1.01482805201129
0.7745 1.01489092971326
0.775 1.01495329626921
0.7755 1.01501518393991
0.776 1.01507680829153
0.7765 1.01513772270217
0.777 1.01519835830032
0.7775 1.01525854682196
0.778 1.01531819436477
0.7785 1.01537758019376
0.779 1.01543631730374
0.7795 1.01549471634753
0.78 1.01555272793447
0.7805 1.01561014088707
0.781 1.01566729372109
0.7815 1.01572385462654
0.782 1.01578002263189
0.7825 1.01583585837851
0.783 1.01589104224509
0.7835 1.01594596757838
0.784 1.01600035337019
0.7845 1.01605429581962
0.785 1.01610795681507
0.7855 1.01616091706645
0.786 1.01621362035988
0.7865 1.01626583212373
0.787 1.01631755446643
0.7875 1.01636902085592
0.788 1.01641978386839
0.7885 1.01647027054957
0.789 1.01652030936595
0.7895 1.01656981701792
0.79 1.0166190702757
0.7905 1.01666766105813
0.791 1.01671593652157
0.7915 1.01676380346577
0.792 1.0168111018099
0.7925 1.016858147309
0.793 1.01690456693325
0.7935 1.01695063654039
0.794 1.01699633268255
0.7945 1.01704142706874
0.795 1.01708627014923
0.7955 1.01713051968198
0.796 1.01717438876137
0.7965 1.01721791516645
0.797 1.01726081091172
0.7975 1.0173034568808
0.798 1.01734553738361
0.7985 1.01738721123095
0.799 1.01742856895879
0.7995 1.01746927134735
0.8 1.01750972547949
0.8005 1.01754963800877
0.801 1.01758912188706
0.8015 1.01762831199237
0.802 1.01766682627578
0.8025 1.01770509381279
0.803 1.01774283941984
0.8035 1.01778013855947
0.804 1.01781716209184
0.8045 1.01785349348908
0.805 1.01788957964024
0.8055 1.01792515937125
0.806 1.01796027897012
0.8065 1.01799513697406
0.807 1.01802929067163
0.8075 1.01806320061381
0.808 1.01809661550988
0.8085 1.01812956073349
0.809 1.0181622542484
0.8095 1.01819423540048
0.81 1.0182259742782
0.8105 1.01825722537537
0.811 1.01828800135693
0.8115 1.01831853141716
0.812 1.01834834514567
0.8125 1.01837791807124
0.813 1.01840700640047
0.8135 1.01843561824104
0.814 1.01846398587587
0.8145 1.01849163727059
0.815 1.01851904932422
0.8155 1.01854597591145
0.816 1.01857242867999
0.8165 1.01859863491367
0.817 1.01862412903234
0.8175 1.01864938526225
0.818 1.01867415112838
0.8185 1.0186984498619
0.819 1.01872249571366
0.8195 1.01874583758211
0.82 1.01876894300462
0.8205 1.01879154916552
0.821 1.01881369886919
0.8215 1.01883558535323
0.822 1.01885677996548
0.8225 1.01887773956513
0.823 1.01889818703169
0.8235 1.01891819267892
0.824 1.01893792080447
0.8245 1.01895697312281
0.825 1.01897579185248
0.8255 1.01899408163058
0.826 1.01901194816317
0.8265 1.01902951893445
0.827 1.01904643388961
0.8275 1.01906311667061
0.828 1.01907924976117
0.8285 1.01909498208937
0.829 1.01911039650565
0.8295 1.01912517899686
0.83 1.01913973071904
0.8305 1.01915370811802
0.831 1.01916731112068
0.8315 1.01918057017627
0.832 1.01919322507137
0.8325 1.01920565059325
0.833 1.01921747329167
0.8335 1.01922895181634
0.834 1.01924005650061
0.8345 1.01925058863619
0.835 1.01926089278505
0.8355 1.019270561769
0.836 1.01927992063202
0.8365 1.01928887192943
0.837 1.01929728611092
0.8375 1.01930547368291
0.838 1.01931298993356
0.8385 1.0193202339202
0.839 1.01932703281027
0.8395 1.01933333381205
0.84 1.01933940957234
0.8405 1.01934477406596
0.841 1.0193499079305
0.8415 1.01935455538789
0.842 1.01935874795341
0.8425 1.01936267848231
0.843 1.0193659303442
0.8435 1.01936895881008
0.844 1.01937145580454
0.8445 1.01937354464642
0.845 1.01937532503457
0.8455 1.01937647484407
0.846 1.01937740260395
0.8465 1.01937775010039
0.847 1.01937773990053
0.8475 1.01937737111121
0.848 1.01937642353948
0.8485 1.01937525525539
0.849 1.01937345421385
0.8495 1.01937134962356
0.85 1.01936883261521
0.8505 1.01936579230283
0.851 1.01936253260627
0.8515 1.01935858398197
0.852 1.01935438962205
0.8525 1.01934972534826
0.853 1.01934459690537
0.8535 1.01933921708752
0.854 1.01933315514075
0.8545 1.01932687560163
0.855 1.0193200650112
0.8555 1.01931285301759
0.856 1.01930532719829
0.8565 1.01929718332555
0.857 1.0192888231674
0.8575 1.01927986720431
0.858 1.01927057620954
0.8585 1.01926090533118
0.859 1.01925068407146
0.8595 1.01924024782428
0.86 1.01922914742772
0.8605 1.01921778195124
0.861 1.01920596695141
0.8615 1.01919367281362
0.862 1.01918114331417
0.8625 1.01916792108176
0.863 1.019154485613
0.8635 1.01914052742455
0.864 1.0191261648876
0.8645 1.01911149250942
0.865 1.01909620346731
0.8655 1.01908070246581
0.866 1.01906460201683
0.8665 1.0190481755298
0.867 1.01903136119939
0.8675 1.01901400978621
0.868 1.01899644768173
0.8685 1.01897820589556
0.869 1.01895971987778
0.8695 1.01894076451692
0.87 1.01892135514158
0.8705 1.01890168630792
0.871 1.01888135412947
0.8715 1.01886081297064
0.872 1.01883971749638
0.8725 1.0188182545382
0.873 1.01879644589578
0.8735 1.01877406168908
0.874 1.01875146974939
0.8745 1.01872823507407
0.875 1.0187047228829
0.8755 1.0186807753425
0.876 1.01865634344708
0.8765 1.01863168314228
0.877 1.01860633208859
0.8775 1.0185807749849
0.878 1.01855468945263
0.8785 1.01852821417868
0.879 1.018501416183
0.8795 1.01847402328117
0.88 1.01844642555619
0.8805 1.01841820293347
0.881 1.01838968856198
0.8815 1.0183607537753
0.882 1.01833132329608
0.8825 1.0183016764449
0.883 1.01827133039552
0.8835 1.01824078117835
0.884 1.01820971049591
0.8845 1.01817824668099
0.885 1.01814646423143
0.8855 1.01811408635276
0.886 1.01808150651281
0.8865 1.0180483008252
0.887 1.01801480788732
0.8875 1.01798089072843
0.888 1.01794648522308
0.8885 1.01791185669119
0.889 1.01787653914756
0.8895 1.01784102127063
0.89 1.01780497028686
0.8905 1.01776854132862
0.891 1.01773177926564
0.8915 1.01769443975178
0.892 1.01765690109097
0.8925 1.01761871716216
0.893 1.01758026889617
0.8935 1.01754137418041
0.894 1.0175020168314
0.8945 1.01746241142577
0.895 1.0174221455147
0.8955 1.0173816820575
0.896 1.0173406555627
0.8965 1.01729928448508
0.897 1.01725754759065
0.8975 1.01721526941007
0.898 1.01717279484976
0.8985 1.0171296374451
0.899 1.01708625671701
0.8995 1.01704238920141
0.9 1.01699810281951
0.9005 1.01695352528889
0.901 1.01690833376594
0.9015 1.01686294743721
0.902 1.01681695016357
0.9025 1.01677065962027
0.903 1.0167239526183
0.9035 1.01667675836972
0.904 1.01662934173465
0.9045 1.01658124428888
0.905 1.01653295359595
0.9055 1.01648411797969
0.906 1.0164349250074
0.9065 1.01638538004274
0.907 1.01633528529573
0.9075 1.0162849984369
0.908 1.01623403505893
0.9085 1.01618284733685
0.909 1.01613117489365
0.9095 1.01607908680952
0.91 1.01602670539516
0.9105 1.015973717449
0.911 1.01592053892315
0.9115 1.015866739848
0.912 1.01581266236301
0.9125 1.0157581545979
0.913 1.01570317865037
0.9135 1.01564796228869
0.914 1.01559208837403
0.9145 1.01553602539673
0.915 1.01547939212147
0.9155 1.01542243207141
0.916 1.01536509047879
0.9165 1.01530723384799
0.917 1.01524918403077
0.9175 1.01519043131006
0.918 1.01513149102873
0.9185 1.01507202503986
0.919 1.01501218955451
0.9195 1.01495201561827
0.92 1.01489128541638
0.9205 1.01483036874758
0.921 1.01476877919269
0.9215 1.01470696868699
0.922 1.01464467146049
0.9225 1.01458196760199
0.923 1.01451896279548
0.9235 1.01445536606711
0.924 1.01439158434794
0.9245 1.01432716465553
0.925 1.01426249093774
0.9255 1.01419736393913
0.926 1.01413179870231
0.9265 1.01406596448843
0.927 1.01399950821101
0.9275 1.01393286840411
0.928 1.01386562003188
0.9285 1.01379809004727
0.929 1.01373013473163
0.9295 1.01366171504443
0.93 1.01359305287568
0.9305 1.01352374395982
0.931 1.0134542529611
0.9315 1.01338417735635
0.932 1.01331379798358
0.9325 1.01324301579563
0.933 1.01317174851944
0.9335 1.01310025983794
0.934 1.01302810512782
0.9345 1.01295576976686
0.935 1.01288286836655
0.9355 1.01280964641801
0.936 1.01273603879213
0.9365 1.01266193072222
0.937 1.01258761695978
0.9375 1.01251262323354
0.938 1.01243745027392
0.9385 1.01236172450473
0.939 1.01228566672695
0.9395 1.01220923508725
0.94 1.01213229295308
0.9405 1.01205515553125
0.941 1.01197732950135
0.9415 1.0118993256411
0.942 1.01182077691945
0.9425 1.01174188999346
0.943 1.01166263575381
0.9435 1.01158286621948
0.944 1.01150290654957
0.9445 1.01142225486316
0.945 1.01134142673508
0.9455 1.0112600564672
0.946 1.01117834700893
0.9465 1.01109627157303
0.947 1.0110136812376
0.9475 1.01093090072076
0.948 1.01084742996009
0.9485 1.01076378413216
0.949 1.01067959371412
0.9495 1.01059506827477
0.95 1.01051017303615
0.9505 1.01042476843407
0.951 1.01033916846132
0.9515 1.01025288514409
0.952 1.01016642811984
0.9525 1.01007941893762
0.953 1.00999208400402
0.9535 1.00990437034614
0.954 1.00981615794759
0.9545 1.00972773989987
0.955 1.00963865047964
0.9555 1.00954938869851
0.956 1.00945956212803
0.9565 1.00936942412306
0.957 1.00927889341933
0.9575 1.00918787963061
0.958 1.00909664487884
0.9585 1.00900475574538
0.959 1.00891269558314
0.9595 1.0088200529903
0.96 1.00872711827323
0.9605 1.00863377188706
0.961 1.008539963051
0.9615 1.00844591295609
0.962 1.00835123043578
0.9625 1.00825637820487
0.963 1.00816092094564
0.9635 1.00806519581253
0.964 1.00796903509739
0.9645 1.00787243749368
0.965 1.00777557340662
0.9655 1.00767810376281
0.966 1.00758046571276
0.9665 1.00748219513316
0.967 1.00738368581724
0.9675 1.0072847121167
0.968 1.0071853319623
0.9685 1.00708565522419
0.969 1.0069854046576
0.9695 1.00688498697537
0.97 1.00678390441157
0.9705 1.00668261708361
0.971 1.00658083173138
0.9715 1.00647867518089
0.972 1.00637618712298
0.9725 1.00627316177208
0.973 1.00616997058247
0.9735 1.00606607736082
0.974 1.00596201812952
0.9745 1.0058574224495
0.975 1.00575249559555
0.9755 1.0056471975393
0.976 1.00554140348067
0.9765 1.00543540313017
0.977 1.00532874228376
0.9775 1.00522191719611
0.978 1.00511451250245
0.9785 1.00500682137607
0.979 1.0048987146332
0.9795 1.00479015788192
0.98 1.0046813491712
0.9805 1.00457192720779
0.981 1.00446234224949
0.9815 1.00435212984662
0.982 1.00424168041762
0.9825 1.00413076629014
0.983 1.00401945280016
0.9835 1.00390783702883
0.984 1.00379565988656
0.9845 1.00368332098235
0.985 1.00357030216505
0.9855 1.00345710034239
0.986 1.00334338012266
0.9865 1.00322931578721
0.987 1.00311489424522
0.9875 1.00299996780158
0.988 1.00288484501734
0.9885 1.00276905686906
0.989 1.00265310850127
0.9895 1.00253658347204
0.99 1.00241977412398
0.9905 1.00230254809168
0.991 1.00218487816391
0.9915 1.00206695120797
0.992 1.00194842109998
0.9925 1.00182973197549
0.993 1.00171040340996
0.9935 1.00159085482216
0.994 1.00147082557037
0.9945 1.0013504179158
0.995 1.0012296880566
0.9955 1.00110842173075
0.996 1.0009869913428
0.9965 1.00086486674013
0.997 1.00074258462587
0.9975 1.00061975341591
0.998 1.00049661373238
0.9985 1.00037308222886
0.999 1.00024908536757
0.9995 1.00012485364857
1 1
