"EPS" "MSE"
5e-04 0.00561395699888606
0.001 0.0102694776371723
0.0015 0.0145463083356765
0.002 0.0185782035562521
0.0025 0.0224290254754764
0.003 0.0261364043033831
0.0035 0.02972515753527
0.004 0.0332129003569047
0.0045 0.03661275820054
0.005 0.0399348982016633
0.0055 0.0431874291567443
0.006 0.0463769594714315
0.0065 0.0495089578054372
0.007 0.0525880650273417
0.0075 0.0556182303051949
0.008 0.0586028854819246
0.0085 0.0615449855831827
0.009 0.0644471749728503
0.0095 0.06731177799059
0.01 0.0701408711783992
0.0105 0.0729363273311403
0.011 0.0756998210917176
0.0115 0.0784328890996506
0.012 0.0811369144396113
0.0125 0.0838131833252857
0.013 0.0864628522261184
0.0135 0.0890870163366179
0.014 0.0916866460073582
0.0145 0.0942626911882821
0.015 0.0968159893568186
0.0155 0.0993473538245011
0.016 0.101857522830334
0.0165 0.104347205128723
0.017 0.106817047893552
0.0175 0.10926765782019
0.018 0.111699647117047
0.0185 0.114113515754762
0.019 0.116509817672527
0.0195 0.118889043578469
0.02 0.121251608687506
0.0205 0.12359801618303
0.021 0.125928648357215
0.0215 0.128243890020614
0.022 0.130544128516124
0.0225 0.132829753732612
0.023 0.135101063947226
0.0235 0.137358426878255
0.024 0.139602135826711
0.0245 0.141832485675319
0.025 0.144049772894525
0.0255 0.146254295548287
0.026 0.148446262078842
0.0265 0.150625999714148
0.027 0.152793680109167
0.0275 0.154949577713635
0.028 0.157093920336556
0.0285 0.159226925791061
0.029 0.161348808765877
0.0295 0.163459718471088
0.03 0.165559923016344
0.0305 0.167649573795404
0.031 0.169728876432621
0.0315 0.171797959719387
0.032 0.173857044727863
0.0325 0.175906283034824
0.033 0.177945826695581
0.0335 0.179975828244115
0.034 0.181996440693176
0.0345 0.184007817534314
0.035 0.186010112737864
0.0355 0.188003415653642
0.036 0.189987892352681
0.0365 0.191963690692246
0.037 0.193930885064463
0.0375 0.195889639771914
0.038 0.197840090865075
0.0385 0.199782265227827
0.039 0.201716352514692
0.0395 0.203642452035137
0.04 0.205560663310109
0.0405 0.207471086071653
0.041 0.209373820262522
0.0415 0.211268966035761
0.042 0.213156623754267
0.0425 0.215036893990337
0.043 0.216909877525187
0.0435 0.218775588884987
0.044 0.220634192322464
0.0445 0.222485795474168
0.045 0.224330364721285
0.0455 0.226168113495473
0.046 0.227999017795605
0.0465 0.229823253631903
0.047 0.231640776644765
0.0475 0.2334517774306
0.048 0.23525626837986
0.0485 0.237054301614903
0.049 0.238846000463306
0.0495 0.240631423632405
0.05 0.242410620379083
0.0505 0.244183621410911
0.051 0.245950535600769
0.0515 0.247711421954891
0.052 0.249466339548057
0.0525 0.251215347523243
0.053 0.252958505091267
0.0535 0.25469587153043
0.054 0.256427506186148
0.0545 0.258153458157191
0.055 0.259873743302556
0.0555 0.261588462615396
0.056 0.26329767568538
0.0565 0.265001442167449
0.057 0.26669975778981
0.0575 0.268392685994639
0.058 0.270080334384474
0.0585 0.271762687889028
0.059 0.273439796826292
0.0595 0.275111790861299
0.06 0.276778552417612
0.0605 0.278440308907804
0.061 0.28009694496578
0.0615 0.281748654133374
0.062 0.283395318766638
0.0625 0.285037143819965
0.063 0.286674018596235
0.0635 0.288306091110695
0.064 0.289933389702365
0.0645 0.291555861885876
0.065 0.293173657935917
0.0655 0.294786802038914
0.066 0.296395217261875
0.0665 0.297999052996645
0.067 0.299598338785579
0.0675 0.3011931041814
0.068 0.302783311750513
0.0685 0.304369050666192
0.069 0.305950366039788
0.0695 0.307527287469706
0.07 0.30909984456391
0.0705 0.310668066939765
0.071 0.312231984223881
0.0715 0.313791626051952
0.072 0.315347022068599
0.0725 0.316898201927204
0.073 0.318445195289755
0.0735 0.319988031826677
0.074 0.321526741216669
0.0745 0.323061353146542
0.075 0.324591897311047
0.0755 0.326118403412713
0.076 0.327640901161674
0.0765 0.329159420275503
0.077 0.330673990479037
0.0775 0.332184641504211
0.078 0.333691403089879
0.0785 0.335194219127657
0.079 0.336693193553672
0.0795 0.338188359553958
0.08 0.339679746888598
0.0805 0.3411673566663
0.081 0.342651147648167
0.0815 0.344131241021789
0.082 0.345607666566035
0.0825 0.347080367550451
0.083 0.348549387611401
0.0835 0.350014820937328
0.084 0.35147661951915
0.0845 0.352934786958297
0.085 0.354389448777411
0.0855 0.35584050386664
0.086 0.357288039407536
0.0865 0.358732123384654
0.087 0.360172620932624
0.0875 0.361609745321519
0.088 0.363043345051008
0.0885 0.364473571057053
0.089 0.365900363437783
0.0895 0.367323779334453
0.09 0.368743827742064
0.0905 0.370160521793626
0.091 0.371573889584226
0.0915 0.372983950044103
0.092 0.374390700553123
0.0925 0.375794215662246
0.093 0.377194412203285
0.0935 0.378591470188435
0.094 0.379985176052103
0.0945 0.381375772645592
0.095 0.382763143576978
0.0955 0.384147339127825
0.096 0.38552846274691
0.0965 0.386906323948164
0.097 0.388281136099906
0.0975 0.389652878468436
0.098 0.391021442339007
0.0985 0.392386997911977
0.099 0.393749532747525
0.0995 0.395108929508164
0.1 0.396465355224578
0.1005 0.397818820835238
0.101 0.399169215919614
0.1015 0.400516638398805
0.102 0.401861137979893
0.1025 0.403202725586301
0.103 0.404541277479816
0.1035 0.405876937506805
0.104 0.407209722718706
0.1045 0.408539644023211
0.105 0.409866649014627
0.1055 0.411190758155554
0.106 0.41251204049826
0.1065 0.41383050693402
0.107 0.415146168350075
0.1075 0.416459030565379
0.108 0.417769021259161
0.1085 0.419076243976544
0.109 0.420380709587503
0.1095 0.421682428957787
0.11 0.422981412948887
0.1105 0.424277672417996
0.111 0.425571218217978
0.1115 0.426862046370394
0.112 0.428150140961191
0.1125 0.429435558814734
0.113 0.430718310765287
0.1135 0.43199840764259
0.114 0.43327586027182
0.1145 0.434550679473558
0.115 0.435822876063751
0.1155 0.437092460853679
0.116 0.438359444649914
0.1165 0.43962383825429
0.117 0.440885652463861
0.1175 0.442144898070869
0.118 0.443401585862706
0.1185 0.444655726621878
0.119 0.445907331125969
0.1195 0.447156410147604
0.12 0.448402974454414
0.1205 0.449647034808996
0.121 0.450888601968882
0.1215 0.452127686686497
0.122 0.453364299709126
0.1225 0.454598451778878
0.123 0.455830153632644
0.1235 0.457059416002066
0.124 0.458286249613499
0.1245 0.459510665187972
0.125 0.460732670098382
0.1255 0.46195221973305
0.126 0.463169379092477
0.1265 0.46438415887739
0.127 0.465596569783025
0.1275 0.466806622499087
0.128 0.468014327709716
0.1285 0.469219696093449
0.129 0.470422738323183
0.1295 0.471623420946392
0.13 0.472821743278686
0.1305 0.474017767085245
0.131 0.475211503017541
0.1315 0.476402961721239
0.132 0.477592153836157
0.1325 0.478779067062615
0.133 0.479963633888445
0.1335 0.481145961662505
0.134 0.482326061002459
0.1345 0.483503942519957
0.135 0.484679616820591
0.1355 0.485852955909337
0.136 0.487024099194927
0.1365 0.488193062706501
0.137 0.489359857026765
0.1375 0.490524434338686
0.138 0.491686757977448
0.1385 0.492846939805023
0.139 0.494004990380761
0.1395 0.495160885664266
0.14 0.49631452574479
0.1405 0.497466061889683
0.141 0.498615504634467
0.1415 0.499762797415743
0.142 0.500907889701787
0.1425 0.502050915838817
0.143 0.503191886338055
0.1435 0.504330655917906
0.144 0.505467335842502
0.1445 0.506601987314092
0.145 0.507734542292934
0.1455 0.508864946269819
0.146 0.509993348929371
0.1465 0.511119730231866
0.147 0.512243928393606
0.1475 0.513366152323956
0.148 0.514486400785845
0.1485 0.515604463131289
0.149 0.516720578280937
0.1495 0.517834734648204
0.15 0.518946731040919
0.1505 0.520056807222472
0.151 0.521164912150515
0.1515 0.522270912317228
0.152 0.523375019205832
0.1525 0.52447711325863
0.153 0.525577186787666
0.1535 0.52667539391945
0.154 0.527771517568734
0.1545 0.528865733908456
0.155 0.529958052711562
0.1555 0.531048304303393
0.156 0.532136732760644
0.1565 0.533223146175307
0.157 0.534307652307611
0.1575 0.535390300537978
0.158 0.536470910298565
0.1585 0.537549740044885
0.159 0.538626547654406
0.1595 0.539701523304967
0.16 0.540774605237924
0.1605 0.541845752653549
0.161 0.542915123853479
0.1615 0.543982468859143
0.162 0.545048093127523
0.1625 0.546111712631308
0.163 0.547173576558256
0.1635 0.548233524620335
0.164 0.549291653936405
0.1645 0.550347945416929
0.165 0.551402365816067
0.1655 0.552455015551891
0.166 0.553505752691232
0.1665 0.554554775495808
0.167 0.555601854995465
0.1675 0.556647265658732
0.168 0.557690713101592
0.1685 0.558732526389868
0.169 0.559772367321389
0.1695 0.560810597977262
0.17 0.56184685790526
0.1705 0.562881520647481
0.171 0.563914225041933
0.1715 0.564945334565307
0.172 0.565974508858141
0.1725 0.56700207983342
0.173 0.568027749418311
0.1735 0.569051796492085
0.174 0.570073986724253
0.1745 0.571094524518847
0.175 0.572113260714849
0.1755 0.57313030382821
0.176 0.574145611265741
0.1765 0.575159174271335
0.177 0.57617107818902
0.1775 0.577181175635726
0.178 0.578189701232922
0.1785 0.579196347644923
0.179 0.580201454366725
0.1795 0.581204729958191
0.18 0.582206405400084
0.1805 0.583206362170214
0.181 0.584204620797231
0.1815 0.585201283810786
0.182 0.586196140062915
0.1825 0.58718947424772
0.183 0.588181002636581
0.1835 0.589170954084758
0.184 0.590159247892069
0.1845 0.591145830983631
0.185 0.592130904321725
0.1855 0.593114144226868
0.186 0.594095868763649
0.1865 0.595075933030679
0.187 0.596054323085612
0.1875 0.597031215646871
0.188 0.598006306411561
0.1885 0.598979883962547
0.189 0.59995185779841
0.1895 0.600922134597473
0.19 0.601890926108133
0.1905 0.602858006515351
0.191 0.603823516661174
0.1915 0.604787538612148
0.192 0.605749781589802
0.1925 0.606710551429348
0.193 0.607669759695827
0.1935 0.608627281669046
0.194 0.609583337481308
0.1945 0.610537777953942
0.195 0.611490605152024
0.1955 0.612441973147688
0.196 0.613391691604345
0.1965 0.614339850188039
0.197 0.61528655650916
0.1975 0.616231598614289
0.198 0.617175114675467
0.1985 0.618117185395138
0.199 0.619057596699145
0.1995 0.619996496260476
0.2 0.620933957382508
0.2005 0.621869783321126
0.201 0.622804092335754
0.2015 0.623736969794347
0.202 0.624668255688012
0.2025 0.625598000039232
0.203 0.626526319698657
0.2035 0.627453110751891
0.204 0.628378316252829
0.2045 0.629302103907107
0.205 0.630224445207898
0.2055 0.631145137601191
0.206 0.632064418973775
0.2065 0.632982291129228
0.207 0.633898560450444
0.2075 0.634813361193901
0.208 0.635726759521704
0.2085 0.636638680906949
0.209 0.637549026602649
0.2095 0.638457976664803
0.21 0.639365532885151
0.2105 0.640271510973867
0.211 0.641176038260786
0.2115 0.64207917846331
0.212 0.642980909818869
0.2125 0.643881039749064
0.213 0.644779789332733
0.2135 0.645677160349673
0.214 0.64657307630498
0.2145 0.647467460596476
0.215 0.648360473034193
0.2155 0.649252115391207
0.216 0.650142287092013
0.2165 0.65103096618488
0.217 0.651918281884955
0.2175 0.652804235958562
0.218 0.653688734299452
0.2185 0.654571748484173
0.219 0.655453407705179
0.2195 0.656333713722013
0.22 0.657212609344953
0.2205 0.658089998761686
0.221 0.65896604161172
0.2215 0.659840739647789
0.222 0.660714094621182
0.2225 0.661585907578527
0.223 0.662456374014477
0.2235 0.663325503994431
0.224 0.664193299262833
0.2245 0.665059664785966
0.225 0.665924594612781
0.2255 0.666788196309187
0.226 0.667650471612752
0.2265 0.668511422259592
0.227 0.66937089239181
0.2275 0.670229005424433
0.228 0.671085800350371
0.2285 0.671941278898829
0.229 0.672795442797546
0.2295 0.673648119454137
0.23 0.674499473436002
0.2305 0.675349519286905
0.231 0.676198258727642
0.2315 0.677045693477542
0.232 0.677891678107341
0.2325 0.678736330507017
0.233 0.679579684703207
0.2335 0.68042174240826
0.234 0.681262505333049
0.2345 0.68210189891559
0.235 0.682939906925335
0.2355 0.683776626610581
0.236 0.684612059675191
0.2365 0.685446207821544
0.237 0.686279072750539
0.2375 0.687110531398571
0.238 0.687940673438665
0.2385 0.68876953867986
0.239 0.689597128816002
0.2395 0.690423445539449
0.24 0.691248490541067
0.2405 0.692072152027001
0.241 0.692894505982193
0.2415 0.693715594596499
0.242 0.6945354195537
0.2425 0.695353982536077
0.243 0.696171285224413
0.2435 0.696987286542321
0.244 0.697801929841942
0.2445 0.698615319190744
0.245 0.699427456262387
0.2455 0.700238342729023
0.246 0.701047980261304
0.2465 0.70185637052837
0.247 0.702663467237352
0.2475 0.703469234223736
0.248 0.704273760244547
0.2485 0.705077046961763
0.249 0.705879096035847
0.2495 0.706679909125751
0.25 0.70747948788891
0.2505 0.708277833981242
0.251 0.70907484971371
0.2515 0.709870612986356
0.252 0.71066514983829
0.2525 0.71145846191822
0.253 0.712250550873334
0.2535 0.713041418349296
0.254 0.713831065990248
0.2545 0.714619495438805
0.255 0.715406655848088
0.2555 0.716192542620675
0.256 0.716977217401131
0.2565 0.717760681824818
0.257 0.718542937525567
0.2575 0.719323986135679
0.258 0.72010382928592
0.2585 0.720882468605524
0.259 0.721659905722192
0.2595 0.722436134058174
0.26 0.723211072845581
0.2605 0.723984815574392
0.261 0.724757363865005
0.2615 0.725528719336278
0.262 0.726298883605527
0.2625 0.72706785828853
0.263 0.727835644999518
0.2635 0.728602245351182
0.264 0.729367660954666
0.2645 0.730131893419571
0.265 0.73089492882919
0.2655 0.73165671586136
0.266 0.732417325831386
0.2665 0.73317676034151
0.267 0.733935020992427
0.2675 0.734692109383277
0.268 0.735448027111648
0.2685 0.736202775773577
0.269 0.736956356963544
0.2695 0.737708772274476
0.27 0.738460023297744
0.2705 0.739210111623161
0.271 0.739959038838984
0.2715 0.74070680653191
0.272 0.741453362058853
0.2725 0.742198749871438
0.273 0.742942984151576
0.2735 0.743686066478544
0.274 0.744427998430055
0.2745 0.745168781582259
0.275 0.745908417509739
0.2755 0.746646907785512
0.276 0.74738425398103
0.2765 0.748120457666176
0.277 0.748855520409266
0.2775 0.749589443777045
0.278 0.75032222933469
0.2785 0.751053878645806
0.279 0.751784393272428
0.2795 0.752513774775016
0.28 0.75324202471246
0.2805 0.753969144642074
0.281 0.75469512966631
0.2815 0.755419951675812
0.282 0.75614364955753
0.2825 0.75686622486128
0.283 0.7575876791353
0.2835 0.758308013926251
0.284 0.75902723077921
0.2845 0.759745331237676
0.285 0.760462316843566
0.2855 0.761178189137215
0.286 0.761892949657374
0.2865 0.762606599941212
0.287 0.763319141524312
0.2875 0.764030575940673
0.288 0.764740904722708
0.2885 0.765450129401242
0.289 0.766158251505515
0.2895 0.766865272563177
0.29 0.767571194100291
0.2905 0.76827601764133
0.291 0.768979744709176
0.2915 0.769682376825121
0.292 0.770383915508867
0.2925 0.771084362278521
0.293 0.771783718650599
0.2935 0.772481986140023
0.294 0.773179166260121
0.2945 0.773875260522627
0.295 0.774570270437677
0.2955 0.775264197513814
0.296 0.775957043257981
0.2965 0.776648809175527
0.297 0.777339496770199
0.2975 0.778029107544149
0.298 0.778717642997927
0.2985 0.779405104630484
0.299 0.78009149393917
0.2995 0.780776812419734
0.3 0.781461061566322
0.3005 0.782144242871479
0.301 0.782826357826146
0.3015 0.78350740791966
0.302 0.784187394639754
0.3025 0.784866319472557
0.303 0.785544183902589
0.3035 0.786220989412768
0.304 0.786896737484402
0.3045 0.787571429597193
0.305 0.788245067229236
0.3055 0.788917651857014
0.306 0.789589184955405
0.3065 0.790259667997675
0.307 0.790929102455479
0.3075 0.791597489798864
0.308 0.792264831496261
0.3085 0.792931129014495
0.309 0.793596383818773
0.3095 0.794260597372693
0.31 0.794923771138235
0.3105 0.795585906575769
0.311 0.796247005144048
0.3115 0.796907068300211
0.312 0.79756609749978
0.3125 0.798224094196661
0.313 0.798881059843144
0.3135 0.7995369958899
0.314 0.800191903785984
0.3145 0.800845784978832
0.315 0.801498640914259
0.3155 0.802150473036465
0.316 0.802801282788026
0.3165 0.803451071609899
0.317 0.804099840941421
0.3175 0.804747581687271
0.318 0.805394273223969
0.3185 0.806039948450137
0.319 0.806684608799867
0.3195 0.807328255705629
0.32 0.807970890598268
0.3205 0.808612514907006
0.321 0.809253130059442
0.3215 0.809892737481548
0.322 0.810531338597675
0.3225 0.811168934830544
0.323 0.811805527601252
0.3235 0.81244111832927
0.324 0.813075708432442
0.3245 0.813709299326985
0.325 0.814341892427488
0.3255 0.814973489146911
0.326 0.815604090896587
0.3265 0.816233699086218
0.327 0.81686231512388
0.3275 0.817489940416017
0.328 0.818116544029193
0.3285 0.818742126286809
0.329 0.81936672090535
0.3295 0.819990329285989
0.33 0.820612952828271
0.3305 0.821234592930109
0.331 0.821855250987783
0.3315 0.822474928395941
0.332 0.823093626547598
0.3325 0.823711346834136
0.333 0.824328090645304
0.3335 0.824943859369216
0.334 0.825558654392352
0.3345 0.82617247709956
0.335 0.826785328874048
0.3355 0.827397207795808
0.336 0.828008040469378
0.3365 0.828617905264924
0.337 0.829226803560374
0.3375 0.829834736732021
0.338 0.830441706154518
0.3385 0.831047713200885
0.339 0.831652759242503
0.3395 0.832256845649116
0.34 0.832859973788829
0.3405 0.83346214502811
0.341 0.83406336073179
0.3415 0.834663622263057
0.342 0.835262925854716
0.3425 0.835861188518717
0.343 0.836458500020446
0.3435 0.837054861717801
0.344 0.83765027496704
0.3445 0.838244741122782
0.345 0.838838261538004
0.3455 0.839430837564044
0.346 0.840022470550598
0.3465 0.840613161845721
0.347 0.841202912795828
0.3475 0.84179172474569
0.348 0.84237953753228
0.3485 0.84296636892347
0.349 0.843552264283596
0.3495 0.84413722495213
0.35 0.844721252266902
0.3505 0.845304347564098
0.351 0.845886512178264
0.3515 0.8464677474423
0.352 0.847048054687464
0.3525 0.847627435243371
0.353 0.848205872128797
0.3535 0.848783286969476
0.354 0.849359778056399
0.3545 0.849935346713875
0.355 0.85050999426457
0.3555 0.851083722029504
0.356 0.851656531328054
0.3565 0.85222842347795
0.357 0.85279939979528
0.3575 0.853369461594484
0.358 0.853938545386566
0.3585 0.854506656143949
0.359 0.85507385528501
0.3595 0.855640144118882
0.36 0.856205523953052
0.3605 0.856769996093362
0.361 0.857333561844006
0.3615 0.857896222507535
0.362 0.858457979384851
0.3625 0.859018768244253
0.363 0.859578587010598
0.3635 0.860137504862487
0.364 0.860695523095513
0.3645 0.861252643003623
0.365 0.861808865879114
0.3655 0.862364193012639
0.366 0.862918625693204
0.3665 0.863472165208164
0.367 0.864024676751699
0.3675 0.864576290951528
0.368 0.86512701482746
0.3685 0.865676849661543
0.369 0.866225796734174
0.3695 0.866773857324106
0.37 0.867321032708441
0.3705 0.867867324162637
0.371 0.868412607357188
0.3715 0.868956984615601
0.372 0.869500480759195
0.3725 0.870043097058114
0.373 0.870584834780855
0.3735 0.871125695194267
0.374 0.87166567956355
0.3745 0.872204777554317
0.375 0.872742857214167
0.3755 0.873280063622491
0.376 0.873816398039178
0.3765 0.874351861722469
0.377 0.874886455928959
0.3775 0.875420181913592
0.378 0.875953040929665
0.3785 0.876484935015631
0.379 0.877015900248245
0.3795 0.877546001278527
0.38 0.878075239354465
0.3805 0.878603615722396
0.381 0.879131131627012
0.3815 0.879657788311356
0.382 0.880183517959354
0.3825 0.880708290180241
0.383 0.88123220592438
0.3835 0.881755266429506
0.384 0.882277472931702
0.3845 0.88279882666541
0.385 0.88331932886342
0.3855 0.883838903532348
0.386 0.884357530510031
0.3865 0.884875308672846
0.387 0.885392239248278
0.3875 0.885908323462162
0.388 0.886423562538688
0.3885 0.886937957700398
0.389 0.887451386770265
0.3895 0.887963915877962
0.39 0.888475603768991
0.3905 0.888986451660591
0.391 0.889496460768352
0.3915 0.890005632306218
0.392 0.890513947152045
0.3925 0.891021260258615
0.393 0.891527738474428
0.3935 0.892033383008125
0.394 0.892538195066702
0.3945 0.893042175855508
0.395 0.893545326578247
0.3955 0.894047512817477
0.396 0.894548814134206
0.3965 0.895049288041352
0.397 0.895548935737321
0.3975 0.89604775841887
0.398 0.896545757281114
0.3985 0.89704284334688
0.399 0.897539000307748
0.3995 0.89803433608681
0.4 0.898528851873887
0.4005 0.89902254885715
0.401 0.899515428223131
0.4015 0.900007420429663
0.402 0.900498465345135
0.4025 0.900988695261854
0.403 0.901478111361059
0.4035 0.901966714822342
0.404 0.902454506823654
0.4045 0.902941411440077
0.405 0.903427376388037
0.4055 0.903912532475603
0.406 0.904396880875437
0.4065 0.904880422758558
0.407 0.905363159294344
0.4075 0.905844982544786
0.408 0.90632589937072
0.4085 0.906806013429958
0.409 0.907285325886594
0.4095 0.907763837903081
0.41 0.908241550640229
0.4105 0.908718298703927
0.411 0.909194199021125
0.4115 0.909669302620704
0.412 0.910143610658196
0.4125 0.910617124287495
0.413 0.911089816620752
0.4135 0.911561523672261
0.414 0.912032438862033
0.4145 0.912502563338682
0.415 0.912971898249187
0.4155 0.913440444738888
0.416 0.913908072895254
0.4165 0.914374820000392
0.417 0.914840781212299
0.4175 0.915305957671043
0.418 0.915770350515056
0.4185 0.916233931691019
0.419 0.916696530914738
0.4195 0.917158349036065
0.42 0.917619387188167
0.4205 0.918079646502574
0.421 0.918539128109181
0.4215 0.918997655973666
0.422 0.919455351056756
0.4225 0.91991227092554
0.423 0.920368416704656
0.4235 0.920823789517103
0.424 0.921278279035937
0.4245 0.92173187101143
0.425 0.92218469249855
0.4255 0.922636744615044
0.426 0.923088028477026
0.4265 0.923538483451012
0.427 0.923987992127975
0.4275 0.924436735013538
0.428 0.924884713218567
0.4285 0.925331927852293
0.429 0.925778352059618
0.4295 0.926223797125675
0.43 0.926668481068377
0.4305 0.927112404991714
0.431 0.927555569998044
0.4315 0.927997967194326
0.432 0.928439368215795
0.4325 0.928880012753056
0.433 0.929319901903231
0.4335 0.929759036761814
0.434 0.930197410680153
0.4345 0.930634787102186
0.435 0.931071411650295
0.4355 0.93150728541474
0.436 0.931942409484158
0.4365 0.932376763835187
0.437 0.932810134981916
0.4375 0.933242758836174
0.438 0.93367463648137
0.4385 0.934105768999289
0.439 0.934536107471222
0.4395 0.934965492545913
0.44 0.93539413488079
0.4405 0.93582203555242
0.441 0.936249195635746
0.4415 0.936675521894432
0.442 0.937100939979634
0.4425 0.937525619848925
0.443 0.937949562572033
0.4435 0.938372769217068
0.444 0.93879508690604
0.4445 0.939216556963755
0.445 0.939637293300738
0.4455 0.940057296979892
0.446 0.940476569062501
0.4465 0.940894881803032
0.447 0.941312422674874
0.4475 0.941729234292481
0.448 0.94214531771194
0.4485 0.942560629104238
0.449 0.942974985378873
0.4495 0.943388615786239
0.45 0.943801521377227
0.4505 0.944213703201116
0.451 0.944625015928791
0.4515 0.945035475924251
0.452 0.945445214468499
0.4525 0.945854232605626
0.453 0.946262531378111
0.4535 0.94666984900149
0.454 0.94707643122784
0.4545 0.947482296390468
0.455 0.947887445526673
0.4555 0.94829176914502
0.456 0.948695205729493
0.4565 0.94909792857708
0.457 0.94949993871991
0.4575 0.949901237188502
0.458 0.950301571880071
0.4585 0.950701163019342
0.459 0.951100044758983
0.4595 0.951498218124352
0.46 0.951895563418776
0.4605 0.95229203340378
0.461 0.952687797277772
0.4615 0.953082856060948
0.462 0.953477210771901
0.4625 0.953870573249801
0.463 0.954263229743101
0.4635 0.954655184412555
0.464 0.955046438271607
0.4645 0.955436815909909
0.465 0.955826375454962
0.4655 0.956215236426675
0.466 0.956603399833347
0.4665 0.956990794569933
0.467 0.957377267546746
0.4675 0.95776304518428
0.468 0.9581481284857
0.4685 0.958532518452571
0.469 0.958915938985475
0.4695 0.959298643600048
0.47 0.959680657091017
0.4705 0.960061980454821
0.471 0.96044242257204
0.4715 0.960822064422596
0.472 0.961201018345667
0.4725 0.961579285332572
0.473 0.961956750941438
0.4735 0.962333340234724
0.474 0.962709244780276
0.4745 0.9630844655643
0.475 0.963458956563018
0.4755 0.96383250345366
0.476 0.964205368759974
0.4765 0.964577553463058
0.477 0.964949058542423
0.4775 0.965319586331308
0.478 0.965689422484643
0.4785 0.966058581176734
0.479 0.966427063381995
0.4795 0.9667946209545
0.48 0.967161437989174
0.4805 0.9675275806883
0.481 0.967893050021203
0.4815 0.968257639245252
0.482 0.968621447143718
0.4825 0.968984583816069
0.483 0.969347050226547
0.4835 0.969708672961021
0.484 0.970069481653954
0.4845 0.970429622213963
0.485 0.970789095600217
0.4855 0.971147753694971
0.486 0.971505573061342
0.4865 0.971862727371768
0.487 0.97221921758035
0.4875 0.972574912876235
0.488 0.972929752743401
0.4885 0.973283930615411
0.489 0.973637447441308
0.4895 0.973990181770187
0.49 0.974342051913971
0.4905 0.974693263107226
0.491 0.975043816293945
0.4915 0.975393591478713
0.492 0.975742501623492
0.4925 0.976090755846232
0.493 0.976438355085885
0.4935 0.976785172940491
0.494 0.977131132759278
0.4945 0.977476439668408
0.495 0.9778210946018
0.4955 0.978164956931266
0.496 0.978507976045802
0.4965 0.978850345246981
0.497 0.979192065463697
0.4975 0.979532974064134
0.498 0.979873062044975
0.4985 0.980212503092704
0.499 0.980551298131199
0.4995 0.980889254789832
0.5 0.981226421156437
0.5005 0.98156294355415
0.501 0.98189882290184
0.5015 0.982233829397023
0.502 0.982568083617847
0.5025 0.982901696818
0.503 0.983234669911353
0.5035 0.983566728012593
0.504 0.983898079505178
0.5045 0.984228792909344
0.505 0.98455886913397
0.5055 0.984887980601946
0.506 0.985216438733013
0.5065 0.985544261691971
0.507 0.985871409711574
0.5075 0.986197616969301
0.508 0.986523191054845
0.5085 0.986848132868679
0.509 0.987172337169918
0.5095 0.987495666758001
0.51 0.987818366063384
0.5105 0.988140435981576
0.511 0.988461698301686
0.5115 0.988782159450813
0.512 0.989101993190863
0.5125 0.989421200412388
0.513 0.98973952247985
0.5135 0.990057124370242
0.514 0.990374101709348
0.5145 0.990690455382775
0.515 0.991005838917336
0.5155 0.991320590678842
0.516 0.991634720731053
0.5165 0.991948146194793
0.517 0.992260676667335
0.5175 0.992572587379531
0.518 0.992883879208656
0.5185 0.993194368986392
0.519 0.993504064623624
0.5195 0.993813143315915
0.52 0.994121605935617
0.5205 0.994429161723911
0.521 0.994736031520883
0.5215 0.995042287172602
0.522 0.995347887906192
0.5225 0.995652553033265
0.523 0.995956605935025
0.5235 0.996260047475536
0.524 0.996562717028058
0.5245 0.996864571381823
0.525 0.99716581628352
0.5255 0.99746645259232
0.526 0.997766192637298
0.5265 0.99806524507874
0.527 0.998363690825729
0.5275 0.998661478791164
0.528 0.998958342934908
0.5285 0.999254602275288
0.529 0.999550257663233
0.5295 0.999845118891228
0.53 1.00013919596423
0.5305 1.00043267096519
0.531 1.00072554474017
0.5315 1.00101748088137
0.532 1.0013087796113
0.5325 1.00159947898498
0.533 1.0018894659811
0.5335 1.00217859254008
0.534 1.00246712160518
0.5345 1.0027550540143
0.535 1.00304211865571
0.5355 1.00332848148912
0.536 1.00361424951831
0.5365 1.00389936682815
0.537 1.00418356749088
0.5375 1.00446717519387
0.538 1.00475019076682
0.5385 1.0050323884304
0.539 1.00531383984511
0.5395 1.00559470096367
0.54 1.00587495309347
0.5405 1.00615425224204
0.541 1.00643296292108
0.5415 1.00671108595215
0.542 1.00698842112062
0.5425 1.00726498535926
0.543 1.00754096376601
0.5435 1.00781635518283
0.544 1.00809077696447
0.5445 1.00836461472306
0.545 1.00863786927207
0.5455 1.00891034638905
0.546 1.00918204745995
0.5465 1.00945316711959
0.547 1.00972370225148
0.5475 1.0099932705795
0.548 1.01026225928739
0.5485 1.01053066918054
0.549 1.01079829265075
0.5495 1.01106515432887
0.55 1.0113314389729
0.5505 1.01159712220904
0.551 1.01186186076376
0.5515 1.01212602405787
0.552 1.01238961288872
0.5525 1.01265238707813
0.553 1.01291443290597
0.5535 1.01317590603359
0.554 1.01343674172451
0.5545 1.01369667395416
0.555 1.01395603523951
0.5555 1.01421482636991
0.556 1.01447275560593
0.5565 1.01473000889446
0.557 1.01498669377355
0.5575 1.01524268623128
0.558 1.01549783535297
0.5585 1.01575241780363
0.559 1.01600643436462
0.5595 1.01625952293626
0.56 1.01651200676591
0.5605 1.01676392643396
0.561 1.01701507993219
0.5615 1.01726546893288
0.562 1.01751529549292
0.5625 1.01776451459544
0.563 1.01801281254379
0.5635 1.0182605497654
0.564 1.01850772703047
0.5645 1.01875404580476
0.565 1.01899969744216
0.5655 1.01924479082664
0.566 1.01948917688879
0.5665 1.0197327466809
0.567 1.01997575991666
0.5675 1.02021821393587
0.568 1.0204597056063
0.5685 1.02070064240994
0.569 1.02094102510588
0.5695 1.02118058231009
0.57 1.02141944638295
0.5705 1.02165775802744
0.571 1.0218953848511
0.5715 1.02213217987931
0.572 1.02236842415147
0.5725 1.02260411841882
0.573 1.02283885090981
0.5735 1.02307303147359
0.574 1.02330666369472
0.5745 1.02353946745251
0.575 1.0237715879567
0.5755 1.02400316177343
0.576 1.02423403745278
0.5765 1.02446410153105
0.577 1.0246936205701
0.5775 1.02492256882336
0.578 1.02515058009429
0.5785 1.02537804796728
0.579 1.02560497317942
0.5795 1.0258310315115
0.58 1.02605645181501
0.5805 1.02628133108888
0.581 1.02650546361533
0.5815 1.02672883993091
0.582 1.02695167684113
0.5825 1.02717388420599
0.583 1.02739522010017
0.5835 1.0276160182064
0.584 1.02783627925087
0.5845 1.0280556000757
0.585 1.02827436292263
0.5855 1.02849259031517
0.586 1.02870998757811
0.5865 1.02892671869551
0.587 1.02914291595902
0.5875 1.02935839029583
0.588 1.02957309319857
0.5885 1.02978726384107
0.589 1.03000081588514
0.5895 1.03021349407321
0.59 1.03042564158785
0.5905 1.03063725914134
0.591 1.03084792892879
0.5915 1.03105805679392
0.592 1.03126765627476
0.5925 1.03147640534271
0.593 1.03168451702185
0.5935 1.03189210188677
0.594 1.03209893086042
0.5945 1.03230502980232
0.595 1.0325106034933
0.5955 1.03271551299551
0.596 1.03291960263421
0.5965 1.03312316857848
0.597 1.0333261592298
0.5975 1.0335282429846
0.598 1.03372980459472
0.5985 1.03393084475549
0.599 1.0341309582889
0.5995 1.03433051896274
0.6 1.03452955972715
0.6005 1.03472775595085
0.601 1.03492531907166
0.6015 1.03512236381621
0.602 1.03531864334265
0.6025 1.03551421227906
0.603 1.03570926436568
0.6035 1.03590362780497
0.604 1.03609720591105
0.6045 1.03629026868709
0.605 1.03648271664706
0.6055 1.0366743072623
0.606 1.03686538406058
0.6065 1.03705591714676
0.607 1.03724552359616
0.6075 1.03743461773501
0.608 1.03762320023887
0.6085 1.0378108621447
0.609 1.03799797692795
0.6095 1.03818458157291
0.61 1.03837033010875
0.6105 1.03855546882581
0.611 1.03874009889464
0.6115 1.038923934658
0.612 1.03910710058386
0.6125 1.03928975934493
0.613 1.03947168293107
0.6135 1.03965287932634
0.614 1.03983357003363
0.6145 1.04001358203554
0.615 1.04019281214648
0.6155 1.04037153803967
0.616 1.04054963904805
0.6165 1.0407269061066
0.617 1.04090367041104
0.6175 1.04107986101435
0.618 1.04125516823817
0.6185 1.04142997416493
0.619 1.04160425494938
0.6195 1.04177760554185
0.62 1.04195045628779
0.6205 1.04212280783728
0.621 1.04229422498761
0.6215 1.04246512373535
0.622 1.04263552472762
0.6225 1.04280503351475
0.623 1.04297398343273
0.6235 1.04314243702973
0.624 1.04331003803199
0.6245 1.04347704227451
0.625 1.04364355162401
0.6255 1.04380924541752
0.626 1.04397430712477
0.6265 1.04413887536047
0.627 1.04430266251909
0.6275 1.04446578481716
0.628 1.04462841505868
0.6285 1.04479029615408
0.629 1.04495148215501
0.6295 1.04511217750793
0.63 1.04527215310954
0.6305 1.04543140591134
0.631 1.04559016946723
0.6315 1.04574824014227
0.632 1.04590556282898
0.6325 1.04606239766542
0.633 1.04621856397892
0.6335 1.04637395962059
0.634 1.04652886880125
0.6345 1.046683131316
0.635 1.04683660296878
0.6355 1.04698958954339
0.636 1.04714194882
0.6365 1.04729349952613
0.637 1.04744456653055
0.6375 1.04759502312744
0.638 1.04774465591531
0.6385 1.04789380637155
0.639 1.04804236084494
0.6395 1.0481900787291
0.64 1.04833731564535
0.6405 1.04848396854929
0.641 1.04862977453049
0.6415 1.04877510090116
0.642 1.04891985278751
0.6425 1.04906374985273
0.643 1.04920716865849
0.6435 1.04935002007693
0.644 1.04949201119944
0.6445 1.04963352540723
0.645 1.04977447690527
0.6455 1.04991456504463
0.646 1.0500541776077
0.6465 1.0501932297307
0.647 1.05033141783278
0.6475 1.05046913169075
0.648 1.0506062849819
0.6485 1.05074257597895
0.649 1.0508783940578
0.6495 1.05101364905813
0.65 1.05114804586882
0.6505 1.05128197108094
0.651 1.05141532832935
0.6515 1.05154783385874
0.652 1.05167986910298
0.6525 1.0518113291362
0.653 1.05194194627585
0.6535 1.05207209443754
0.654 1.05220165779017
0.6545 1.05233038941812
0.655 1.05245865336908
0.6555 1.0525863205736
0.656 1.05271316955441
0.6565 1.05283955215303
0.657 1.05296532373977
0.6575 1.05309029292458
0.658 1.05321479701582
0.6585 1.05333867351299
0.659 1.05346176573954
0.6595 1.05358439415497
0.66 1.05370637608867
0.6605 1.0538275941813
0.661 1.05394834973915
0.6615 1.05406843763334
0.662 1.0541877844031
0.6625 1.05430666990824
0.663 1.05442486428481
0.6635 1.0545423425294
0.664 1.05465936077346
0.6645 1.05477566215216
0.665 1.05489127465604
0.6655 1.05500642841736
0.666 1.05512083731586
0.6665 1.05523458685025
0.667 1.05534787889397
0.6675 1.05546039582784
0.668 1.05557228515074
0.6685 1.05568371822881
0.669 1.05579434371152
0.6695 1.05590437556779
0.67 1.05601395241901
0.6705 1.05612268696195
0.671 1.0562308640833
0.6715 1.05633858743333
0.672 1.05644543154583
0.6725 1.05655175665087
0.673 1.0566576292123
0.6735 1.0567625834016
0.674 1.05686705919587
0.6745 1.05697106861313
0.675 1.05707414843952
0.6755 1.05717677761552
0.676 1.05727889786656
0.6765 1.05738013254172
0.677 1.05748091777898
0.6775 1.05758114936587
0.678 1.05768054156231
0.6785 1.05777948552737
0.679 1.05787782895014
0.6795 1.05797538132742
0.68 1.05807248667391
0.6805 1.05816894243052
0.681 1.0582646576353
0.6815 1.05835992700393
0.682 1.05845449559031
0.6825 1.05854837625637
0.683 1.05864181227501
0.6835 1.05873449418503
0.684 1.0588265429333
0.6845 1.05891814821698
0.685 1.05900894394249
0.6855 1.05909916338111
0.686 1.05918894053207
0.6865 1.05927785056288
0.687 1.05936624328719
0.6875 1.05945419489493
0.688 1.05954121971883
0.6885 1.05962778831144
0.689 1.05971387071418
0.6895 1.05979905705546
0.69 1.05988380408629
0.6905 1.05996800201001
0.691 1.06005136819052
0.6915 1.06013429621681
0.692 1.06021661014425
0.6925 1.06029815871441
0.693 1.06037927028075
0.6935 1.06045970069265
0.694 1.06053943419025
0.6945 1.06061873182865
0.695 1.06069727920375
0.6955 1.060775200154
0.696 1.0608526863839
0.6965 1.06092935119893
0.697 1.06100546211451
0.6975 1.06108113944282
0.698 1.06115592217252
0.6985 1.06123022555358
0.699 1.06130406741802
0.6995 1.06137699759183
0.7 1.06144949592606
0.7005 1.06152145641355
0.701 1.06159258289727
0.7015 1.06166327865991
0.702 1.06173335824024
0.7025 1.0618026835024
0.703 1.06187157915627
0.7035 1.06193977829725
0.704 1.06200730479401
0.7045 1.06207440278958
0.705 1.06214072195704
0.7055 1.06220645213219
0.706 1.06227175490758
0.7065 1.0623361945654
0.707 1.06240013085041
0.7075 1.06246363092674
0.708 1.06252620144154
0.7085 1.06258834625562
0.709 1.06264996751444
0.7095 1.06271074787817
0.71 1.06277110362827
0.7105 1.06283084652857
0.711 1.06288983914159
0.7115 1.06294840822245
0.712 1.06300627322125
0.7125 1.06306348047172
0.713 1.0631202652659
0.7135 1.06317625281831
0.714 1.06323167708223
0.7145 1.06328667996015
0.715 1.06334079051932
0.7155 1.06339443416058
0.716 1.06344760639247
0.7165 1.06349989149771
0.717 1.0635517568681
0.7175 1.06360305278287
0.718 1.06365356090082
0.7185 1.06370365034008
0.719 1.06375307038607
0.7195 1.06380180384999
0.72 1.06385011968585
0.7205 1.06389766430948
0.721 1.06394462544061
0.7215 1.06399116998882
0.722 1.06403683963461
0.7225 1.06408203074225
0.723 1.06412676306521
0.7235 1.06417060141716
0.724 1.06421402479868
0.7245 1.06425688280698
0.725 1.06429895468709
0.7255 1.06434061262797
0.726 1.06438159676136
0.7265 1.0644219044487
0.727 1.06446179922257
0.7275 1.0645009099189
0.728 1.06453945568072
0.7285 1.0645775895494
0.729 1.06461482724463
0.7295 1.06465161333637
0.73 1.06468791469395
0.7305 1.06472335367809
0.731 1.06475838234343
0.7315 1.06479281135033
0.732 1.06482649413343
0.7325 1.06485976760432
0.733 1.06489232469181
0.7335 1.06492425349952
0.734 1.06495577399622
0.7345 1.06498645959367
0.735 1.06501663663995
0.7355 1.06504638665283
0.736 1.06507522090603
0.7365 1.0651036483932
0.737 1.06513152755663
0.7375 1.06515861345384
0.738 1.06518529357264
0.7385 1.06521130231136
0.739 1.06523664203705
0.7395 1.06526157696664
0.74 1.06528571570352
0.7405 1.06530931143063
0.741 1.06533250333864
0.7415 1.06535477249472
0.742 1.06537662638467
0.7425 1.06539796090766
0.743 1.06541847742172
0.7435 1.06543859162446
0.744 1.06545805719474
0.7445 1.0654768351965
0.745 1.06549521185055
0.7455 1.06551280888455
0.746 1.06552985050636
0.7465 1.06554649173884
0.747 1.06556222065115
0.7475 1.06557752801399
0.748 1.06559232302038
0.7485 1.06560629714406
0.749 1.06561987235756
0.7495 1.06563279986074
0.75 1.06564504298828
0.7505 1.06565688815075
0.751 1.06566794856078
0.7515 1.06567846278439
0.752 1.06568857998288
0.7525 1.065697773708
0.753 1.06570656110866
0.7535 1.06571482164385
0.754 1.06572227986562
0.7545 1.06572934251308
0.755 1.06573573697232
0.7555 1.06574147157262
0.756 1.06574681152546
0.7565 1.06575134031248
0.757 1.06575535334385
0.7575 1.0657589494456
0.758 1.06576163616624
0.7585 1.06576392967012
0.759 1.06576566070187
0.7595 1.06576662901149
0.76 1.06576720501821
0.7605 1.06576707137923
0.761 1.06576632330219
0.7615 1.06576518383103
0.762 1.06576318591878
0.7625 1.06576072346841
0.763 1.06575779356802
0.7635 1.06575400873782
0.764 1.06574983391645
0.7645 1.06574504033567
0.765 1.0657395442299
0.7655 1.0657336590289
0.766 1.06572700216076
0.7665 1.06571979676488
0.767 1.0657122031647
0.7675 1.06570368340049
0.768 1.06569477068906
0.7685 1.06568531962299
0.769 1.06567508838849
0.7695 1.0656644703252
0.77 1.06565315694668
0.7705 1.06564122143494
0.771 1.06562889997264
0.7715 1.06561572466857
0.772 1.0656020868266
0.7725 1.06558798070428
0.773 1.06557302706288
0.7735 1.06555768882693
0.774 1.06554172135613
0.7745 1.06552506838059
0.775 1.06550803167617
0.7755 1.06549020323941
0.776 1.06547185284945
0.7765 1.06545309407263
0.777 1.06543343056947
0.7775 1.06541338467412
0.778 1.06539276550191
0.7785 1.06537140753855
0.779 1.0653496680362
0.7795 1.06532718884683
0.78 1.06530413831592
0.7805 1.06528070709435
0.781 1.06525636826431
0.7815 1.06523162704791
0.782 1.06520635853818
0.7825 1.06518030788841
0.783 1.06515387785801
0.7835 1.06512675026916
0.784 1.06509901183037
0.7845 1.06507089484697
0.785 1.06504190855122
0.7855 1.06501248417872
0.786 1.06498256866857
0.7865 1.0649518374607
0.787 1.06492072899936
0.7875 1.06488895533745
0.788 1.06485654105135
0.7885 1.06482375033559
0.789 1.06479011888991
0.7895 1.06475602335439
0.79 1.0647214631543
0.7905 1.0646860633451
0.791 1.0646502883786
0.7915 1.06461387094354
0.792 1.06457679269975
0.7925 1.06453934011037
0.793 1.06450106580413
0.7935 1.06446231092828
0.794 1.06442310832234
0.7945 1.0643830516985
0.795 1.06434262198286
0.7955 1.06430156304824
0.796 1.0642598325669
0.7965 1.06421772979347
0.797 1.06417481488978
0.7975 1.06413141232743
0.798 1.06408756957353
0.7985 1.0640428677532
0.799 1.06399779487615
0.7995 1.06395209668944
0.8 1.06390572552273
0.8005 1.06385898408714
0.801 1.06381143082309
0.8015 1.06376339206068
0.802 1.06371491139072
0.8025 1.06366557582499
0.803 1.06361587120749
0.8035 1.06356553599026
0.804 1.0635145355239
0.8045 1.06346316678184
0.805 1.06341097736868
0.8055 1.06335831372681
0.806 1.06330519734692
0.8065 1.06325123932133
0.807 1.06319691421906
0.8075 1.06314194416717
0.808 1.06308632562193
0.8085 1.06303034076444
0.809 1.06297351738779
0.8095 1.06291624002268
0.81 1.06285849011337
0.8105 1.06279992074943
0.811 1.06274098625434
0.8115 1.06268138353811
0.812 1.06262115797132
0.8125 1.06256056802625
0.813 1.06249911284631
0.8135 1.06243723275135
0.814 1.06237485146775
0.8145 1.06231168172442
0.815 1.06224814876617
0.8155 1.06218391553064
0.816 1.06211909383768
0.8165 1.06205390967123
0.817 1.06198782482296
0.8175 1.06192135283019
0.818 1.06185434230224
0.8185 1.06178658297746
0.819 1.06171846232497
0.8195 1.06164960069006
0.82 1.06158019360587
0.8205 1.06151040654328
0.821 1.0614397135174
0.8215 1.061368660299
0.822 1.06129702263165
0.8225 1.06122468436383
0.823 1.06115198662676
0.8235 1.06107849868748
0.824 1.06100451678808
0.8245 1.06093010383715
0.825 1.06085483825833
0.8255 1.06077921432814
0.826 1.06070295160155
0.8265 1.06062604487107
0.827 1.06054878050133
0.8275 1.06047066832798
0.828 1.06039212203194
0.8285 1.06031308525805
0.829 1.0602332575116
0.8295 1.06015307322661
0.83 1.06007218749636
0.8305 1.05999072262707
0.831 1.05990890192031
0.8315 1.05982616755868
0.832 1.05974306712863
0.8325 1.0596594085727
0.833 1.05957502888829
0.8335 1.05949029445016
0.834 1.05940478774742
0.8345 1.05931877490814
0.835 1.05923234425252
0.8355 1.05914505347684
0.836 1.05905740902097
0.8365 1.05896913069964
0.837 1.05888020915283
0.8375 1.05879093460935
0.838 1.05870080894112
0.8385 1.05861025814713
0.839 1.05851920892453
0.8395 1.05842738233793
0.84 1.05833520381149
0.8405 1.05824230771733
0.841 1.05814885423103
0.8415 1.05805503481931
0.842 1.05796030682693
0.8425 1.05786522794147
0.843 1.05776956213011
0.8435 1.05767320956369
0.844 1.05757650677048
0.8445 1.05747899487218
0.845 1.05738101921818
0.8455 1.05728258439322
0.846 1.05718333632547
0.8465 1.05708373906124
0.847 1.05698345861558
0.8475 1.05688258975022
0.848 1.05678137234406
0.8485 1.05667924658666
0.849 1.05657675838709
0.8495 1.05647371008919
0.85 1.05636995153657
0.8505 1.0562658454572
0.851 1.05616095230816
0.8515 1.05605557667597
0.852 1.05594976121591
0.8525 1.05584311646726
0.853 1.0557361251961
0.8535 1.05562846534214
0.854 1.05552020574731
0.8545 1.05541160026886
0.855 1.05530209632399
0.8555 1.05519222330984
0.856 1.05508179743267
0.8565 1.05497065731261
0.857 1.05485917229715
0.8575 1.05474690278077
0.858 1.05463415144001
0.8585 1.05452096021634
0.859 1.05440694297613
0.8595 1.0542925818191
0.86 1.0541775474046
0.8605 1.0540619211214
0.861 1.05394595154376
0.8615 1.05382907423552
0.862 1.05371184030026
0.8625 1.05359404165611
0.863 1.05347554378259
0.8635 1.05335670357747
0.864 1.0532370624825
0.8645 1.05311695910043
0.865 1.05299639689018
0.8655 1.05287503074665
0.866 1.05275332322488
0.8665 1.05263091900344
0.867 1.05250794947431
0.8675 1.05238462435661
0.868 1.05226039323174
0.8685 1.05213582167257
0.869 1.05201065498008
0.8695 1.05188482257212
0.87 1.05175865032993
0.8705 1.05163164235178
0.871 1.0515042100031
0.8715 1.05137628149011
0.872 1.05124758944025
0.8725 1.05111855848472
0.873 1.05098878911709
0.8735 1.05085849919561
0.874 1.05072780950784
0.8745 1.05059626102192
0.875 1.05046437454962
0.8755 1.05033184443503
0.876 1.05019870012648
0.8765 1.05006521841575
0.877 1.04993084815778
0.8775 1.04979610933443
0.878 1.04966081911062
0.8785 1.04952482356995
0.879 1.04938849153127
0.8795 1.0492513615866
0.88 1.04911377354726
0.8805 1.04897572384722
0.881 1.04883688019878
0.8815 1.04869770094742
0.882 1.04855781194587
0.8825 1.04841737779516
0.883 1.04827656924713
0.8835 1.0481348805849
0.884 1.04799285720579
0.8845 1.04785020977248
0.885 1.04770693258472
0.8855 1.04756332124287
0.886 1.04741883520001
0.8865 1.04727397074795
0.887 1.04712856550328
0.8875 1.04698244832277
0.888 1.04683599785944
0.8885 1.04668875441624
0.889 1.04654105191608
0.8895 1.04639288947581
0.89 1.04624393531695
0.8905 1.04609464873766
0.891 1.04594464850678
0.8915 1.04579411095364
0.892 1.04564319192888
0.8925 1.04549140377639
0.893 1.04533928405705
0.8935 1.04518652764652
0.894 1.04503315800597
0.8945 1.04487945734044
0.895 1.04472486381233
0.8955 1.04456991389942
0.896 1.04441440191266
0.8965 1.0442582031209
0.897 1.04410167414334
0.8975 1.04394432543875
0.898 1.04378654824951
0.8985 1.04362828128539
0.899 1.04346925624947
0.8995 1.04330990185824
0.9 1.04314979857299
0.9005 1.04298919699565
0.901 1.04282817564846
0.9015 1.04266632724645
0.902 1.04250415031103
0.9025 1.04234129303639
0.903 1.04217786993032
0.9035 1.04201409478984
0.904 1.04184942587104
0.9045 1.04168442923218
0.905 1.04151881855494
0.9055 1.04135257675085
0.906 1.04118600774269
0.9065 1.04101856178749
0.907 1.0408507482574
0.9075 1.04068238475985
0.908 1.04051332706001
0.9085 1.0403439429555
0.909 1.0401737445657
0.9095 1.04000311692828
0.91 1.03983200118825
0.9105 1.03966013036665
0.911 1.03948793393137
0.9115 1.03931498368185
0.912 1.03914154469285
0.9125 1.03896767728373
0.913 1.0387929960863
0.9135 1.03861799005785
0.914 1.03844228851904
0.9145 1.03826604090627
0.915 1.03808942239704
0.9155 1.03791193354181
0.916 1.03773412062995
0.9165 1.03755566836792
0.917 1.0373766148314
0.9175 1.03719723772918
0.918 1.03701695196399
0.9185 1.03683633485083
0.919 1.03665513242728
0.9195 1.03647327563948
0.92 1.03629109604686
0.9205 1.03610806049219
0.921 1.03592464183241
0.9215 1.03574068980467
0.922 1.03555603241068
0.9225 1.03537105296462
0.923 1.03518526817493
0.9235 1.03499905059595
0.924 1.03481234951704
0.9245 1.03462489413477
0.925 1.03443711744511
0.9255 1.03424858397054
0.926 1.03405957007272
0.9265 1.03387012049137
0.927 1.03367986971171
0.9275 1.03348929836133
0.928 1.03329801674776
0.9285 1.03310620910456
0.929 1.03291401156522
0.9295 1.03272096795226
0.93 1.03252760449729
0.9305 1.03233357528634
0.931 1.03213897644455
0.9315 1.03194403148743
0.932 1.03174819757861
0.9325 1.03155204454862
0.933 1.03135526827767
0.9335 1.03115788075757
0.934 1.03096017457281
0.9345 1.03076156722499
0.935 1.03056262712316
0.9355 1.03036310432539
0.936 1.03016293062095
0.9365 1.02996243895979
0.937 1.02976108543828
0.9375 1.02955936074159
0.938 1.02935709194599
0.9385 1.02915413452504
0.939 1.02895085984758
0.9395 1.02874676067858
0.94 1.02854225383802
0.9405 1.02833723956942
0.941 1.02813150087385
0.9415 1.02792544561429
0.942 1.02771860131989
0.9425 1.02751131476061
0.943 1.02730355553971
0.9435 1.02709503798565
0.944 1.0268862045525
0.9445 1.02667661565064
0.945 1.02646655177217
0.9455 1.02625604811555
0.946 1.02604475409356
0.9465 1.0258331448698
0.947 1.02562081187434
0.9475 1.02540797305074
0.948 1.0251947254709
0.9485 1.02498065734616
0.949 1.02476627468944
0.9495 1.02455119811016
0.95 1.02433558669024
0.9505 1.02411959569561
0.951 1.02390275580809
0.9515 1.02368560205093
0.952 1.02346778239356
0.9525 1.02324940070104
0.953 1.02303066679599
0.9535 1.02281105746065
0.954 1.02259113491058
0.9545 1.02237057267683
0.955 1.02214942301052
0.9555 1.02192794669544
0.956 1.02170557020239
0.9565 1.02148288114218
0.957 1.02125957682976
0.9575 1.02103566146376
0.958 1.02081143394005
0.9585 1.02058630184971
0.959 1.02036084853754
0.9595 1.02013480264016
0.96 1.01990812382405
0.9605 1.0196811334858
0.961 1.01945326013747
0.9615 1.01922504480707
0.962 1.01899625781452
0.9625 1.01876681777349
0.963 1.01853706683873
0.9635 1.01830645271955
0.964 1.01807547758044
0.9645 1.01784394997855
0.965 1.01761175091365
0.9655 1.01737924157626
0.966 1.01714588716947
0.9665 1.01691215440709
0.967 1.01667788667781
0.9675 1.01644293076608
0.968 1.01620766519601
0.9685 1.01597157098094
0.969 1.01573508275689
0.9695 1.01549807537825
0.97 1.01526036477292
0.9705 1.01502234511636
0.971 1.0147835115685
0.9715 1.01454427002065
0.972 1.01430452346685
0.9725 1.01406406029752
0.973 1.01382328867709
0.9735 1.01358171626805
0.974 1.01333972351078
0.9745 1.01309723825216
0.975 1.01285402462498
0.9755 1.0126105031399
0.976 1.01236619233748
0.9765 1.01212145046182
0.977 1.01187622696491
0.9775 1.01163026496275
0.978 1.011383995689
0.9785 1.01113694695721
0.979 1.01088945803102
0.9795 1.01064149675857
0.98 1.0103927884412
0.9805 1.01014377343173
0.981 1.00989398723079
0.9815 1.00964375329897
0.982 1.00939305470994
0.9825 1.00914160211421
0.983 1.00888984339911
0.9835 1.00863732018549
0.984 1.00838434327012
0.9845 1.00813090781974
0.985 1.00787671295975
0.9855 1.0076222125464
0.986 1.00736695277285
0.9865 1.00711123487337
0.987 1.00685506301314
0.9875 1.00659812788043
0.988 1.00634088775369
0.9885 1.00608289186924
0.989 1.00582443496266
0.9895 1.00556552714038
0.99 1.00530585370408
0.9905 1.0050458758265
0.991 1.00478514427649
0.9915 1.00452395031751
0.992 1.00426230697731
0.9925 1.00399989718434
0.993 1.00373718349628
0.9935 1.00347371672239
0.994 1.00320978764364
0.9945 1.00294540922597
0.995 1.00268026500122
0.9955 1.00241481742105
0.996 1.00214861586132
0.9965 1.00188195357346
0.997 1.00161484051517
0.9975 1.00134696376163
0.998 1.00107878418591
0.9985 1.00080984827477
0.999 1.00054045466672
0.9995 1.00027060740103
1 1
