"EPS" "MSE"
5e-04 0.00669565698658423
0.001 0.0122134812907866
0.0015 0.0173050497442177
0.002 0.0222682009918973
0.0025 0.0270668116117615
0.003 0.0317185405275817
0.0035 0.0362478501454438
0.004 0.0406722230786239
0.0045 0.0450048189477753
0.005 0.0492558570653855
0.0055 0.0534335255343986
0.006 0.0575445126562094
0.0065 0.0615944321153255
0.007 0.0655879604090263
0.0075 0.0695292060565253
0.008 0.0734216356969593
0.0085 0.0772683405818898
0.009 0.0810720183442437
0.0095 0.0848350922625953
0.01 0.0885597181512806
0.0105 0.0922478128269004
0.011 0.0959011047608563
0.0115 0.0995212395068766
0.012 0.10310967622448
0.0125 0.106667667006875
0.013 0.11019652455303
0.0135 0.113697275608633
0.014 0.117171065299297
0.0145 0.120618817128302
0.015 0.124041467620994
0.0155 0.127439778915743
0.016 0.130814614220303
0.0165 0.134166683543855
0.017 0.137496705297372
0.0175 0.140805257784078
0.018 0.144093053194858
0.0185 0.147360606545284
0.019 0.150608454930141
0.0195 0.153837114894382
0.02 0.157047125135007
0.0205 0.160238957785438
0.021 0.163413001987931
0.0215 0.166569690458495
0.022 0.169709457458317
0.0225 0.172832672587864
0.023 0.175939708216501
0.0235 0.179030939494123
0.024 0.182106579562435
0.0245 0.185167101691855
0.025 0.18821271270646
0.0255 0.191243814859835
0.026 0.194260544530876
0.0265 0.197263263115873
0.027 0.200252235857939
0.0275 0.203227705748871
0.028 0.206189917100717
0.0285 0.209139115547345
0.029 0.212075503816731
0.0295 0.214999241200517
0.03 0.217910666054569
0.0305 0.220809905243347
0.031 0.223697154535822
0.0315 0.226572626380148
0.032 0.229436539754289
0.0325 0.232288936819682
0.033 0.235130135028268
0.0335 0.237960276750495
0.034 0.240779504860836
0.0345 0.243587920872043
0.035 0.246385726229753
0.0355 0.249173081479208
0.036 0.251950131638629
0.0365 0.25471697700877
0.037 0.257473751919866
0.0375 0.260220627371409
0.038 0.262957750232542
0.0385 0.265685267865766
0.039 0.268403151391042
0.0395 0.271111644290531
0.04 0.273810934916296
0.0405 0.276500873200251
0.041 0.279181883807759
0.0415 0.281853793578515
0.042 0.284516989180407
0.0425 0.287171248661618
0.043 0.289816965997288
0.0435 0.292454085898762
0.044 0.295082686507282
0.0445 0.297702978801961
0.045 0.300315014212448
0.0455 0.302918726827435
0.046 0.30551436640456
0.0465 0.308102004716721
0.047 0.310681713658769
0.0475 0.313253565246645
0.048 0.315817631616502
0.0485 0.318373985023807
0.049 0.320922676154811
0.0495 0.32346381781626
0.05 0.325997485232236
0.0505 0.328523718261087
0.051 0.331042594798542
0.0515 0.333554194359302
0.052 0.336058590007375
0.0525 0.338555854918242
0.053 0.341046062377795
0.0535 0.343529285781254
0.054 0.346005580748955
0.0545 0.348474851479507
0.055 0.350937337308272
0.0555 0.353393112013373
0.056 0.355842195288546
0.0565 0.358284483667719
0.057 0.360720261046731
0.0575 0.363149556194282
0.058 0.365572189021298
0.0585 0.367988511642544
0.059 0.370398401097911
0.0595 0.372801921978042
0.06 0.375199265565539
0.0605 0.377590201236535
0.061 0.379975151286779
0.0615 0.382353718640221
0.062 0.384726427679393
0.0625 0.387092843955359
0.063 0.38945346469745
0.0635 0.391807947473158
0.064 0.394156632812055
0.0645 0.396499399990275
0.065 0.39883630299169
0.0655 0.401167566890753
0.066 0.40349284668214
0.0665 0.405812544635647
0.067 0.408126635786033
0.0675 0.410434921228088
0.068 0.412737719964562
0.0685 0.415035058021255
0.069 0.417326672223718
0.0695 0.41961287790227
0.07 0.42189371222706
0.0705 0.424169149544965
0.071 0.426439068618351
0.0715 0.428703705727024
0.072 0.43096308692736
0.0725 0.433217238277411
0.073 0.435466090062834
0.0735 0.437709670261308
0.074 0.439948110068166
0.0745 0.442181435550027
0.075 0.444409672773778
0.0755 0.446632847806306
0.076 0.448850986714235
0.0765 0.451064061480623
0.077 0.453272100523381
0.0775 0.455475192946473
0.078 0.457673364816287
0.0785 0.459866642197476
0.079 0.462055051152681
0.0795 0.464238617742258
0.08 0.466417368023998
0.0805 0.468591328052853
0.081 0.470760523880652
0.0815 0.472924981555822
0.082 0.475084727123107
0.0825 0.477239786623282
0.083 0.47939018609287
0.0835 0.481535951563852
0.084 0.483677109063384
0.0845 0.485813684613506
0.085 0.487945704230852
0.0855 0.490073193926355
0.086 0.492196179704962
0.0865 0.494314687565332
0.087 0.496428640840356
0.0875 0.498538138591769
0.088 0.500643225025337
0.0885 0.502743926110951
0.089 0.504840267810875
0.0895 0.506932276079439
0.09 0.509019976862739
0.0905 0.511103396098334
0.091 0.513182353555765
0.0915 0.51525706925908
0.092 0.517327569818967
0.0925 0.519393881136208
0.093 0.52145602910166
0.0935 0.52351392359192
0.094 0.525567552391739
0.0945 0.527617084100935
0.095 0.529662544568667
0.0955 0.531703959632765
0.096 0.533741092320743
0.0965 0.535774172110845
0.097 0.537803272599303
0.0975 0.539828419577249
0.098 0.541849354916913
0.0985 0.543866309807329
0.099 0.545879377151637
0.0995 0.547888524910859
0.1 0.54989350289213
0.1005 0.551894659184044
0.101 0.553892019487183
0.1015 0.55588528267326
0.102 0.557874696187261
0.1025 0.559860379414472
0.103 0.561842079121876
0.1035 0.563819917812662
0.104 0.565794091798597
0.1045 0.567764321327888
0.105 0.569730752817278
0.1055 0.571693585058487
0.106 0.573652437466937
0.1065 0.5756076290307
0.107 0.577559242010926
0.1075 0.5795068547672
0.108 0.581450973321829
0.1085 0.583391358286669
0.109 0.585327999476051
0.1095 0.587261211565462
0.11 0.589190460901788
0.1105 0.591116296826569
0.111 0.59303845320468
0.1115 0.594956974435441
0.112 0.596872071826653
0.1125 0.598783339733924
0.113 0.600691322398557
0.1135 0.602595487895702
0.114 0.604496317863341
0.1145 0.606393513923612
0.115 0.608287252296308
0.1155 0.610177512646963
0.116 0.61206422042019
0.1165 0.61394757871884
0.117 0.615827316779719
0.1175 0.61770380661342
0.118 0.619576635738936
0.1185 0.621446290623273
0.119 0.623312271478494
0.1195 0.625175124856669
0.12 0.627034317992961
0.1205 0.628890403234886
0.121 0.630742869088125
0.1215 0.632592219489504
0.122 0.634438018378295
0.1225 0.636280667159716
0.123 0.638119859283602
0.1235 0.639955839589624
0.124 0.6417884850273
0.1245 0.643617829925545
0.125 0.645443988633071
0.1255 0.64726673111331
0.126 0.649086462922322
0.1265 0.650902635895569
0.127 0.652715877781395
0.1275 0.654525636809096
0.128 0.656332353611215
0.1285 0.658135826182096
0.129 0.659936050620634
0.1295 0.661733296131509
0.13 0.66352706084481
0.1305 0.665317933209591
0.131 0.667105476104044
0.1315 0.668889932786641
0.132 0.670671388001094
0.1325 0.672449461441911
0.133 0.674224669504862
0.1335 0.675996610473142
0.134 0.677765479061776
0.1345 0.679531470954274
0.135 0.681294032306139
0.1355 0.683053755070627
0.136 0.684810419998528
0.1365 0.686563879011573
0.137 0.688314514754415
0.1375 0.690061959960892
0.138 0.691806375271412
0.1385 0.69354798256674
0.139 0.695286314913019
0.1395 0.697021744926819
0.14 0.698754382117563
0.1405 0.700483708077326
0.141 0.7022102109669
0.1415 0.703933936161974
0.142 0.705654361815779
0.1425 0.707371995517506
0.143 0.709086866589009
0.1435 0.710798497618723
0.144 0.712507319830076
0.1445 0.714213394410503
0.145 0.715916336093775
0.1455 0.717616404270545
0.146 0.719313739750018
0.1465 0.721008096954761
0.147 0.7226994683083
0.1475 0.72438812183181
0.148 0.72607399901072
0.1485 0.727756730505194
0.149 0.729436758969867
0.1495 0.731114088243022
0.15 0.732788408504629
0.1505 0.734459868557003
0.151 0.736128644132126
0.1515 0.737794719020702
0.152 0.739457667054023
0.1525 0.7411179452558
0.153 0.742775557422738
0.1535 0.744430369978958
0.154 0.746082206875436
0.1545 0.747731392294939
0.155 0.749377930010577
0.1555 0.751021643296297
0.156 0.752662457707062
0.1565 0.754300638882954
0.157 0.755936190573235
0.1575 0.75756896673506
0.158 0.759198846776447
0.1585 0.760826111711325
0.159 0.762450765264849
0.1595 0.764072765521318
0.16 0.765691798768517
0.1605 0.76730823492257
0.161 0.76892207768428
0.1615 0.770533330749314
0.162 0.772141735793946
0.1625 0.773747430078697
0.163 0.775350548843633
0.1635 0.776951095759773
0.164 0.77854907449294
0.1645 0.780144116130025
0.165 0.781736597137153
0.1655 0.78332652402542
0.166 0.784913900435712
0.1665 0.786498709384374
0.167 0.788080638310511
0.1675 0.789660030728569
0.168 0.79123689025427
0.1685 0.792811220498028
0.169 0.79438302506495
0.1695 0.795952028366658
0.17 0.797518455875535
0.1705 0.799082371542075
0.171 0.800643778945887
0.1715 0.80220268166122
0.172 0.803759006505866
0.1725 0.805312591764621
0.173 0.806863686052582
0.1735 0.808412292918231
0.174 0.809958415904632
0.1745 0.811502058549418
0.175 0.8130431516738
0.1755 0.814581546029061
0.176 0.81611747362168
0.1765 0.817650937963217
0.177 0.819181942559756
0.1775 0.820710490911892
0.178 0.822236586514726
0.1785 0.823760026259851
0.179 0.82528095199046
0.1795 0.826799438389423
0.18 0.828315488925424
0.1805 0.8298291070616
0.181 0.831340296255538
0.1815 0.832849059959259
0.182 0.834355243045142
0.1825 0.83585891436701
0.183 0.837360173452833
0.1835 0.83885902372789
0.184 0.840355468611846
0.1845 0.841849511518752
0.185 0.843341155857033
0.1855 0.844830405029479
0.186 0.846317102886339
0.1865 0.847801345913214
0.187 0.849283206841417
0.1875 0.850762689046636
0.188 0.852239795898881
0.1885 0.853714530762478
0.189 0.855186896996057
0.1895 0.856656897952547
0.19 0.858124536979169
0.1905 0.859589682148614
0.191 0.861052409581092
0.1915 0.862512787939584
0.192 0.863970820543835
0.1925 0.865426510707834
0.193 0.866879861739817
0.1935 0.868330876942248
0.194 0.869779559611825
0.1945 0.871225913039462
0.195 0.872669940510288
0.1955 0.874111640126446
0.196 0.875550858379745
0.1965 0.876987763295826
0.197 0.878422358131952
0.1975 0.879854646139559
0.198 0.88128463056425
0.1985 0.882712314645789
0.199 0.884137701618094
0.1995 0.88556079470923
0.2 0.886981597141406
0.2005 0.888400112130963
0.201 0.889816342888373
0.2015 0.891230292618232
0.202 0.892641964519252
0.2025 0.894051283955358
0.203 0.89545828368114
0.2035 0.896863017868419
0.204 0.898265489687555
0.2045 0.899665702302987
0.205 0.901063658873229
0.2055 0.902459362550865
0.206 0.903852816482541
0.2065 0.905244023808964
0.207 0.906632987664888
0.2075 0.90801971117912
0.208 0.909404197474503
0.2085 0.910786449667919
0.209 0.912166470870281
0.2095 0.913544264186523
0.21 0.914919832715605
0.2105 0.916293179550498
0.211 0.917664307778183
0.2115 0.919033220479646
0.212 0.920399920729873
0.2125 0.921764386197528
0.213 0.923126600545799
0.2135 0.924486614261118
0.214 0.925844430389527
0.2145 0.927200051971036
0.215 0.928553482039622
0.2155 0.92990472362322
0.216 0.931253779743722
0.2165 0.932600653416967
0.217 0.933945347652745
0.2175 0.935287865454785
0.218 0.936628209820754
0.2185 0.937966383742252
0.219 0.939302390204807
0.2195 0.940636232187874
0.22 0.941967912664824
0.2205 0.943297434602949
0.221 0.94462480096345
0.2215 0.945950014701437
0.222 0.947273078765923
0.2225 0.948593996099825
0.223 0.949912769639951
0.2235 0.951229402317005
0.224 0.952543897055579
0.2245 0.95385625677415
0.225 0.955166484385076
0.2255 0.956474582794593
0.226 0.957780554902811
0.2265 0.959084403603712
0.227 0.960386131785143
0.2275 0.961685742328818
0.228 0.962983238110309
0.2285 0.964278621999046
0.229 0.965571896858313
0.2295 0.966863065545246
0.23 0.968152130910828
0.2305 0.969439095799887
0.231 0.970723963051092
0.2315 0.972006735496951
0.232 0.973287415963809
0.2325 0.974566007271843
0.233 0.975842512235061
0.2335 0.977116933661297
0.234 0.978389274352213
0.2345 0.97965953710329
0.235 0.980927724703829
0.2355 0.982193839936952
0.236 0.98345788557959
0.2365 0.984719864402491
0.237 0.985979779170211
0.2375 0.987237632641113
0.238 0.988493427567367
0.2385 0.989747166694946
0.239 0.990998852763623
0.2395 0.992248488506972
0.24 0.993496076652362
0.2405 0.994741619920958
0.241 0.995985096555183
0.2415 0.997226486490491
0.242 0.998465837332441
0.2425 0.999703151782499
0.243 1.00093843253592
0.2435 1.00217168228176
0.244 1.00340290370284
0.2445 1.00463209947578
0.245 1.00585927227097
0.2455 1.00708442475261
0.246 1.00830755957863
0.2465 1.00952867940079
0.247 1.0107477868646
0.2475 1.01196488460935
0.248 1.01317997526811
0.2485 1.01439306146771
0.249 1.01560414582878
0.2495 1.01681323096569
0.25 1.01802031948661
0.2505 1.01922541399345
0.251 1.02042851708192
0.2515 1.02162963134147
0.252 1.02282875935534
0.2525 1.02402587167471
0.253 1.02522091251706
0.2535 1.02641397259796
0.254 1.02760505448091
0.2545 1.02879416072315
0.255 1.02998129387571
0.2555 1.03116645648339
0.256 1.03234965108472
0.2565 1.03353088021204
0.257 1.03471014639143
0.2575 1.03588745214273
0.258 1.03706279997957
0.2585 1.03823619240932
0.259 1.03940763193313
0.2595 1.04057712104591
0.26 1.04174466223634
0.2605 1.04291025687043
0.261 1.04407375405642
0.2615 1.0452353085997
0.262 1.04639492296922
0.2625 1.0475525996277
0.263 1.04870834103164
0.2635 1.04986214963128
0.264 1.05101402787066
0.2645 1.05216397818757
0.265 1.05331200301358
0.2655 1.05445810477404
0.266 1.05560228588805
0.2665 1.05674454876849
0.267 1.05788489582203
0.2675 1.05902323386411
0.268 1.06015957302041
0.2685 1.0612940014523
0.269 1.06242652154675
0.2695 1.06355713568454
0.27 1.06468584624021
0.2705 1.06581265558208
0.271 1.06693756607227
0.2715 1.06806058006666
0.272 1.06918169991495
0.2725 1.0703009279606
0.273 1.07141826654087
0.2735 1.07253358217133
0.274 1.07364694247798
0.2745 1.07475841827206
0.275 1.07586801187121
0.2755 1.07697572558688
0.276 1.07808156172431
0.2765 1.07918552258256
0.277 1.08028761045447
0.2775 1.08138782762669
0.278 1.08248617637969
0.2785 1.08358265898773
0.279 1.084677076469
0.2795 1.08576960698598
0.28 1.08686027617512
0.2805 1.08794908629118
0.281 1.0890360395827
0.2815 1.09012113829207
0.282 1.0912043846555
0.2825 1.09228578090301
0.283 1.09336532925848
0.2835 1.09444303193958
0.284 1.09551866574937
0.2845 1.09659243930307
0.285 1.09766437187779
0.2855 1.09873446567179
0.286 1.09980272287716
0.2865 1.10086914567984
0.287 1.10193373625963
0.2875 1.10299649679017
0.288 1.10405742943895
0.2885 1.10511638567664
0.289 1.10617340914179
0.2895 1.10722860931268
0.29 1.10828198833746
0.2905 1.10933354835814
0.291 1.11038329151063
0.2915 1.11143121992468
0.292 1.11247733572395
0.2925 1.11352164102596
0.293 1.11456393709058
0.2935 1.11560435268455
0.294 1.11664296226143
0.2945 1.11767976791951
0.295 1.11871477175096
0.2955 1.11974797584186
0.296 1.12077938227221
0.2965 1.12180899311591
0.297 1.12283672542474
0.2975 1.12386246325201
0.298 1.12488640987917
0.2985 1.12590856736096
0.299 1.12692893774605
0.2995 1.12794752307706
0.3 1.12896432539053
0.3005 1.12997934671694
0.301 1.13099252790723
0.3015 1.13200369255313
0.302 1.13301308050541
0.3025 1.1340206937755
0.303 1.1350265343688
0.3035 1.13603060428468
0.304 1.13703290551646
0.3045 1.13803344005145
0.305 1.13903208244777
0.3055 1.14002877628474
0.306 1.1410237076258
0.3065 1.14201687843934
0.307 1.1430082906877
0.3075 1.14399794632726
0.308 1.14498584730838
0.3085 1.14597199557545
0.309 1.14695611119387
0.3095 1.1479384343944
0.31 1.14891900898981
0.3105 1.14989783690567
0.311 1.15087492006157
0.3115 1.15185026037115
0.312 1.15282385974208
0.3125 1.15379553316962
0.313 1.15476532062837
0.3135 1.15573337117887
0.314 1.15669968671007
0.3145 1.15766426910501
0.315 1.1586271202408
0.3155 1.15958824198863
0.316 1.16054748164065
0.3165 1.16150480437487
0.317 1.16246040167345
0.3175 1.16341427538899
0.318 1.16436642736818
0.3185 1.16531685945184
0.319 1.16626557347487
0.3195 1.16721238757993
0.32 1.1681573152339
0.3205 1.16910052870204
0.321 1.17004202980081
0.3215 1.17098182034079
0.322 1.17191990212673
0.3225 1.1728562769575
0.323 1.17379067355968
0.3235 1.17472327441376
0.324 1.17565417211049
0.3245 1.1765833684304
0.325 1.17751086514823
0.3255 1.17843666403288
0.326 1.17936071872933
0.3265 1.18028275380874
0.327 1.18120309478877
0.3275 1.1821217434201
0.328 1.18303870144764
0.3285 1.18395397061048
0.329 1.18486755264198
0.3295 1.18577920411178
0.33 1.18668903427233
0.3305 1.1875971809594
0.331 1.18850364588823
0.3315 1.18940843076833
0.332 1.19031153730347
0.3325 1.19121285851388
0.333 1.19211222296911
0.3335 1.19300991267414
0.334 1.19390592931477
0.3345 1.19480027457109
0.335 1.19569295011748
0.3355 1.19658394619902
0.336 1.19747288928521
0.3365 1.19836016619359
0.337 1.19924577858069
0.3375 1.20012972809739
0.338 1.20101201638888
0.3385 1.20189264509472
0.339 1.2027712576526
0.3395 1.20364816517825
0.34 1.20452341657608
0.3405 1.20539701346795
0.341 1.20626895747009
0.3415 1.20713925019312
0.342 1.20800754855744
0.3425 1.20887412934836
0.343 1.20973906225634
0.3435 1.21060234887443
0.344 1.21146399079009
0.3445 1.21232398958522
0.345 1.21318197856927
0.3455 1.21403827451321
0.346 1.2148929306716
0.3465 1.21574594860891
0.347 1.21659732988404
0.3475 1.21744707476447
0.348 1.21829476037082
0.3485 1.21914081260107
0.349 1.21998523299683
0.3495 1.22082802309418
0.35 1.22166918442369
0.3505 1.22250862834502
0.351 1.22334610278845
0.3515 1.22418195168984
0.352 1.22501617656259
0.3525 1.22584877891462
0.353 1.22667976024842
0.3535 1.22750890775628
0.354 1.22833621082344
0.3545 1.22916189603836
0.355 1.22998596488646
0.3555 1.23080841884778
0.356 1.23162925939692
0.3565 1.23244811494363
0.357 1.23326528568372
0.3575 1.23408084611833
0.358 1.23489479770518
0.3585 1.23570714189659
0.359 1.23651776701807
0.3595 1.23732644808526
0.36 1.23813352481638
0.3605 1.23893899864698
0.361 1.23974287100728
0.3615 1.24054514332218
0.362 1.24134548426525
0.3625 1.24214410162518
0.363 1.24294112194073
0.3635 1.24373654662017
0.364 1.24453037706646
0.3645 1.24532249369314
0.365 1.24611267563928
0.3655 1.24690126630674
0.366 1.24768826708198
0.3665 1.24847367934623
0.367 1.24925750447546
0.3675 1.2500393444149
0.368 1.25081952892979
0.3685 1.25159812920678
0.369 1.25237514660548
0.3695 1.25315058248032
0.37 1.25392420398174
0.3705 1.25469600547106
0.371 1.25546622828786
0.3715 1.25623487377033
0.372 1.25700194325152
0.3725 1.25776734885503
0.373 1.25853079008007
0.3735 1.25929265810978
0.374 1.2600529542611
0.3745 1.26081167984583
0.375 1.26156883617069
0.3755 1.26232397540694
0.376 1.26307751096063
0.3765 1.26382948000452
0.377 1.26457988382938
0.3775 1.2653287237209
0.378 1.26607565261457
0.3785 1.26682087764427
0.379 1.26756454144614
0.3795 1.26830664529007
0.38 1.26904719044093
0.3805 1.26978591139116
0.381 1.27052284749282
0.3815 1.27125822756274
0.382 1.27199205285011
0.3825 1.27272432459913
0.383 1.27345483996269
0.3835 1.27418350837926
0.384 1.27491062587501
0.3845 1.27563619367861
0.385 1.27636021301377
0.3855 1.27708252510562
0.386 1.27780294673007
0.3865 1.27852182246021
0.387 1.27923915350436
0.3875 1.27995494106593
0.388 1.28066905215965
0.3885 1.2813812475381
0.389 1.28209190196507
0.3895 1.2828010166287
0.39 1.28350859271231
0.3905 1.28421450504064
0.391 1.28491849437544
0.3915 1.28562094761867
0.392 1.2863218659385
0.3925 1.28702125049828
0.393 1.28771896625357
0.3935 1.28841476940647
0.394 1.28910904124556
0.3945 1.28980178291919
0.395 1.29049299557097
0.3955 1.29118251690569
0.396 1.29187015340101
0.3965 1.29255626327886
0.397 1.293240847668
0.3975 1.29392390769245
0.398 1.29460523671968
0.3985 1.29528472574748
0.399 1.29596269277354
0.3995 1.2966391389072
0.4 1.29731406525307
0.4005 1.29798720404696
0.401 1.29865856446628
0.4015 1.29932840741975
0.402 1.29999673399744
0.4025 1.3006635452848
0.403 1.30132849588109
0.4035 1.30199174622317
0.404 1.30265348355621
0.4045 1.30331370895125
0.405 1.30397242347471
0.4055 1.30462918787119
0.406 1.30528434634274
0.4065 1.3059379961838
0.407 1.30659013844652
0.4075 1.30724076448164
0.408 1.30788935433553
0.4085 1.308536438822
0.409 1.30918201897904
0.4095 1.30982609584012
0.41 1.31046853908172
0.4105 1.31110906827513
0.411 1.31174809634401
0.4115 1.31238562430782
0.412 1.31302165318158
0.4125 1.31365591552559
0.413 1.31428840138744
0.4135 1.31491939029157
0.414 1.31554888323912
0.4145 1.31617688122681
0.415 1.31680296453303
0.4155 1.31742742408012
0.416 1.31805039076103
0.4165 1.31867186555876
0.417 1.31929181578567
0.4175 1.31990975554451
0.418 1.32052620548485
0.4185 1.32114116657609
0.419 1.32175463978326
0.4195 1.32236641414152
0.42 1.322976356735
0.4205 1.32358481347119
0.421 1.32419178530168
0.4215 1.32479727317377
0.422 1.32540087342626
0.4225 1.32600283502794
0.423 1.3266033146605
0.4235 1.32720231325793
0.424 1.3277997840673
0.4245 1.32839525962522
0.425 1.32898925610918
0.4255 1.32958177443996
0.426 1.33017281553414
0.4265 1.3307621152404
0.427 1.33134963749676
0.4275 1.33193568444095
0.428 1.33252025697651
0.4285 1.33310335600279
0.429 1.33368448627547
0.4295 1.33426407058631
0.43 1.33484218327598
0.4305 1.33541882523096
0.431 1.33599382950419
0.4315 1.3365669598092
0.432 1.33713862124041
0.4325 1.33770881467149
0.433 1.33827754097208
0.4335 1.33884437865414
0.434 1.33940959729008
0.4345 1.33997335062082
0.435 1.34053563950336
0.4355 1.3410963532805
0.436 1.34165513746128
0.4365 1.34221245899252
0.437 1.34276831871868
0.4375 1.34332271748023
0.438 1.34387526740985
0.4385 1.34442616532083
0.439 1.34497560403104
0.4395 1.3455235843686
0.44 1.34607001241467
0.4405 1.34661449476418
0.441 1.3471575204788
0.4415 1.34769909037438
0.442 1.34823920526289
0.4425 1.34877747210878
0.443 1.34931409272919
0.4435 1.34984926004621
0.444 1.3503829748597
0.4445 1.35091512177213
0.445 1.35144534508188
0.4455 1.35197411756629
0.446 1.35250144001324
0.4465 1.35302731320678
0.447 1.35355130147251
0.4475 1.35407368675394
0.448 1.35459462442684
0.4485 1.35511411526343
0.449 1.35563198547629
0.4495 1.35614799106916
0.45 1.35666255144567
0.4505 1.35717566736632
0.451 1.3576873395879
0.4515 1.35819705361613
0.452 1.35870524406021
0.4525 1.35921199239261
0.453 1.35971729935852
0.4535 1.36022089714679
0.454 1.36072272490986
0.4545 1.36122311286947
0.455 1.36172206175939
0.4555 1.3622195440644
0.456 1.36271501628641
0.4565 1.36320905097764
0.457 1.36370164886053
0.4575 1.36419281065389
0.458 1.36468214013764
0.4585 1.36516982855497
0.459 1.3656560823902
0.4595 1.36614090235099
0.46 1.36662411807081
0.4605 1.3671054670999
0.461 1.36758538373843
0.4615 1.36806386868297
0.462 1.36854092262657
0.4625 1.36901598777507
0.463 1.36948957396052
0.4635 1.36996173059819
0.464 1.37043245837022
0.4645 1.37090141141079
0.465 1.37136867378059
0.4655 1.37183450871494
0.466 1.37229891688518
0.4665 1.37276175850856
0.467 1.37322270359509
0.4675 1.37368222332497
0.468 1.37414031835886
0.4685 1.37459698935401
0.469 1.3750516834763
0.4695 1.37550489439699
0.47 1.37595668265675
0.4705 1.37640704890229
0.471 1.37685563317587
0.4715 1.37730254158017
0.472 1.37774802932592
0.4725 1.37819209704939
0.473 1.37863457212824
0.4735 1.37907518420765
0.474 1.37951437759852
0.4745 1.37995215292684
0.475 1.38038851081533
0.4755 1.38082284129999
0.476 1.38125574639527
0.4765 1.38168723535586
0.477 1.38211730879432
0.4775 1.3825455315687
0.478 1.38297215432892
0.4785 1.3833973628508
0.479 1.38382115773684
0.4795 1.38424327341966
0.48 1.38466361970771
0.4805 1.38508255362261
0.481 1.38550007575694
0.4815 1.38591608495662
0.482 1.38633016053886
0.4825 1.38674282558235
0.483 1.38715408066983
0.4835 1.38756392638097
0.484 1.38797179453198
0.4845 1.38837819634454
0.485 1.38878318999533
0.4855 1.38918677605434
0.486 1.38958853910253
0.4865 1.38998868323066
0.487 1.39038742096128
0.4875 1.39078475285483
0.488 1.39118041137521
0.4885 1.39157430327255
0.489 1.39196679050701
0.4895 1.39235787362957
0.49 1.39274742818742
0.4905 1.39313507321583
0.491 1.39352131528669
0.4915 1.39390615494164
0.492 1.39428959271939
0.4925 1.39467100952326
0.493 1.39505101167274
0.4935 1.39542961307349
0.494 1.39580681425502
0.4945 1.39618212837818
0.495 1.39655589575922
0.4955 1.39692826403024
0.496 1.39729923371167
0.4965 1.39766844568781
0.497 1.39803598336519
0.4975 1.39840212354312
0.498 1.39876686673305
0.4985 1.3991299770867
0.499 1.39949129003807
0.4995 1.39985120707277
0.5 1.4002097286934
0.5005 1.40056673793996
0.501 1.40092183105695
0.5015 1.40127552981259
0.502 1.40162783470074
0.5025 1.40197874334671
0.503 1.40232762143595
0.5035 1.40267510669207
0.504 1.40302119960029
0.5045 1.4033659006431
0.505 1.40370867592751
0.5055 1.40404995238007
0.506 1.40438983797766
0.5065 1.40472833319428
0.507 1.40506500902568
0.5075 1.40540008128812
0.508 1.40573376416221
0.5085 1.40606605811354
0.509 1.40639663496941
0.5095 1.40672550757371
0.51 1.40705299223028
0.5105 1.40737908939644
0.511 1.4077035677458
0.5115 1.40802624514352
0.512 1.40834753600846
0.5125 1.4086674407898
0.513 1.40898582109335
0.5135 1.40930230765664
0.514 1.40961740907681
0.5145 1.40993112579495
0.515 1.41024340850519
0.5155 1.41055370852786
0.516 1.41086262477207
0.5165 1.41117015767095
0.517 1.41147630765509
0.5175 1.41178046093081
0.518 1.41208319619088
0.5185 1.41238454943777
0.519 1.41268452109424
0.5195 1.41298257780117
0.52 1.41327913619296
0.5205 1.41357431387947
0.521 1.41386811127576
0.5215 1.41416007183985
0.522 1.41445045740423
0.5225 1.41473946354734
0.523 1.41502709067663
0.5235 1.4153129555161
0.524 1.41559717222001
0.5245 1.41588001076307
0.525 1.41616147154524
0.5255 1.41644124107069
0.526 1.4167192928081
0.5265 1.41699596762184
0.527 1.41727126590443
0.5275 1.41754494051899
0.528 1.41781683111194
0.5285 1.41808734599543
0.529 1.41835648555469
0.5295 1.41862406565407
0.53 1.4188897988536
0.5305 1.41915415753528
0.531 1.41941714207711
0.5315 1.41967862804975
0.532 1.41993820753696
0.5325 1.42019641367559
0.533 1.42045324683655
0.5335 1.42070863906371
0.534 1.42096206845066
0.5345 1.42121412563631
0.535 1.42146481098457
0.5355 1.42171410984044
0.536 1.42196139267117
0.5365 1.4222073044262
0.537 1.42245184546252
0.5375 1.42269501613495
0.538 1.4229361910658
0.5385 1.42317596084579
0.539 1.42341436100447
0.5395 1.42365139188989
0.54 1.42388647429564
0.5405 1.42412010549037
0.541 1.42435236814022
0.5415 1.42458326258655
0.542 1.42481225281857
0.5425 1.42503974875296
0.543 1.42526587719823
0.5435 1.42549063848914
0.544 1.42571353689217
0.5445 1.42593490082721
0.545 1.42615489830852
0.5455 1.42637352966436
0.546 1.42659033657662
0.5465 1.42680557171034
0.547 1.42701944140563
0.5475 1.42723194598436
0.548 1.42744266173765
0.5485 1.42765177120601
0.549 1.42785951623145
0.5495 1.42806589712957
0.55 1.42827052204936
0.5505 1.42847350892717
0.551 1.4286751323381
0.5515 1.42887539259155
0.552 1.42907392699708
0.5525 1.42927079429894
0.553 1.42946629909076
0.5535 1.42966044167584
0.554 1.42985288588023
0.5545 1.4300436365614
0.555 1.43023302567048
0.5555 1.43042105350474
0.556 1.43060740781507
0.5565 1.4307920447724
0.557 1.43097532107696
0.5575 1.43115723702012
0.558 1.43133750173752
0.5585 1.43151602781032
0.559 1.43169319413136
0.5595 1.43186900098614
0.56 1.43204317640591
0.5605 1.43221559437685
0.561 1.43238665347896
0.5615 1.43255635399202
0.562 1.4327244404037
0.5625 1.43289075299965
0.563 1.43305570759195
0.5635 1.43321930445472
0.564 1.4333813021422
0.5645 1.43354151203513
0.565 1.43370036477211
0.5655 1.43385786062167
0.566 1.43401376986323
0.5665 1.43416787967109
0.567 1.43432063315344
0.5675 1.43447203057336
0.568 1.43462185164185
0.5685 1.43476986392934
0.569 1.43491652070485
0.5695 1.43506182222606
0.57 1.4352055553889
0.5705 1.43534747266841
0.571 1.43548803523277
0.5715 1.43562724333437
0.572 1.4357648888537
0.5725 1.43590071358607
0.573 1.43603518438373
0.5735 1.43616830149384
0.574 1.43629985962657
0.5745 1.43642959422197
0.575 1.43655797564695
0.5755 1.43668500414353
0.576 1.43681047514144
0.5765 1.43693412196016
0.577 1.43705641635687
0.5775 1.43717735856854
0.578 1.43729674267838
0.5785 1.43741430403165
0.579 1.4375305136957
0.5795 1.43764537190253
0.58 1.43775866936607
0.5805 1.43787014751689
0.581 1.4379802746959
0.5815 1.43808905113023
0.582 1.43819626218436
0.5825 1.43830165934824
0.583 1.43840570624264
0.5835 1.43850840308985
0.584 1.43860952796668
0.5845 1.43870884631249
0.585 1.43880681507626
0.5855 1.43890343447559
0.586 1.43899847340249
0.5865 1.4390917150532
0.587 1.43918360779472
0.5875 1.43927415183998
0.588 1.43936310503972
0.5885 1.43945027207318
0.589 1.43953609085593
0.5895 1.43962056159634
0.59 1.4397034292871
0.5905 1.43978452373682
0.591 1.43986427058019
0.5915 1.43994267002109
0.592 1.4400194524166
0.5925 1.44009447627248
0.593 1.4401681531525
0.5935 1.44024048325612
0.594 1.44031118056569
0.5945 1.44038013577479
0.595 1.44044774462488
0.5955 1.44051400731109
0.596 1.44057861973971
0.5965 1.44064150820698
0.597 1.44070305091868
0.5975 1.44076324806569
0.598 1.44082177581411
0.5985 1.44087859940312
0.599 1.44093407782684
0.5995 1.44098821127197
0.6 1.44104065453677
0.6005 1.44109141507043
0.601 1.44114083101616
0.6015 1.44118890255652
0.602 1.44123526153015
0.6025 1.44127996079145
0.603 1.44132331602944
0.6035 1.44136532742267
0.604 1.44140560229359
0.6045 1.44144424202627
0.605 1.4414815382878
0.6055 1.44151749125274
0.606 1.44155168220544
0.6065 1.44158426411471
0.607 1.44161550309271
0.6075 1.44164539931014
0.608 1.44167350652521
0.6085 1.44170003227844
0.609 1.44172521562825
0.6095 1.44174905674151
0.61 1.44177108039575
0.6105 1.44179155162314
0.611 1.44181068096315
0.6115 1.44182846857888
0.612 1.44184440884533
0.6125 1.44185882714059
0.613 1.4418719040529
0.6135 1.44188363974168
0.614 1.4418934967897
0.6145 1.44190186371073
0.615 1.44190888974184
0.6155 1.44191457503884
0.616 1.44191834903419
0.6165 1.44192066610372
0.617 1.44192164276518
0.6175 1.44192127917083
0.618 1.44191897027572
0.6185 1.44191523898196
0.619 1.44191016775101
0.6195 1.44190375673163
0.62 1.4418953651048
0.6205 1.44188558690209
0.621 1.44187446922229
0.6215 1.44186201221075
0.622 1.44184753800751
0.6225 1.44183171431695
0.623 1.44181455159884
0.6235 1.44179602242928
0.624 1.44177549336748
0.6245 1.44175362557755
0.625 1.44173041919924
0.6255 1.44170580770472
0.626 1.44167923546778
0.6265 1.44165132493497
0.627 1.44162207624277
0.6275 1.4415913825698
0.628 1.44155876849287
0.6285 1.44152481654226
0.629 1.44148952685129
0.6295 1.44145275114321
0.63 1.44141409653044
0.6305 1.44137410445634
0.631 1.44133277505111
0.6315 1.44128991744814
0.632 1.44124522357328
0.6325 1.44119919263981
0.633 1.44115182477483
0.6335 1.4411028854141
0.634 1.44105215352112
0.6345 1.44100008496276
0.635 1.44094667986312
0.6355 1.44089165887877
0.636 1.44083489018243
0.6365 1.44077678520464
0.637 1.44071734406657
0.6375 1.44065624158979
0.638 1.44059343727617
0.6385 1.44052929705595
0.639 1.44046382104739
0.6395 1.44039663720648
0.64 1.4403277984336
0.6405 1.44025762412003
0.641 1.44018611438121
0.6415 1.44011284930163
0.642 1.44003797719996
0.6425 1.43996176991478
0.643 1.43988422755875
0.6435 1.43980488136317
0.644 1.43972397703622
0.6445 1.43964173787435
0.645 1.43955816398752
0.6455 1.43947273679591
0.646 1.43938580132072
0.6465 1.43929753135082
0.647 1.4392079269935
0.6475 1.43911641892314
0.648 1.43902345335086
0.6485 1.43892915361585
0.649 1.43883351982279
0.6495 1.43873593098833
0.65 1.43863693634473
0.6505 1.43853660786231
0.651 1.43843494564318
0.6515 1.43833127615674
0.652 1.4382262534427
0.6525 1.43811989720586
0.653 1.43801217401245
0.6535 1.43790245751697
0.654 1.43779140770903
0.6545 1.43767902468656
0.655 1.43756522102242
0.6555 1.43744947808258
0.656 1.43733240213341
0.6565 1.43721399327042
0.657 1.43709410924104
0.6575 1.43697234079363
0.658 1.43684923963253
0.6585 1.43672480585091
0.659 1.43659884155941
0.6595 1.43647104851815
0.66 1.43634192305156
0.6605 1.43621146525047
0.661 1.43607942079764
0.6615 1.43594560405373
0.662 1.43581045516567
0.6625 1.43567397422204
0.663 1.43553584970637
0.6635 1.43539601012891
0.664 1.43525483868149
0.6645 1.43511233545046
0.665 1.43496813096821
0.6655 1.4348222694047
0.666 1.43467507623856
0.6665 1.43452655155395
0.667 1.43437626719918
0.6675 1.43422438447597
0.668 1.43407117041073
0.6685 1.43391662508552
0.669 1.43376026095014
0.6695 1.43360235787287
0.67 1.43344312370761
0.6705 1.43328255853435
0.671 1.43312011470817
0.6715 1.43295619206222
0.672 1.43279093857591
0.6725 1.43262435432717
0.673 1.43245583089795
0.6735 1.43228588944888
0.674 1.43211461740079
0.6745 1.43194201482962
0.675 1.43176741188308
0.6755 1.43159145237708
0.676 1.43141416250724
0.6765 1.43123550659582
0.677 1.43105485996747
0.6775 1.43087288313175
0.678 1.43068957616136
0.6785 1.43050484087115
0.679 1.43031817739658
0.6795 1.4301301839398
0.68 1.42994086057163
0.6805 1.4297500459832
0.681 1.42955736635872
0.6815 1.42936335697141
0.682 1.42916801789025
0.6825 1.42897112408229
0.683 1.42877242898636
0.6835 1.42857240434129
0.684 1.4283710502143
0.6845 1.42816807726369
0.685 1.42796336735728
0.6855 1.42775732810992
0.686 1.42754995958704
0.6865 1.42734090756887
0.687 1.4271301834959
0.6875 1.42691813028472
0.688 1.42670474799908
0.6885 1.4264896169867
0.689 1.42627287937437
0.6895 1.42605481282131
0.69 1.42583541738957
0.6905 1.42561420745462
0.691 1.42539145691383
0.6915 1.42516737762461
0.692 1.42494196964738
0.6925 1.42471468085982
0.693 1.42448591798553
0.6935 1.42425582655005
0.694 1.42402440661221
0.6945 1.42379103904037
0.695 1.42355626441196
0.6955 1.42332016140467
0.696 1.42308273007577
0.6965 1.42284328378638
0.697 1.422602497968
0.6975 1.42236038394824
0.698 1.42211688521679
0.6985 1.42187141684106
0.699 1.421624620382
0.6995 1.42137649589433
0.7 1.42112691855311
0.7005 1.42087543990181
0.701 1.42062263333683
0.7015 1.42036849891143
0.702 1.42011284302307
0.7025 1.41985535462132
0.703 1.419596538471
0.7035 1.41933639462395
0.704 1.41907466024963
0.7045 1.41881116260857
0.705 1.41854633737965
0.7055 1.41828018461329
0.706 1.41801237181274
0.7065 1.41774286542989
0.707 1.41747203161557
0.7075 1.41719987041883
0.708 1.41692597925038
0.7085 1.41665046460995
0.709 1.41637362269023
0.7095 1.41609545353894
0.71 1.41581548405954
0.7105 1.41553396163276
0.711 1.41525111207476
0.7115 1.41496693543195
0.712 1.4146808876972
0.7125 1.41439335794263
0.713 1.41410450120087
0.7135 1.4138143175171
0.714 1.41352219158131
0.7145 1.41322865494511
0.715 1.41293379146186
0.7155 1.4126376011755
0.716 1.41233939709168
0.7165 1.41203985400796
0.717 1.41173898421351
0.7175 1.41143672805984
0.718 1.41113250557096
0.7185 1.41082695646204
0.719 1.41052008077497
0.7195 1.41021174655886
0.72 1.4099015183255
0.7205 1.4095899636022
0.721 1.40927708242971
0.7215 1.4089626702009
0.722 1.40864643662624
0.7225 1.40832887668818
0.723 1.40800999042635
0.7235 1.4076895002334
0.724 1.40736726170962
0.7245 1.40704369694549
0.725 1.40671880597954
0.7255 1.40639223786986
0.726 1.40606399477838
0.7265 1.4057344255662
0.727 1.40540353027079
0.7275 1.40507088429067
0.728 1.40473663700243
0.7285 1.40440106370982
0.729 1.40406416444928
0.7295 1.40372544064393
0.73 1.40338518951964
0.7305 1.40304361250411
0.731 1.40270070963272
0.7315 1.40235590804626
0.732 1.40200965343669
0.7325 1.40166207304583
0.733 1.4013131669081
0.7335 1.4009622875836
0.734 1.40061002982979
0.7345 1.40025644640159
0.735 1.39990151527518
0.7355 1.39954458031198
0.736 1.39918631974552
0.7365 1.39882673360857
0.737 1.39846572481368
0.7375 1.39810278725828
0.738 1.39773852420152
0.7385 1.39737293567527
0.739 1.39700584925233
0.7395 1.39663690942095
0.74 1.39626664418728
0.7405 1.39589505358227
0.741 1.39552188957073
0.7415 1.3951469477708
0.742 1.39477068066483
0.7425 1.39439308828291
0.743 1.39401384672132
0.7435 1.39363290325163
0.744 1.39325063456947
0.7445 1.39286704070404
0.745 1.39248172163002
0.7455 1.39209477678101
0.746 1.39170650681044
0.7465 1.39131691174668
0.747 1.39092551519696
0.7475 1.39053256925092
0.748 1.39013829827163
0.7485 1.38974270228669
0.749 1.38934522829714
0.7495 1.38894628152839
0.75 1.38854600981223
0.7505 1.38814441317544
0.751 1.38774086178109
0.7515 1.38733591445625
0.752 1.38692964226736
0.7525 1.38652203928888
0.753 1.38611241647553
0.7535 1.38570146885365
0.754 1.38528919644874
0.7545 1.38487551612203
0.755 1.38445989318396
0.7555 1.38404294551679
0.756 1.38362467314529
0.7565 1.38320491550323
0.757 1.38278329268732
0.7575 1.38236034521948
0.758 1.38193607312374
0.7585 1.38151023819845
0.759 1.38108261574459
0.7595 1.38065366871373
0.76 1.38022339712925
0.7605 1.37979148495209
0.761 1.37935786309334
0.7615 1.3789229167304
0.762 1.37848664588596
0.7625 1.37804865648756
0.763 1.37760903545033
0.7635 1.37716808997966
0.764 1.37672582009755
0.7645 1.37628175350783
0.765 1.37583613351219
0.7655 1.37538918915175
0.766 1.37494092044792
0.7665 1.3744907766961
0.767 1.37403915795573
0.7675 1.37358621491728
0.768 1.37313194760151
0.7685 1.37267572671614
0.769 1.37221810943868
0.7695 1.37175916792791
0.77 1.37129889563572
0.7705 1.37083660421299
0.771 1.37037298860012
0.7715 1.36990804881687
0.772 1.36944169943726
0.7725 1.36897340981339
0.773 1.36850379606106
0.7735 1.36803285819944
0.774 1.36756043175925
0.7745 1.36708614412635
0.775 1.36661053242488
0.7755 1.36613359667347
0.776 1.3656550931989
0.7765 1.36517480774359
0.777 1.36469319827788
0.7775 1.36421026481985
0.778 1.36372568433653
0.7785 1.36323940124008
0.779 1.36275179418972
0.7795 1.36226286320298
0.78 1.36177220573595
0.7805 1.36127992517445
0.781 1.36078632071389
0.7815 1.36029139237129
0.782 1.359794657945
0.7825 1.3592963800895
0.783 1.35879677838819
0.7835 1.35829585285762
0.784 1.35779304149599
0.7845 1.35728876651263
0.785 1.35678316773519
0.7855 1.35627624517971
0.786 1.35576735690612
0.7865 1.35525708495629
0.787 1.35474548926259
0.7875 1.35423254972709
0.788 1.35371760467792
0.7885 1.35320133591838
0.789 1.35268374346375
0.7895 1.3521647270541
0.79 1.35164378529969
0.7905 1.35112151988273
0.791 1.35059793081803
0.7915 1.35007283755623
0.792 1.3495458992459
0.7925 1.34901763731944
0.793 1.34848805179122
0.7935 1.3479568816988
0.794 1.34742394697759
0.7945 1.34688968868531
0.795 1.34635410683595
0.7955 1.34581685993396
0.796 1.34527792894275
0.7965 1.34473767442426
0.797 1.34419609639205
0.7975 1.34365277270108
0.798 1.34310784557674
0.7985 1.34256159496764
0.799 1.34201402088694
0.7995 1.34146462042712
0.8 1.34091369730264
0.8005 1.34036145073467
0.801 1.33980788073599
0.8015 1.33925240352704
0.802 1.33869548453158
0.8025 1.33813724213274
0.803 1.33757767634291
0.8035 1.3370161224041
0.804 1.33645320766318
0.8045 1.33588896955781
0.805 1.33532336447627
0.8055 1.33475577745024
0.806 1.33418686708579
0.8065 1.33361663339473
0.807 1.33304495161455
0.8075 1.33247136904641
0.808 1.33189646317693
0.8085 1.33132023401758
0.809 1.33074247555697
0.8095 1.33016289756292
0.81 1.32958199630355
0.8105 1.32899977178998
0.811 1.32841593666676
0.8115 1.32783036335972
0.812 1.32724346682235
0.8125 1.32665524706545
0.813 1.32606533529706
0.8135 1.32547376678677
0.814 1.32488087508013
0.8145 1.32428666018765
0.815 1.32369067179119
0.8155 1.32309310818429
0.816 1.32249422141409
0.8165 1.32189401149076
0.817 1.32129194648295
0.8175 1.32068838788313
0.818 1.32008350615208
0.8185 1.31947730129969
0.819 1.31886915969694
0.8195 1.31825960620496
0.82 1.31764872961293
0.8205 1.31703652993046
0.821 1.31642231174881
0.8215 1.31580676346264
0.822 1.31518989210672
0.8225 1.31457162288124
0.823 1.31395140294559
0.8235 1.31332985996048
0.824 1.31270699393506
0.8245 1.31208264815674
0.825 1.31145643358588
0.8255 1.31082889599445
0.826 1.31020003539133
0.8265 1.3095696130754
0.827 1.3089374039602
0.8275 1.30830387185251
0.828 1.30766901676096
0.8285 1.30703251792233
0.829 1.30639431435119
0.8295 1.30575478781484
0.83 1.30511393832169
0.8305 1.30447136297499
0.831 1.30382716503386
0.8315 1.30318164415407
0.832 1.30253480034377
0.8325 1.30188614850336
0.833 1.30123595627588
0.8335 1.30058444113553
0.834 1.29993160309027
0.8345 1.29927687477021
0.835 1.29862068833774
0.8355 1.29796317901751
0.836 1.29730434681723
0.8365 1.29664354203134
0.837 1.29598136147306
0.8375 1.29531785805143
0.838 1.29465300229587
0.8385 1.29398615053578
0.839 1.29331797592875
0.8395 1.29264847848212
0.84 1.29197754628317
0.8405 1.29130470052604
0.841 1.29063053194527
0.8415 1.28995504054801
0.842 1.28927803191881
0.8425 1.28859919223828
0.843 1.28791902975679
0.8435 1.28723754448131
0.844 1.28655445943476
0.8445 1.28586962590255
0.845 1.28518346959146
0.8455 1.28449599050826
0.846 1.28380682905704
0.8465 1.28311600174299
0.847 1.28242385167156
0.8475 1.28173037884933
0.848 1.28103514100587
0.8485 1.28033831997801
0.849 1.2796401762137
0.8495 1.27894070971934
0.85 1.27823939549587
0.8505 1.27753658082048
0.851 1.27683244342902
0.8515 1.27612698332772
0.852 1.27541959273626
0.8525 1.27471078447793
0.853 1.27400065352338
0.8535 1.27328919987868
0.854 1.27257573293103
0.8545 1.27186093115272
0.855 1.27114480669752
0.8555 1.27042728885221
0.856 1.26970781627912
0.8565 1.26898702104219
0.857 1.26826490314721
0.8575 1.26754130896497
0.858 1.26681584297458
0.8585 1.26608905433887
0.859 1.26536094306348
0.8595 1.2646312725556
0.86 1.26389981320674
0.8605 1.26316703123062
0.861 1.26243292663272
0.8615 1.26169717981031
0.862 1.26095972716039
0.8625 1.26022095190079
0.863 1.25948085403689
0.8635 1.25873903091088
0.864 1.25799558501588
0.8645 1.25725081652837
0.865 1.2565047254536
0.8655 1.25575682603476
0.866 1.25500738694934
0.8665 1.25425662528817
0.867 1.25350454105635
0.8675 1.25275056535527
0.868 1.25199513313279
0.8685 1.25123837835091
0.869 1.2504803010146
0.8695 1.24972024904172
0.87 1.24895882373429
0.8705 1.24819607588341
0.871 1.24743197306837
0.8715 1.24666587725953
0.872 1.24589845891805
0.8725 1.2451297180487
0.873 1.2443595389789
0.8735 1.24358745017041
0.874 1.24281403884461
0.8745 1.24203930500616
0.875 1.24126304969163
0.8755 1.24048496793245
0.876 1.23970556367094
0.8765 1.23892483691165
0.877 1.23814250536227
0.8775 1.23735843070027
0.878 1.23657303355058
0.8785 1.23578631391763
0.879 1.23499790614315
0.8795 1.23420783862514
0.88 1.23341644863374
0.8805 1.2326237361733
0.881 1.23182925218331
0.8815 1.23103319185508
0.882 1.23023580906745
0.8825 1.22943710382466
0.883 1.22863654362865
0.8835 1.22783449053501
0.884 1.22703111499377
0.8845 1.22622641701282
0.885 1.22541978062015
0.8855 1.22461173480493
0.886 1.22380236655737
0.8865 1.22299167588154
0.887 1.22217896330144
0.8875 1.22136492480759
0.888 1.22054956389451
0.8885 1.21973280052785
0.889 1.21891409180775
0.8895 1.21809406067734
0.89 1.21727270714053
0.8905 1.21644986760155
0.891 1.21562516627345
0.8915 1.21479914254769
0.892 1.2139717964281
0.8925 1.21314288072572
0.893 1.21231218683027
0.8935 1.21148017054956
0.894 1.21064683188733
0.8945 1.20981184003036
0.895 1.20897515360742
0.8955 1.20813714481136
0.896 1.20729781364585
0.8965 1.20645674564301
0.897 1.20561406673166
0.8975 1.20477006545909
0.898 1.20392474182892
0.8985 1.20307759768881
0.899 1.2022289263274
0.8995 1.20137893261646
0.9 1.20052761655951
0.9005 1.19967439629063
0.901 1.1988197325168
0.9015 1.19796374640489
0.902 1.19710643795837
0.9025 1.19624714156914
0.903 1.19538648541984
0.9035 1.19452450694371
0.904 1.19366115981221
0.9045 1.19279583364288
0.905 1.19192918515441
0.9055 1.19106121435015
0.906 1.1901917911121
0.9065 1.18932047262836
0.907 1.18844783183637
0.9075 1.18757386873944
0.908 1.18669836940303
0.9085 1.1858210586401
0.909 1.18494242557966
0.9095 1.18406247022492
0.91 1.18318089479823
0.9105 1.18229759179077
0.911 1.18141296649632
0.9115 1.18052701891806
0.912 1.1796393674091
0.9125 1.17875007219119
0.913 1.17785945469664
0.9135 1.17696751492858
0.914 1.17607378734527
0.9145 1.17517849995044
0.915 1.17428189028915
0.9155 1.17338395836448
0.916 1.17248415471468
0.9165 1.17158287517592
0.917 1.17068027338073
0.9175 1.16977634933212
0.918 1.16887046962362
0.9185 1.16796319797342
0.919 1.16705460407666
0.9195 1.16614467366663
0.92 1.16523273217679
0.9205 1.16431946844717
0.921 1.16340488248069
0.9215 1.16248887602476
0.922 1.16157094247741
0.9225 1.1606516866999
0.923 1.15973110869511
0.9235 1.15880902620086
0.924 1.15788510062724
0.9245 1.15695985283292
0.925 1.15603328282076
0.9255 1.15510512429573
0.926 1.15417520672662
0.9265 1.15324396694616
0.927 1.15231140495715
0.9275 1.1513771704088
0.928 1.15044126087458
0.9285 1.14950402913821
0.929 1.14856547520247
0.9295 1.1476251646382
0.93 1.14668326316884
0.9305 1.14574003950641
0.931 1.14479549365365
0.9315 1.14384910708082
0.932 1.14290121370589
0.9325 1.14195199814686
0.933 1.14100146040643
0.9335 1.14004899783233
0.934 1.13909511258104
0.9345 1.1381399051545
0.935 1.13718337555538
0.9355 1.13622483698724
0.936 1.13526495988844
0.9365 1.13430376062314
0.937 1.13334117139631
0.9375 1.13237662463898
0.938 1.13141075572118
0.9385 1.13044356464553
0.939 1.12947489943659
0.9395 1.12850436087988
0.94 1.12753250017128
0.9405 1.12655931731334
0.941 1.12558457612942
0.9415 1.12460804580129
0.942 1.12363019332974
0.9425 1.1226510187173
0.943 1.12167020156543
0.9435 1.12068767949355
0.944 1.11970383528662
0.9445 1.11871866894715
0.945 1.11773177583434
0.9455 1.11674326204608
0.946 1.11575342613105
0.9465 1.11476226809173
0.947 1.11376929902495
0.9475 1.11277479354739
0.948 1.11177896595125
0.9485 1.11078181623901
0.949 1.10978277122518
0.9495 1.10878227408513
0.95 1.10778045483463
0.9505 1.10677731347612
0.951 1.1057721925221
0.9515 1.10476570374613
0.952 1.10375789286775
0.9525 1.10274872129074
0.953 1.101737563002
0.9535 1.10072508261643
0.954 1.0997112801364
0.9545 1.09869603263059
0.955 1.0976788827504
0.9555 1.09666041078129
0.956 1.09564061672563
0.9565 1.09461929329778
0.957 1.09359615185352
0.9575 1.09257168832672
0.958 1.09154590272118
0.9585 1.09051850337802
0.959 1.08948937039248
0.9595 1.08845891533363
0.96 1.0874271382038
0.9605 1.08639366295204
0.961 1.08535853845217
0.9615 1.0843220918867
0.962 1.08328432325795
0.9625 1.08224477210426
0.963 1.08120365611535
0.9635 1.0801612180685
0.964 1.07911745796599
0.9645 1.078071830917
0.965 1.07702472346416
0.9655 1.07597629396096
0.966 1.07492654240967
0.9665 1.073874839472
0.967 1.07282174058013
0.9675 1.07176731964544
0.968 1.07071156611897
0.9685 1.0696537978504
0.969 1.06859470754425
0.9695 1.06753429520276
0.97 1.06647246579853
0.9705 1.06540870613281
0.971 1.06434362443694
0.9715 1.06327722071317
0.972 1.06220931543772
0.9725 1.0611395643993
0.973 1.06006849133813
0.9735 1.05899609625644
0.974 1.05792211511626
0.9745 1.05684637272945
0.975 1.05576930832724
0.9755 1.05469092191184
0.976 1.05361086491341
0.9765 1.05252913120236
0.977 1.05144607548322
0.9775 1.05036169775818
0.978 1.04927556490794
0.9785 1.04818783989667
0.979 1.04709879288457
0.9795 1.04600842387382
0.98 1.0449162151782
0.9805 1.04382249889058
0.981 1.04272746060936
0.9815 1.0416311003367
0.982 1.04053281580209
0.9825 1.03943310826188
0.983 1.03833207873525
0.9835 1.03722972722434
0.984 1.03612536685712
0.9845 1.03501966808795
0.985 1.0339126473395
0.9855 1.03280423642074
0.986 1.03169386842042
0.9865 1.0305821784458
0.987 1.029469166499
0.9875 1.02835467975821
0.988 1.02723832056875
0.9885 1.02612063941207
0.989 1.02500163629028
0.9895 1.02388107373377
0.99 1.0227587233785
0.9905 1.02163505106305
0.991 1.02051005678953
0.9915 1.01938341842361
0.992 1.01825507692573
0.9925 1.0171254134747
0.993 1.01599442807261
0.9935 1.01486171390357
0.994 1.01372738128621
0.9945 1.01259172672268
0.995 1.01145475021509
0.9955 1.01031596024917
0.996 1.00917563653535
0.9965 1.00803399088234
0.997 1.0068910232922
0.9975 1.00574615753566
0.998 1.00459984274833
0.9985 1.00345220602873
0.999 1.00230324737894
0.9995 1.001152305838
1 1
