"EPS" "MSE"
5e-04 0.00464706034207273
0.001 0.00831231885517592
0.0015 0.0116135284078211
0.002 0.0146835680800084
0.0025 0.0175848222451528
0.003 0.0203536566707685
0.0035 0.0230138776232457
0.004 0.0255822626179642
0.0045 0.0280712619619418
0.005 0.0304904666504011
0.0055 0.0328474915005681
0.006 0.0351485178524108
0.0065 0.0373986658891322
0.007 0.0396022376568738
0.0075 0.0417629007271758
0.008 0.04388381546549
0.0085 0.0459677359834072
0.009 0.0480170748864797
0.0095 0.0500339702219728
0.01 0.0520203263835767
0.0105 0.05397784682816
0.011 0.0559080697826344
0.0115 0.0578123848555696
0.012 0.0596920594318467
0.0125 0.0615482440258724
0.013 0.0633820010635279
0.0135 0.0651943034631459
0.014 0.0669860495687588
0.0145 0.0687580722135451
0.015 0.0705111391676625
0.0155 0.0722459736268505
0.016 0.0739632375205152
0.0165 0.0756635561901521
0.017 0.0773475243792269
0.0175 0.0790156815649324
0.018 0.0806685501235179
0.0185 0.0823066145129142
0.019 0.0839303307772682
0.0195 0.0855401366813274
0.02 0.0871364442156472
0.0205 0.0887196318596064
0.021 0.0902900801362283
0.0215 0.0918481247166434
0.022 0.093394111437066
0.0225 0.0949283573461411
0.023 0.0964511503756503
0.0235 0.0979627926859503
0.024 0.0994635564517027
0.0245 0.100953699143229
0.025 0.102433477871012
0.0255 0.103903136509014
0.026 0.105362893865095
0.0265 0.106812986379112
0.027 0.108253618414373
0.0275 0.109684994936982
0.028 0.111107321517223
0.0285 0.112520769793206
0.029 0.113925536341291
0.0295 0.115321794480376
0.03 0.116709712074107
0.0305 0.118089446451031
0.031 0.119461163278057
0.0315 0.120825012818373
0.032 0.122181139751341
0.0325 0.12352968907037
0.033 0.124870798698876
0.0335 0.12620459485477
0.034 0.127531211723587
0.0345 0.128850775364422
0.035 0.130163404666582
0.0355 0.131469218733929
0.036 0.132768332100955
0.0365 0.134060844039118
0.037 0.135346877675983
0.0375 0.13662653220938
0.038 0.137899899058414
0.0385 0.139167087012843
0.039 0.140428189813968
0.0395 0.141683291658898
0.04 0.142932495281338
0.0405 0.144175886863624
0.041 0.145413544498477
0.0415 0.146645555479326
0.042 0.147872005330929
0.0425 0.149092969475194
0.043 0.150308523419208
0.0435 0.1515187427551
0.044 0.15272370315991
0.0445 0.15392348039545
0.045 0.155118134585501
0.0455 0.156307739255216
0.046 0.157492361760445
0.0465 0.158672071701686
0.047 0.159846916019122
0.0475 0.161016972527373
0.048 0.162182298988459
0.0485 0.163342953211809
0.049 0.164498993054128
0.0495 0.165650476419269
0.05 0.166797461258105
0.0505 0.167939996079907
0.051 0.169078130657911
0.0515 0.170211935131079
0.052 0.171341435414407
0.0525 0.172466710232572
0.053 0.173587775195722
0.0535 0.17470470510204
0.054 0.17581754255748
0.0545 0.17692632449631
0.055 0.178031096363193
0.0555 0.179131908484402
0.056 0.180228803561957
0.0565 0.181321824320553
0.057 0.18241101350746
0.0575 0.183496399843069
0.058 0.184578034254711
0.0585 0.185655960695773
0.059 0.186730216699977
0.0595 0.187800821909348
0.06 0.188867842923866
0.0605 0.189931285951696
0.061 0.190991219590864
0.0615 0.192047641472625
0.062 0.193100618275473
0.0625 0.194150177350508
0.063 0.195196332716984
0.0635 0.196239136897026
0.064 0.197278619920118
0.0645 0.198314811824188
0.065 0.199347742655536
0.0655 0.200377442468773
0.066 0.20140394132675
0.0665 0.202427269300493
0.067 0.203447456469135
0.0675 0.204464532919846
0.068 0.205478528747769
0.0685 0.206489474055946
0.069 0.207497376511802
0.0695 0.208502282031272
0.07 0.209504223496043
0.0705 0.210503203175159
0.071 0.211499266626331
0.0715 0.212492434571598
0.072 0.213482725467627
0.0725 0.21447017336757
0.073 0.215454797203553
0.0735 0.216436616771404
0.074 0.217415673751085
0.0745 0.21839196205112
0.075 0.219365525078216
0.0755 0.220336387970292
0.076 0.22130456737647
0.0765 0.222270070739694
0.077 0.223232936437675
0.0775 0.224193184286786
0.078 0.225150834104478
0.0785 0.226105905709244
0.079 0.227058418920582
0.0795 0.228008393558956
0.08 0.228955849445761
0.0805 0.229900806403283
0.081 0.230843284254661
0.0815 0.231783302823847
0.082 0.232720881935574
0.0825 0.233656041415311
0.083 0.234588789955374
0.0835 0.235519145849804
0.084 0.236447138551232
0.0845 0.237372787886926
0.085 0.238296094940148
0.0855 0.239217081481876
0.086 0.240135781098616
0.0865 0.24105218617057
0.087 0.241966327167106
0.0875 0.242878226543864
0.088 0.243787876476853
0.0885 0.244695327181059
0.089 0.245600553602525
0.0895 0.24650361264907
0.09 0.247404483105948
0.0905 0.248303207501587
0.091 0.249199789535258
0.0915 0.250094236278223
0.092 0.250986585041902
0.0925 0.251876823503672
0.093 0.252764977660458
0.0935 0.253651071797896
0.094 0.254535110211535
0.0945 0.255417092765287
0.095 0.256297053247295
0.0955 0.257175003555266
0.096 0.258050955585401
0.0965 0.258924914765499
0.097 0.259796890282387
0.0975 0.260666905447079
0.098 0.261534972149633
0.0985 0.262401102278515
0.099 0.263265307720582
0.0995 0.264127600361063
0.1 0.264987992083543
0.1005 0.265846494769949
0.101 0.266703120300524
0.1015 0.267557880553822
0.102 0.268410787406679
0.1025 0.269261852734204
0.103 0.270111088409759
0.1035 0.270958506304938
0.104 0.271804118289558
0.1045 0.272647923373922
0.105 0.273489938836741
0.1055 0.274330181741066
0.106 0.275168663949424
0.1065 0.276005397322473
0.107 0.276840379812242
0.1075 0.277673619936059
0.108 0.278505144548873
0.1085 0.279334965503732
0.109 0.280163067064332
0.1095 0.280989476499185
0.11 0.281814215577409
0.1105 0.28263726805867
0.111 0.283458655846599
0.1115 0.28427840656158
0.112 0.285096485492139
0.1125 0.285912945111854
0.113 0.286727774517785
0.1135 0.287540981783415
0.114 0.288352592897884
0.1145 0.289162586535075
0.115 0.289971010577048
0.1155 0.290777829295722
0.116 0.291583097469817
0.1165 0.29238677996399
0.117 0.293188923460333
0.1175 0.293989508407927
0.118 0.294788558402003
0.1185 0.295586084464662
0.119 0.296382072117168
0.1195 0.297176565691328
0.12 0.297969534396769
0.1205 0.298761010649091
0.121 0.299551012867965
0.1215 0.300339505054048
0.122 0.301126534938137
0.1225 0.301912110818313
0.123 0.302696207268374
0.1235 0.303478855767698
0.124 0.304260070277083
0.1245 0.305039851719125
0.125 0.305818183768025
0.1255 0.306595101825206
0.126 0.307370612045139
0.1265 0.308144720580689
0.127 0.308917415887738
0.1275 0.30968871450127
0.128 0.310458631402486
0.1285 0.311227172737514
0.129 0.311994344650852
0.1295 0.312760153285358
0.13 0.313524599029968
0.1305 0.314287683990526
0.131 0.315049425612427
0.1315 0.315809830031643
0.132 0.316568903382478
0.1325 0.317326651797563
0.133 0.318083081407852
0.1335 0.318838198342615
0.134 0.319592008729431
0.1345 0.320344518694184
0.135 0.321095734361057
0.1355 0.321845661852528
0.136 0.32259430728936
0.1365 0.3233416767906
0.137 0.324087776473571
0.1375 0.324832612453865
0.138 0.325576190845342
0.1385 0.326318517760119
0.139 0.327059599308567
0.1395 0.327799441599305
0.14 0.328538050739196
0.1405 0.329275432833336
0.141 0.330011590565004
0.1415 0.330746519009313
0.142 0.331480237197627
0.1425 0.332212751228251
0.143 0.332944067197698
0.1435 0.333674191200687
0.144 0.334403129330133
0.1445 0.335130876160948
0.145 0.335857432682849
0.1455 0.336582820086425
0.146 0.337307044457654
0.1465 0.338030111880688
0.147 0.338752011517047
0.1475 0.339472747928862
0.148 0.340192344122878
0.1485 0.340910806176207
0.149 0.341628124391931
0.1495 0.342344295317743
0.15 0.343059348813358
0.1505 0.343773290948773
0.151 0.344486091610164
0.1515 0.345197782452739
0.152 0.345908378625479
0.1525 0.346617859028889
0.153 0.347326233081349
0.1535 0.348033529139361
0.154 0.348739723485685
0.1545 0.34944482656889
0.155 0.350148868317942
0.1555 0.35085181077448
0.156 0.351553688666914
0.1565 0.352254514030697
0.157 0.352954246570515
0.1575 0.353652945007966
0.158 0.354350574271695
0.1585 0.35504715642948
0.159 0.355742703993042
0.1595 0.356437188345944
0.16 0.357130665786668
0.1605 0.357823072947979
0.161 0.358514481610999
0.1615 0.359204842405617
0.162 0.359894200736162
0.1625 0.360582528868216
0.163 0.361269855299875
0.1635 0.361956164464375
0.164 0.362641477419042
0.1645 0.363325781301843
0.165 0.364009099189672
0.1655 0.364691411467439
0.166 0.365372752686789
0.1665 0.36605308702696
0.167 0.36673246996435
0.1675 0.367410840025101
0.168 0.368088268927226
0.1685 0.368764702485362
0.169 0.369440186550339
0.1695 0.37011470640997
0.17 0.370788259273273
0.1705 0.371460883779783
0.171 0.372132519067504
0.1715 0.372803233011735
0.172 0.373472997883022
0.1725 0.374141813647707
0.173 0.374809716292908
0.1735 0.375476658836479
0.174 0.376142682678693
0.1745 0.376807800475302
0.175 0.377471959103975
0.1755 0.378135218596247
0.176 0.37879757743467
0.1765 0.379458991056659
0.177 0.38011951374334
0.1775 0.380779147931664
0.178 0.381437846972516
0.1785 0.382095660369637
0.179 0.38275259345834
0.1795 0.38340861903588
0.18 0.384063750631005
0.1805 0.384718010099029
0.181 0.38537139933694
0.1815 0.386023876589027
0.182 0.386675489886664
0.1825 0.387326241658217
0.183 0.387976130210508
0.1835 0.388625124759257
0.184 0.389273265943239
0.1845 0.389920556187399
0.185 0.39056699791589
0.1855 0.391212564539622
0.186 0.391857279729925
0.1865 0.392501154551825
0.187 0.393144191426029
0.1875 0.393786392772448
0.188 0.394427731899598
0.1885 0.395068237340021
0.189 0.395707915385767
0.1895 0.396346768453276
0.19 0.396984798958184
0.1905 0.397622004862029
0.191 0.398258370040306
0.1915 0.398893920774827
0.192 0.399528659477734
0.1925 0.400162588560359
0.193 0.400795710433225
0.1935 0.401428027506041
0.194 0.402059542187705
0.1945 0.402690236060963
0.195 0.403320133018295
0.1955 0.403949235680811
0.196 0.404577546453877
0.1965 0.405205067742037
0.197 0.405831801949019
0.1975 0.406457751477729
0.198 0.407082918730251
0.1985 0.407707306107848
0.199 0.40833091601096
0.1995 0.408953749116746
0.2 0.40957580010875
0.2005 0.410197081694337
0.201 0.410817596270366
0.2015 0.411437346232864
0.202 0.412056333977029
0.2025 0.412674561897228
0.203 0.413292032386994
0.2035 0.41390874783903
0.204 0.414524710645202
0.2045 0.415139923196542
0.205 0.415754387883244
0.2055 0.416368107094668
0.206 0.416981083219331
0.2065 0.417593318644915
0.207 0.418204815758257
0.2075 0.418815576945357
0.208 0.419425604591368
0.2085 0.420034901080602
0.209 0.420643468796527
0.2095 0.421251310121762
0.21 0.421858427438082
0.2105 0.422464823126414
0.211 0.423070499566834
0.2115 0.423675459138571
0.212 0.42427970422
0.2125 0.424883237188647
0.213 0.425486058321129
0.2135 0.426088161916432
0.214 0.426689559662364
0.2145 0.427290253933321
0.215 0.427890247102841
0.2155 0.428489541543608
0.216 0.429088139627443
0.2165 0.42968604372531
0.217 0.430283256207311
0.2175 0.430879779442687
0.218 0.431475615799814
0.2185 0.432070767646207
0.219 0.432665222968127
0.2195 0.433258990535424
0.22 0.433852079828722
0.2205 0.434444493212363
0.221 0.435036233049821
0.2215 0.435627301703699
0.222 0.436217701535732
0.2225 0.436807434906779
0.223 0.437396480967338
0.2235 0.437984859531068
0.224 0.438572577852839
0.2245 0.439159638290313
0.225 0.439746043200275
0.2255 0.440331794938633
0.226 0.440916881658376
0.2265 0.441501300276271
0.227 0.44208507192841
0.2275 0.442668198967482
0.228 0.443250683745292
0.2285 0.443832528612764
0.229 0.444413703043959
0.2295 0.44499423643135
0.23 0.44557413610099
0.2305 0.446153404400562
0.231 0.446732043676863
0.2315 0.447310019813436
0.232 0.447887365367577
0.2325 0.44846408808006
0.233 0.449040190294422
0.2335 0.449615661439739
0.234 0.450190483827753
0.2345 0.450764691890608
0.235 0.451338287968573
0.2355 0.451911273478459
0.236 0.452483603606251
0.2365 0.453055327913429
0.237 0.453626448736979
0.2375 0.454196967939407
0.238 0.454766836669249
0.2385 0.455336108071021
0.239 0.455904784478412
0.2395 0.456472856673407
0.24 0.457040294823773
0.2405 0.457607144126565
0.241 0.458173406912162
0.2415 0.458739051371708
0.242 0.459304089717109
0.2425 0.459868547683335
0.243 0.460432420047024
0.2435 0.460995663565391
0.244 0.461558332836206
0.2445 0.462120430184106
0.245 0.46268190794233
0.2455 0.463242804624779
0.246 0.463803135507093
0.2465 0.464362865074301
0.247 0.464922005258472
0.2475 0.465480585758848
0.248 0.466038577143021
0.2485 0.466595976902
0.249 0.467152823087069
0.2495 0.467709086285439
0.25 0.468264761675265
0.2505 0.468819889594594
0.251 0.46937443459362
0.2515 0.469928401653243
0.252 0.470481827339291
0.2525 0.471034664114633
0.253 0.471586938865869
0.2535 0.472138678333944
0.254 0.472689816850439
0.2545 0.473240415297925
0.255 0.473790471199679
0.2555 0.474339934757776
0.256 0.474888872888928
0.2565 0.47543724660941
0.257 0.475985059748051
0.2575 0.476532353533018
0.258 0.477079055008628
0.2585 0.477625233687222
0.259 0.478170868549093
0.2595 0.47871593823507
0.26 0.479260498395691
0.2605 0.479804477044164
0.261 0.480347938080849
0.2615 0.480890859975398
0.262 0.481433227991059
0.2625 0.481975096292336
0.263 0.482516377976344
0.2635 0.483057163107753
0.264 0.483597397879991
0.2645 0.484137105933563
0.265 0.484676297538545
0.2655 0.485214934602138
0.266 0.485753085490602
0.2665 0.486290658939095
0.267 0.486827748664389
0.2675 0.487364288763283
0.268 0.487900323402324
0.2685 0.488435833886777
0.269 0.488970819512285
0.2695 0.489505304114865
0.27 0.490039246795361
0.2705 0.490572709246044
0.271 0.49110561504584
0.2715 0.491638055641286
0.272 0.492169934051201
0.2725 0.492701347554677
0.273 0.493232213592102
0.2735 0.493762606056892
0.274 0.494292463442377
0.2745 0.494821840917534
0.275 0.49535069336902
0.2755 0.495879061899363
0.276 0.496406913132178
0.2765 0.496934278758287
0.277 0.497461132485143
0.2775 0.49798750124335
0.278 0.498513361174344
0.2785 0.499038739096727
0.279 0.499563608939333
0.2795 0.500088002053713
0.28 0.500611885512779
0.2805 0.501135299842713
0.281 0.501658200620459
0.2815 0.502180642185233
0.282 0.502702563981249
0.2825 0.503224038795873
0.283 0.503744985307112
0.2835 0.504265498025048
0.284 0.504785474303092
0.2845 0.505305016814666
0.285 0.505824040667306
0.2855 0.506342616663199
0.286 0.506860694090927
0.2865 0.507378307259178
0.287 0.507895444258186
0.2875 0.508412098284182
0.288 0.508928300846355
0.2885 0.509443999412831
0.289 0.509959271607301
0.2895 0.510474020312776
0.29 0.510988342106567
0.2905 0.51150217064469
0.291 0.512015545714224
0.2915 0.512528460062258
0.292 0.513040892081295
0.2925 0.51355289821217
0.293 0.514064390851804
0.2935 0.514575463137596
0.294 0.515086051662763
0.2945 0.515596189611967
0.295 0.516105884144171
0.2955 0.516615091421534
0.296 0.517123881601072
0.2965 0.517632178186589
0.297 0.518140042728369
0.2975 0.518647459520388
0.298 0.519154402082793
0.2985 0.51966093079775
0.299 0.520166969267866
0.2995 0.520672581028775
0.3 0.521177753880049
0.3005 0.521682452338913
0.301 0.522186740195048
0.3015 0.522690554314865
0.302 0.5231939338855
0.3025 0.523696896536249
0.303 0.524199371466989
0.3035 0.52470143903405
0.304 0.525203062509344
0.3045 0.52570423044425
0.305 0.526204992885391
0.3055 0.52670528851723
0.306 0.527205156328853
0.3065 0.527704620514722
0.307 0.528203599623467
0.3075 0.52870217417734
0.308 0.529200332312307
0.3085 0.52969802086592
0.309 0.530195309020552
0.3095 0.530692170113684
0.31 0.531188577256722
0.3105 0.531684585863583
0.311 0.532180161203433
0.3115 0.53267529378223
0.312 0.533170029685744
0.3125 0.533664330549151
0.313 0.534158195402989
0.3135 0.534651665440519
0.314 0.535144703092594
0.3145 0.535637307053685
0.315 0.536129518055527
0.3155 0.53662130374963
0.316 0.537112653643111
0.3165 0.537603612432482
0.317 0.538094157410203
0.3175 0.538584260054123
0.318 0.539073973447147
0.3185 0.53956328893829
0.319 0.5400521511436
0.3195 0.540540625949302
0.32 0.54102871385531
0.3205 0.541516351742405
0.321 0.542003594762699
0.3215 0.542490452732137
0.322 0.542976886655344
0.3225 0.543462904685021
0.323 0.543948539510749
0.3235 0.544433780661127
0.324 0.544918580487847
0.3245 0.545402998955587
0.325 0.545887036562558
0.3255 0.546370646916605
0.326 0.546853855804937
0.3265 0.547336685675009
0.327 0.54781912869054
0.3275 0.548301134770885
0.328 0.548782763673539
0.3285 0.549264015895526
0.329 0.549744860539283
0.3295 0.550225295236831
0.33 0.550705355091811
0.3305 0.551185040600582
0.331 0.551664305017277
0.3315 0.552143179258436
0.332 0.552621680989013
0.3325 0.5530998107047
0.333 0.553577513014276
0.3335 0.554054837710699
0.334 0.554531792225383
0.3345 0.555008377053353
0.335 0.555484535350937
0.3355 0.555960321399498
0.336 0.556435739592014
0.3365 0.556910790422842
0.337 0.557385422778695
0.3375 0.557859681061461
0.338 0.558333573810723
0.3385 0.558807101520167
0.339 0.55928022597964
0.3395 0.559752967363846
0.34 0.560225345533929
0.3405 0.560697360982905
0.341 0.56116899556639
0.3415 0.561640230904413
0.342 0.562111105344528
0.3425 0.562581619379082
0.343 0.563051773500277
0.3435 0.563521522211297
0.344 0.563990903755768
0.3445 0.564459927207051
0.345 0.564928593056677
0.3455 0.565396891742892
0.346 0.565864791211126
0.3465 0.56633233489537
0.347 0.566799523286479
0.3475 0.567266356875166
0.348 0.567732818084183
0.3485 0.568198892802672
0.349 0.568664614533367
0.3495 0.569129983766306
0.35 0.569595000991385
0.3505 0.57005965121755
0.351 0.570523917070957
0.3515 0.570987832728083
0.352 0.571451398678149
0.3525 0.571914615410229
0.353 0.572377481102671
0.3535 0.572839953948914
0.354 0.573302079385699
0.3545 0.573763857901425
0.355 0.574225289984348
0.3555 0.574686376122577
0.356 0.575147093217075
0.3565 0.575607444259941
0.357 0.576067451163047
0.3575 0.576527114413825
0.358 0.576986434499563
0.3585 0.577445411907406
0.359 0.577904016951767
0.3595 0.578362268037102
0.36 0.578820178245873
0.3605 0.579277748064542
0.361 0.579734977979429
0.3615 0.580191868476709
0.362 0.580648397944549
0.3625 0.581104570874517
0.363 0.581560406184597
0.3635 0.582015904360285
0.364 0.582471065886926
0.3645 0.582925891249727
0.365 0.583380380933747
0.3655 0.583834498073271
0.366 0.584288280236511
0.3665 0.584741728514531
0.367 0.585194843391707
0.3675 0.585647625352269
0.368 0.586100074880303
0.3685 0.586552192459751
0.369 0.587003945365091
0.3695 0.587455365446848
0.37 0.587906455369411
0.3705 0.588357215616035
0.371 0.588807646669831
0.3715 0.589257749013764
0.372 0.589707523130655
0.3725 0.590156959782217
0.373 0.590606046400996
0.3735 0.591054806577945
0.374 0.591503240795196
0.3745 0.591951349534737
0.375 0.592399133278409
0.3755 0.592846592507909
0.376 0.593293727704788
0.3765 0.59374053935045
0.377 0.594187001453714
0.3775 0.59463313817582
0.378 0.595078953126644
0.3785 0.595524446786901
0.379 0.595969619637162
0.3795 0.596414472157849
0.38 0.596859004829242
0.3805 0.597303218131472
0.381 0.597747112544525
0.3815 0.598190676108427
0.382 0.598633908134954
0.3825 0.599076823046944
0.383 0.59951942132369
0.3835 0.599961703444341
0.384 0.600403669887898
0.3845 0.600845321133217
0.385 0.601286657659006
0.3855 0.601727679943828
0.386 0.6021683884661
0.3865 0.60260878370409
0.387 0.603048853071087
0.3875 0.603488601003362
0.388 0.603928037419589
0.3885 0.604367162797343
0.389 0.604805977614053
0.3895 0.605244482347
0.39 0.605682677473319
0.3905 0.606120563469998
0.391 0.606558140813878
0.3915 0.606995409981652
0.392 0.607432371449869
0.3925 0.607869025694927
0.393 0.60830537319308
0.3935 0.608741409156768
0.394 0.609177126945452
0.3945 0.609612539747934
0.395 0.610047648039771
0.3955 0.61048245229637
0.396 0.610916952992991
0.3965 0.61135115060475
0.397 0.61178504560661
0.3975 0.612218638473391
0.398 0.612651929679763
0.3985 0.61308491970025
0.399 0.613517609009226
0.3995 0.613949998080921
0.4 0.614382087389413
0.4005 0.614813877408636
0.401 0.615245368612374
0.4015 0.615676561474262
0.402 0.616107456467791
0.4025 0.6165380540663
0.403 0.616968344684383
0.4035 0.617398337762288
0.404 0.617828035195
0.4045 0.618257437455159
0.405 0.618686545015255
0.4055 0.619115358347632
0.406 0.619543877924484
0.4065 0.619972104217857
0.407 0.620400037699649
0.4075 0.620827678841611
0.408 0.621255028115343
0.4085 0.621682085992298
0.409 0.622108852943779
0.4095 0.622535329440944
0.41 0.622961515954797
0.4105 0.623387412956198
0.411 0.623813020915857
0.4115 0.624238340304333
0.412 0.62466337159204
0.4125 0.625088115249239
0.413 0.625512571746047
0.4135 0.625936741552428
0.414 0.626360625138198
0.4145 0.626784222973025
0.415 0.627207535526429
0.4155 0.627630563267777
0.416 0.62805330666629
0.4165 0.628475766191041
0.417 0.628897942310949
0.4175 0.629319835494789
0.418 0.629741446211184
0.4185 0.630162774928607
0.419 0.630583822115384
0.4195 0.63100458823969
0.42 0.631425073769551
0.4205 0.631845279172843
0.421 0.632265204917294
0.4215 0.63268485147048
0.422 0.63310421929983
0.4225 0.633523308872621
0.423 0.633942120655982
0.4235 0.634360655116892
0.424 0.63477891272218
0.4245 0.635196893938525
0.425 0.635614599232455
0.4255 0.636032029070352
0.426 0.636449183918443
0.4265 0.636866064242809
0.427 0.637282670509379
0.4275 0.637699003183932
0.428 0.638115062732099
0.4285 0.638530849619357
0.429 0.638946364311037
0.4295 0.639361607272317
0.43 0.639776578968226
0.4305 0.640191279863642
0.431 0.640605710423293
0.4315 0.641019871111757
0.432 0.64143376239346
0.4325 0.641847384732681
0.433 0.642260738593544
0.4335 0.642673824440027
0.434 0.643086642735953
0.4345 0.643499193944998
0.435 0.643911478530686
0.4355 0.64432349695639
0.436 0.644735249685331
0.4365 0.645146737180584
0.437 0.645557959905067
0.4375 0.645968918321551
0.438 0.646379610836224
0.4385 0.64679003029146
0.439 0.647200186503134
0.4395 0.647610079933524
0.44 0.648019711044757
0.4405 0.648429080298808
0.441 0.648838188157503
0.4415 0.649247035082515
0.442 0.649655621535367
0.4425 0.650063947977429
0.443 0.650472014869922
0.4435 0.650879822673914
0.444 0.651287371850324
0.4445 0.651694662859917
0.445 0.652101696163307
0.4455 0.652508472220958
0.446 0.652914991493183
0.4465 0.65332125444014
0.447 0.653727261521839
0.4475 0.654133013198137
0.448 0.654538502301745
0.4485 0.654943726557359
0.449 0.655348696465429
0.4495 0.655753412485319
0.45 0.656157875076239
0.4505 0.656562084697247
0.451 0.656966041807252
0.4515 0.657369746865008
0.452 0.657773200329119
0.4525 0.658176402658036
0.453 0.658579354310059
0.4535 0.658982055743336
0.454 0.659384507415861
0.4545 0.659786709785478
0.455 0.660188663309878
0.4555 0.660590350361696
0.456 0.660991784960205
0.4565 0.661392971766467
0.457 0.661793911237677
0.4575 0.662194603830877
0.458 0.662595050002959
0.4585 0.662995250210659
0.459 0.663395204910563
0.4595 0.663794914559105
0.46 0.664194379612565
0.4605 0.66459360052707
0.461 0.664992577758598
0.4615 0.665391296475935
0.462 0.665789761458395
0.4625 0.666187983806977
0.463 0.666585963977159
0.4635 0.666983702424267
0.464 0.667381199603473
0.4645 0.667778455969796
0.465 0.668175471978105
0.4655 0.668572248083112
0.466 0.668968784739379
0.4665 0.669365082401314
0.467 0.669761117087091
0.4675 0.670156908561323
0.468 0.67055246208679
0.4685 0.670947778117403
0.469 0.671342857106917
0.4695 0.671737699508935
0.47 0.672132305776909
0.4705 0.672526676364133
0.471 0.672920811723754
0.4715 0.673314709068168
0.472 0.673708343102113
0.4725 0.674101742951172
0.473 0.67449490906799
0.4735 0.674887841905056
0.474 0.675280541914708
0.4745 0.67567300954913
0.475 0.676065245260351
0.4755 0.676457249500249
0.476 0.676849018266912
0.4765 0.677240526030166
0.477 0.677631803361962
0.4775 0.678022850713676
0.478 0.67841366853653
0.4785 0.678804257281593
0.479 0.679194617399779
0.4795 0.679584749341851
0.48 0.679974653558413
0.4805 0.680364302490539
0.481 0.680753715066471
0.4815 0.681142900953902
0.482 0.681531860602936
0.4825 0.681920594463527
0.483 0.682309102985471
0.4835 0.682697386618412
0.484 0.68308544581184
0.4845 0.683473247044865
0.485 0.683860818835478
0.4855 0.684248167221068
0.486 0.684635292650623
0.4865 0.685022195572977
0.487 0.685408876436806
0.4875 0.685795335690637
0.488 0.686181558486653
0.4885 0.686567533981463
0.489 0.686953288898596
0.4895 0.687338823686071
0.49 0.687724138791755
0.4905 0.688109234663361
0.491 0.688494111748447
0.4915 0.688878760995338
0.492 0.689263157957724
0.4925 0.689647337163736
0.493 0.690031299060429
0.4935 0.690415044094702
0.494 0.690798572713299
0.4945 0.691181885362811
0.495 0.691564965939826
0.4955 0.691947802095473
0.496 0.692330423310005
0.4965 0.692712830029508
0.497 0.693095022699912
0.4975 0.693477001766993
0.498 0.693858767676372
0.4985 0.694240284454114
0.499 0.694621577490968
0.4995 0.695002658395912
0.5 0.69538352761406
0.5005 0.695764185590373
0.501 0.696144632769658
0.5015 0.6965248500957
0.502 0.696904827436988
0.5025 0.697284595005206
0.503 0.697664153244655
0.5035 0.698043502599478
0.504 0.698422643513666
0.5045 0.698801564759355
0.505 0.699180238864791
0.5055 0.699558705551717
0.506 0.699936965263617
0.5065 0.700315018443819
0.507 0.700692865535493
0.5075 0.701070494067162
0.508 0.701447877374042
0.5085 0.701825055612686
0.509 0.702202029225759
0.5095 0.702578798655772
0.51 0.702955364345078
0.5105 0.703331703524045
0.511 0.703707808447219
0.5115 0.704083710648141
0.512 0.704459410568656
0.5125 0.704834908650456
0.513 0.705210205335077
0.5135 0.70558525851764
0.514 0.705960097449494
0.5145 0.706334736000781
0.515 0.706709174612531
0.5155 0.707083413725614
0.516 0.707457440524214
0.5165 0.707831224318181
0.517 0.708204809628607
0.5175 0.708578196895855
0.518 0.708951386560131
0.5185 0.709324379061488
0.519 0.709697125892362
0.5195 0.710069666078377
0.52 0.710442010114755
0.5205 0.710814158441037
0.521 0.71118611149661
0.5215 0.711557836759949
0.522 0.71192933992608
0.5225 0.712300648833293
0.523 0.712671763920464
0.5235 0.713042685626315
0.524 0.713413391458567
0.5245 0.713783865697408
0.525 0.714154147565225
0.5255 0.714524237500231
0.526 0.71489413594048
0.5265 0.715263824475518
0.527 0.715633277867718
0.5275 0.716002540773965
0.528 0.716371613631803
0.5285 0.716740496878619
0.529 0.717109170247736
0.5295 0.717477610861994
0.53 0.717845862872539
0.5305 0.718213926716248
0.531 0.718581802829842
0.5315 0.718949463161754
0.532 0.719316899054804
0.5325 0.719684148223551
0.533 0.720051211104205
0.5335 0.720418088132819
0.534 0.720784737553658
0.5345 0.721151176770264
0.535 0.721517431139144
0.5355 0.72188350109584
0.536 0.722249387075735
0.5365 0.722615027709054
0.537 0.722980478281998
0.5375 0.723345745880958
0.538 0.723710830940807
0.5385 0.724075716375512
0.539 0.724440367863026
0.5395 0.7248048378131
0.54 0.725169126660095
0.5405 0.725533234838215
0.541 0.725897115195396
0.5415 0.726260792200099
0.542 0.726624289536096
0.5425 0.72698760763708
0.543 0.727350735575176
0.5435 0.727713624332684
0.544 0.728076334854201
0.5445 0.728438867572906
0.545 0.72880122292182
0.5455 0.729163349484473
0.546 0.729525277882685
0.5465 0.729887029908627
0.547 0.730248605994805
0.5475 0.730609982911964
0.548 0.730971133872699
0.5485 0.731332109890045
0.549 0.731692911395996
0.5495 0.732053538822388
0.55 0.732413918058259
0.5505 0.732774122745828
0.551 0.733134154348708
0.5515 0.73349401329822
0.552 0.73385364565624
0.5525 0.734213083687499
0.553 0.73457235005911
0.5535 0.734931445201882
0.554 0.735290331866362
0.5545 0.735649007909422
0.555 0.736007513716212
0.5555 0.736365849717026
0.556 0.736723991871184
0.5565 0.737081910588798
0.557 0.737439660491855
0.5575 0.737797242010134
0.558 0.738154640836096
0.5585 0.738511806885656
0.559 0.738868805540706
0.5595 0.739225637230509
0.56 0.739582293909305
0.5605 0.73993871194284
0.561 0.740294964000244
0.5615 0.740651050510265
0.562 0.741006966221832
0.5625 0.741362640886002
0.563 0.741718150990753
0.5635 0.742073496964317
0.564 0.742428672887497
0.5645 0.742783608823595
0.565 0.743138381615316
0.5655 0.743492991690377
0.566 0.743847429002917
0.5665 0.744201630846861
0.567 0.744555670959802
0.5675 0.744909549768939
0.568 0.745263249647489
0.5685 0.745616722029824
0.569 0.745970034092857
0.5695 0.746323186263272
0.57 0.746676149883389
0.5705 0.747028897429279
0.571 0.747381486065898
0.5715 0.747733916219414
0.572 0.748086144755557
0.5725 0.748438172084787
0.573 0.748790041913105
0.5735 0.749141754666161
0.574 0.749493249291692
0.5745 0.749844561018663
0.575 0.750195716651407
0.5755 0.750546716615056
0.576 0.750897478502242
0.5765 0.751248079235968
0.577 0.751598525280478
0.5775 0.751948799326151
0.578 0.752298847380395
0.5785 0.752648741724502
0.579 0.752998482782727
0.5795 0.753348026041394
0.58 0.753697370902073
0.5805 0.754046563454792
0.581 0.754395604123289
0.5815 0.754744417764289
0.582 0.755093064025918
0.5825 0.755441559380087
0.583 0.755789887258401
0.5835 0.756137989441593
0.584 0.756485941693289
0.5845 0.756833744436349
0.585 0.757181344643455
0.5855 0.757528756002769
0.586 0.75787601882825
0.5865 0.758223133542241
0.587 0.758570007244551
0.5875 0.758916732359981
0.588 0.759263310337565
0.5885 0.759609700350807
0.589 0.759955889961949
0.5895 0.760301933408088
0.59 0.760647831110685
0.5905 0.760993496560706
0.591 0.761339007678597
0.5915 0.761684374024629
0.592 0.762029557078948
0.5925 0.762374538070024
0.593 0.76271937526012
0.5935 0.763064069069821
0.594 0.763408529499441
0.5945 0.763752839732467
0.595 0.764097007554815
0.5955 0.764440986880063
0.596 0.764784772353115
0.5965 0.765128416384406
0.597 0.765471915121243
0.5975 0.765815178029652
0.598 0.766158300464413
0.5985 0.766501282844869
0.599 0.766844061665803
0.5995 0.767186664696794
0.6 0.767529128640429
0.6005 0.767871428161428
0.601 0.76821351397964
0.6015 0.768555461676643
0.602 0.768897271670898
0.6025 0.76923885320718
0.603 0.769580286845969
0.6035 0.769921583746992
0.604 0.770262687269777
0.6045 0.770603609036999
0.605 0.770944395030636
0.6055 0.771285021053927
0.606 0.771625433134459
0.6065 0.771965710404781
0.607 0.77230585328211
0.6075 0.772645764019205
0.608 0.772985534748514
0.6085 0.77332517204704
0.609 0.773664606568222
0.6095 0.774003872937048
0.61 0.774343006836496
0.6105 0.774681965654627
0.611 0.775020729841727
0.6115 0.775359362520049
0.612 0.775697846147663
0.6125 0.77603611033002
0.613 0.776374243963395
0.6135 0.776712247463398
0.614 0.777050019265524
0.6145 0.777387656028357
0.615 0.777725163616446
0.6155 0.778062461507961
0.616 0.778399603572881
0.6165 0.778736617420881
0.617 0.779073441913176
0.6175 0.77941009145104
0.618 0.779746613728999
0.6185 0.780082965333137
0.619 0.780419124513025
0.6195 0.780755157389218
0.62 0.781091036615936
0.6205 0.78142670760515
0.621 0.781762253246075
0.6215 0.782097660605782
0.622 0.782432845569851
0.6225 0.782767906140228
0.623 0.783102842143007
0.6235 0.783437543245682
0.624 0.783772120908453
0.6245 0.784106575544236
0.625 0.784440805467312
0.6255 0.784774902383645
0.626 0.78510887722561
0.6265 0.785442637065532
0.627 0.785776255394814
0.6275 0.786109752601539
0.628 0.786443042867246
0.6285 0.786776184767084
0.629 0.787109206495372
0.6295 0.787442027695471
0.63 0.787774695321696
0.6305 0.788107243726567
0.631 0.788439596369342
0.6315 0.788771791876002
0.632 0.789103869110699
0.6325 0.789435753704103
0.633 0.789767479243469
0.6335 0.79009908745945
0.634 0.790430504511112
0.6345 0.790761762233671
0.635 0.791092903580617
0.6355 0.791423853597836
0.636 0.791754645652295
0.6365 0.792085322278104
0.637 0.792415805767852
0.6375 0.792746134301136
0.638 0.793076348351925
0.6385 0.793406365820845
0.639 0.793736232978097
0.6395 0.794065986598198
0.64 0.794395538552608
0.6405 0.794724946477188
0.641 0.795054241809153
0.6415 0.79538332875504
0.642 0.795712279588526
0.6425 0.79604111877312
0.643 0.796369741216146
0.6435 0.79669823709833
0.644 0.797026622274536
0.6445 0.797354780720034
0.645 0.797682823788925
0.6455 0.798010750425055
0.646 0.798338452046916
0.6465 0.798666044438738
0.647 0.798993507834724
0.6475 0.799320759973107
0.648 0.799647903822298
0.6485 0.799974904482653
0.649 0.800301709271022
0.6495 0.800628406710235
0.65 0.800954945139144
0.6505 0.801281304709177
0.651 0.80160755786928
0.6515 0.801933634570597
0.652 0.802259551052186
0.6525 0.802585362062259
0.653 0.802910977539514
0.6535 0.803236453060763
0.654 0.803561824048099
0.6545 0.803886978804492
0.655 0.804212015491719
0.6555 0.804536940076278
0.656 0.804861643120226
0.6565 0.80518624309796
0.657 0.805510707715841
0.6575 0.805834975237505
0.658 0.806159140628488
0.6585 0.80648314578207
0.659 0.806806979903216
0.6595 0.8071307128284
0.66 0.807454259019733
0.6605 0.807777661860337
0.661 0.808100964438886
0.6615 0.808424052169692
0.662 0.80874702584794
0.6625 0.809069884536526
0.663 0.8093925299689
0.6635 0.809715076601189
0.664 0.810037477581215
0.6645 0.810359697150402
0.665 0.810681818851337
0.6655 0.811003762623704
0.666 0.811325558443333
0.6665 0.811647257325731
0.667 0.81196874439101
0.6675 0.812290118572919
0.668 0.812611377472266
0.6685 0.812932427606238
0.669 0.813253382260473
0.6695 0.813574185202973
0.67 0.81389481698858
0.6705 0.814215354223395
0.671 0.814535701708798
0.6715 0.814855917253316
0.672 0.815176037197475
0.6725 0.815495931702901
0.673 0.815815733111813
0.6735 0.816135398347884
0.674 0.816454879894526
0.6745 0.816774269271522
0.675 0.817093480298432
0.6755 0.817412550989001
0.676 0.817731530435979
0.6765 0.818050287752326
0.677 0.818368949687741
0.6775 0.818687480335679
0.678 0.819005825408858
0.6785 0.819324080688241
0.679 0.819642158372897
0.6795 0.819960097963398
0.68 0.820277948684079
0.6805 0.820595573903229
0.681 0.820913110107401
0.6815 0.821230509280361
0.682 0.821547731616004
0.6825 0.821864866528402
0.683 0.822181813981903
0.6835 0.822498636196634
0.684 0.822815357976784
0.6845 0.823131868141011
0.685 0.823448292326608
0.6855 0.823764563132604
0.686 0.824080676437047
0.6865 0.824396704683492
0.687 0.824712525011794
0.6875 0.825028243545455
0.688 0.825343838820979
0.6885 0.82565924828767
0.689 0.825974574137753
0.6895 0.826289719679653
0.69 0.826604737629624
0.6905 0.826919658490596
0.691 0.827234369185449
0.6915 0.827548997703125
0.692 0.827863469573803
0.6925 0.828177792001706
0.693 0.828492033169716
0.6935 0.828806056545241
0.694 0.829119992787841
0.6945 0.829433792101365
0.695 0.829747424062198
0.6955 0.830060976199342
0.696 0.830374327759807
0.6965 0.830687576778034
0.697 0.831000704647359
0.6975 0.831313651189494
0.698 0.831626519342181
0.6985 0.8319392001998
0.699 0.832251767037731
0.6995 0.8325642245747
0.7 0.83287649073988
0.7005 0.83318867994789
0.701 0.833500691213764
0.7015 0.833812580908844
0.702 0.834124369224189
0.7025 0.834435960047525
0.703 0.834747475344006
0.7035 0.835058818128124
0.704 0.835370035711166
0.7045 0.835681155914503
0.705 0.835992076424474
0.7055 0.83630292283594
0.706 0.836613598247177
0.7065 0.836924148742361
0.707 0.837234601942195
0.7075 0.837544857160644
0.708 0.837855039706974
0.7085 0.838165048853092
0.709 0.83847493727796
0.7095 0.838784724581682
0.71 0.839094319523813
0.7105 0.839403843218248
0.711 0.839713187205896
0.7115 0.84002241857135
0.712 0.840331541085237
0.7125 0.840640480759619
0.713 0.840949350608757
0.7135 0.84125803054347
0.714 0.841566609853773
0.7145 0.84187506868299
0.715 0.842183358091545
0.7155 0.842491579095345
0.716 0.842799596081544
0.7165 0.843107528334316
0.717 0.843415324582912
0.7175 0.843722968720922
0.718 0.844030544354462
0.7185 0.844337901013689
0.719 0.844645191199904
0.7195 0.844952325970814
0.72 0.845259329826914
0.7205 0.845566244350166
0.721 0.845872962511308
0.7215 0.846179615615294
0.722 0.846486090010339
0.7225 0.846792458566517
0.723 0.847098713080931
0.7235 0.847404797723636
0.724 0.84771081872307
0.7245 0.848016633842958
0.725 0.848322372074551
0.7255 0.848627967680461
0.726 0.848933423777726
0.7265 0.849238799991795
0.727 0.849543974587958
0.7275 0.849849087463652
0.728 0.850154025260279
0.7285 0.850458857778449
0.729 0.850763576549393
0.7295 0.851068129342442
0.73 0.851372621824269
0.7305 0.851676902909718
0.731 0.851981116808482
0.7315 0.852285179234035
0.732 0.852589115181317
0.7325 0.852892959068821
0.733 0.853196617695916
0.7335 0.853500217928308
0.734 0.853803625105088
0.7345 0.854106949157294
0.735 0.854410138161316
0.7355 0.854713186663808
0.736 0.855016157616753
0.7365 0.855318931199714
0.737 0.855621648300877
0.7375 0.855924183516547
0.738 0.856226626836125
0.7385 0.856528944365514
0.739 0.856831114532867
0.7395 0.857133214497491
0.74 0.857435112141691
0.7405 0.857736955213381
0.741 0.858038620412857
0.7415 0.858340192097284
0.742 0.858641640096294
0.7425 0.858942941021707
0.743 0.859244171941602
0.7435 0.859545202735963
0.744 0.859846180863482
0.7445 0.860146977989033
0.745 0.860447687119331
0.7455 0.86074826752957
0.746 0.861048708289785
0.7465 0.861349072105898
0.747 0.861649245122879
0.7475 0.861949367375069
0.748 0.862249298366319
0.7485 0.862549154007048
0.749 0.862848868767478
0.7495 0.863148458422773
0.75 0.863447957073404
0.7505 0.863747281369002
0.751 0.864046556798238
0.7515 0.864345623592163
0.752 0.864644634791415
0.7525 0.864943485838352
0.753 0.865242233432535
0.7535 0.865540868853337
0.754 0.865839353467077
0.7545 0.866137773382557
0.755 0.866435995640191
0.7555 0.866734171429585
0.756 0.867032160696695
0.7565 0.867330075257101
0.757 0.86762784938108
0.7575 0.86792550333601
0.758 0.868223062437505
0.7585 0.868520456410183
0.759 0.8688178006098
0.7595 0.869114935223161
0.76 0.869412025760642
0.7605 0.869708940518155
0.761 0.870005772820841
0.7615 0.870302473038047
0.762 0.870599047728049
0.7625 0.870895533525387
0.763 0.871191851224526
0.7635 0.871488122722395
0.764 0.871784184052205
0.7645 0.872080203692725
0.765 0.872376046952688
0.7655 0.872671811345803
0.766 0.872967440667246
0.7665 0.873262950433664
0.767 0.873558365936821
0.7675 0.873853621696962
0.768 0.874148823502025
0.7685 0.874443825876019
0.769 0.874738788941542
0.7695 0.875033563710826
0.77 0.875328274509528
0.7705 0.875622835941046
0.771 0.875917295092232
0.7715 0.876211643306009
0.772 0.876505851428696
0.7725 0.876799986544718
0.773 0.877093944257632
0.7735 0.877387865037121
0.774 0.877681574317422
0.7745 0.877975245803865
0.775 0.878268742346118
0.7755 0.878562165157416
0.776 0.87885544908144
0.7765 0.879148623835206
0.777 0.879441695260778
0.7775 0.879734622574335
0.778 0.880027481621193
0.7785 0.880320162111575
0.779 0.880612808534895
0.7795 0.880905243183367
0.78 0.881197643897101
0.7805 0.881489866525819
0.781 0.881782022146176
0.7815 0.882074032874711
0.782 0.88236594401761
0.7825 0.882657742965491
0.783 0.882949410246562
0.7835 0.883240997533278
0.784 0.88353242156786
0.7845 0.883823797312857
0.785 0.884114978716004
0.7855 0.884406129405428
0.786 0.88469708242516
0.7865 0.88498799159306
0.787 0.885278733429163
0.7875 0.885569401689766
0.788 0.885859932461522
0.7885 0.886150360428761
0.789 0.886440680255409
0.7895 0.886730868542932
0.79 0.887020977543669
0.7905 0.887310926764834
0.791 0.887600825058816
0.7915 0.887890535826689
0.792 0.888180219222614
0.7925 0.888469696460392
0.793 0.888759142509261
0.7935 0.889048409397505
0.794 0.889337618711558
0.7945 0.889626675369258
0.795 0.889915648560446
0.7955 0.890204495106553
0.796 0.890493232786538
0.7965 0.890781869339958
0.797 0.891070372120113
0.7975 0.891358798799712
0.798 0.89164706729112
0.7985 0.891935284215724
0.799 0.892223319029177
0.7995 0.892511326317568
0.8 0.89279912806357
0.8005 0.893086906751105
0.801 0.893374495123256
0.8015 0.89366204184482
0.802 0.893949420936859
0.8025 0.894236736302128
0.803 0.894523906232673
0.8035 0.894810990851034
0.804 0.89509795173866
0.8045 0.895384806219211
0.805 0.895671558182453
0.8055 0.895958183133999
0.806 0.896244726291351
0.8065 0.896531122322411
0.807 0.896817456792323
0.8075 0.897103624511125
0.808 0.897389750412007
0.8085 0.897675690426489
0.809 0.89796160787671
0.8095 0.89824732079452
0.81 0.898533015437066
0.8105 0.898818516340904
0.811 0.899103984982962
0.8115 0.899389277790995
0.812 0.899674521039385
0.8125 0.899959605869817
0.813 0.90024462433107
0.8135 0.90052950130206
0.814 0.900814295582417
0.8145 0.901098964812086
0.815 0.901383535517498
0.8155 0.901667997123923
0.816 0.901952344860051
0.8165 0.902236598961269
0.817 0.902520724333485
0.8175 0.90280477104749
0.818 0.903088674660875
0.8185 0.903372514105622
0.819 0.903656196564967
0.8195 0.903939828858368
0.82 0.904223290768173
0.8205 0.904506716028099
0.821 0.904789957992577
0.8215 0.905073176336856
0.822 0.905356198959929
0.8225 0.905639209525341
0.823 0.905922014391647
0.8235 0.906204806704922
0.824 0.906487405008819
0.8245 0.90676997967305
0.825 0.907052371532201
0.8255 0.907334729150191
0.826 0.907616914682217
0.8265 0.907899055856479
0.827 0.908181035178961
0.8275 0.908462960511716
0.828 0.908744733742192
0.8285 0.909026443835375
0.829 0.909308011091342
0.8295 0.909589506546594
0.83 0.909870867945508
0.8305 0.910152149364181
0.831 0.910433305023455
0.8315 0.910714373006612
0.832 0.910995323043619
0.8325 0.911276178192032
0.833 0.911556922724102
0.8335 0.911837565638254
0.834 0.912118104782677
0.8345 0.912398536062757
0.835 0.912678869936781
0.8355 0.912959090182693
0.836 0.913239218903524
0.8365 0.913519228714878
0.837 0.91379915239968
0.8375 0.914078952375797
0.838 0.914358671141695
0.8385 0.914638261881606
0.839 0.91491777584568
0.8395 0.915197157948125
0.84 0.915476467227416
0.8405 0.915755641290846
0.841 0.916034746002352
0.8415 0.916313712624927
0.842 0.916592612885605
0.8425 0.916871372665194
0.843 0.91715006859196
0.8435 0.917428622126142
0.844 0.91770711383587
0.8445 0.917985461721934
0.845 0.918263749331457
0.8455 0.918541892166401
0.846 0.918819975792509
0.8465 0.919097914173042
0.847 0.919375793932485
0.8475 0.919653528455024
0.848 0.919931204464509
0.8485 0.920208735725182
0.849 0.920486208101376
0.8495 0.920763536696019
0.85 0.921040805555547
0.8505 0.921317932079706
0.851 0.921594997539151
0.8515 0.921871922588083
0.852 0.922148784763987
0.8525 0.922425508932657
0.853 0.922702167941519
0.8535 0.922978691824603
0.854 0.923255147782881
0.8545 0.923531471974763
0.855 0.923807724998876
0.8555 0.924083850093649
0.856 0.924359900299972
0.8565 0.92463582689144
0.857 0.924911674396306
0.8575 0.925187403077983
0.858 0.925463047997685
0.8585 0.925738579362792
0.859 0.92601402181358
0.8595 0.92628935645505
0.86 0.926564596553134
0.8605 0.926839735063607
0.861 0.927114772925155
0.8615 0.927389715896982
0.862 0.927664551638119
0.8625 0.927939299663361
0.863 0.928213933400172
0.8635 0.928488487070597
0.864 0.928762918919125
0.8645 0.929037278826214
0.865 0.92931150890246
0.8655 0.929585675637399
0.866 0.929859704057324
0.8665 0.93013367821101
0.867 0.930407505090532
0.8675 0.930681287253574
0.868 0.930954912708569
0.8685 0.931228503471282
0.869 0.931501927617585
0.8695 0.931775327569995
0.87 0.9320485505234
0.8705 0.932321760255241
0.871 0.9325947821315
0.8715 0.932867802232216
0.872 0.93314062314704
0.8725 0.933413444061863
0.873 0.933686074274842
0.8735 0.933958694343898
0.874 0.934231136219396
0.8745 0.934503555558313
0.875 0.934775809684859
0.8755 0.935048028409222
0.876 0.935320095375056
0.8765 0.93559211360041
0.877 0.935863993993481
0.8775 0.936135811835328
0.878 0.936407506243294
0.8785 0.936679123817094
0.879 0.936950632827322
0.8795 0.937222050248496
0.88 0.937493374448062
0.8805 0.937764591831986
0.881 0.938035731807677
0.8815 0.938306749269688
0.882 0.938577705607997
0.8825 0.93884852326339
0.883 0.939119296550521
0.8835 0.93938991451455
0.884 0.939660505336415
0.8845 0.93993092372429
0.885 0.940201332666512
0.8855 0.940471551593404
0.886 0.940741770520296
0.8865 0.941011798822351
0.887 0.941281818403388
0.8875 0.941551666111258
0.888 0.941821486461526
0.8885 0.942091154159919
0.889 0.942360775394463
0.8895 0.942630263667796
0.89 0.94289968590162
0.8905 0.943168995334019
0.891 0.943438218682086
0.8915 0.943707349857385
0.892 0.943976374434614
0.8925 0.944245327936359
0.893 0.944514153857628
0.8935 0.944782930269071
0.894 0.945051557649219
0.8945 0.945320157553322
0.895 0.945588586507144
0.8955 0.945857010486578
0.896 0.946125241128828
0.8965 0.946393471771078
0.897 0.946661522211363
0.8975 0.946929554656753
0.898 0.947197430451511
0.8985 0.947465264814712
0.899 0.947732966545697
0.8995 0.947765662289015
0.9 0.947765662289015
0.9005 0.947765662289015
0.901 0.947765662289015
0.9015 0.947765662289015
0.902 0.947765662289015
0.9025 0.947765662289015
0.903 0.947765662289015
0.9035 0.947765662289015
0.904 0.947765662289015
0.9045 0.947765662289015
0.905 0.947765662289015
0.9055 0.947765662289015
0.906 0.947765662289015
0.9065 0.947765662289015
0.907 0.947765662289015
0.9075 0.947765662289015
0.908 0.947765662289015
0.9085 0.947765662289015
0.909 0.947765662289015
0.9095 0.947765662289015
0.91 0.947765662289015
0.9105 0.947765662289015
0.911 0.947765662289015
0.9115 0.947765662289015
0.912 0.947765662289015
0.9125 0.947765662289015
0.913 0.947765662289015
0.9135 0.947765662289015
0.914 0.947765662289015
0.9145 0.947765662289015
0.915 0.947765662289015
0.9155 0.947765662289015
0.916 0.947765662289015
0.9165 0.947765662289015
0.917 0.947765662289015
0.9175 0.947765662289015
0.918 0.947765662289015
0.9185 0.947765662289015
0.919 0.947765662289015
0.9195 0.947765662289015
0.92 0.947765662289015
0.9205 0.947765662289015
0.921 0.947765662289015
0.9215 0.947765662289015
0.922 0.947765662289015
0.9225 0.947765662289015
0.923 0.947765662289015
0.9235 0.947765662289015
0.924 0.947765662289015
0.9245 0.947765662289015
0.925 0.947765662289015
0.9255 0.947765662289015
0.926 0.947765662289015
0.9265 0.947765662289015
0.927 0.947765662289015
0.9275 0.947765662289015
0.928 0.947765662289015
0.9285 0.947765662289015
0.929 0.947765662289015
0.9295 0.947765662289015
0.93 0.947765662289015
0.9305 0.947765662289015
0.931 0.947765662289015
0.9315 0.947765662289015
0.932 0.947765662289015
0.9325 0.947765662289015
0.933 0.947765662289015
0.9335 0.947765662289015
0.934 0.947765662289015
0.9345 0.947765662289015
0.935 0.947765662289015
0.9355 0.947765662289015
0.936 0.947765662289015
0.9365 0.947765662289015
0.937 0.947765662289015
0.9375 0.947765662289015
0.938 0.947765662289015
0.9385 0.947765662289015
0.939 0.947765662289015
0.9395 0.947765662289015
0.94 0.947765662289015
0.9405 0.947765662289015
0.941 0.947765662289015
0.9415 0.947765662289015
0.942 0.947765662289015
0.9425 0.947765662289015
0.943 0.947765662289015
0.9435 0.947765662289015
0.944 0.947765662289015
0.9445 0.947765662289015
0.945 0.947765662289015
0.9455 0.947765662289015
0.946 0.947765662289015
0.9465 0.947765662289015
0.947 0.947765662289015
0.9475 0.947765662289015
0.948 0.947765662289015
0.9485 0.947765662289015
0.949 0.947765662289015
0.9495 0.947765662289015
0.95 0.947765662289015
0.9505 0.947765662289015
0.951 0.947765662289015
0.9515 0.947765662289015
0.952 0.947765662289015
0.9525 0.947765662289015
0.953 0.947765662289015
0.9535 0.947765662289015
0.954 0.947765662289015
0.9545 0.947765662289015
0.955 0.947765662289015
0.9555 0.947765662289015
0.956 0.947765662289015
0.9565 0.947765662289015
0.957 0.947765662289015
0.9575 0.947765662289015
0.958 0.947765662289015
0.9585 0.947765662289015
0.959 0.947765662289015
0.9595 0.947765662289015
0.96 0.947765662289015
0.9605 0.947765662289015
0.961 0.947765662289015
0.9615 0.947765662289015
0.962 0.947765662289015
0.9625 0.947765662289015
0.963 0.947765662289015
0.9635 0.947765662289015
0.964 0.947765662289015
0.9645 0.947765662289015
0.965 0.947765662289015
0.9655 0.947765662289015
0.966 0.947765662289015
0.9665 0.947765662289015
0.967 0.947765662289015
0.9675 0.947765662289015
0.968 0.947765662289015
0.9685 0.947765662289015
0.969 0.947765662289015
0.9695 0.947765662289015
0.97 0.947765662289015
0.9705 0.947765662289015
0.971 0.947765662289015
0.9715 0.947765662289015
0.972 0.947765662289015
0.9725 0.947765662289015
0.973 0.947765662289015
0.9735 0.947765662289015
0.974 0.947765662289015
0.9745 0.947765662289015
0.975 0.947765662289015
0.9755 0.947765662289015
0.976 0.947765662289015
0.9765 0.947765662289015
0.977 0.947765662289015
0.9775 0.947765662289015
0.978 0.947765662289015
0.9785 0.947765662289015
0.979 0.947765662289015
0.9795 0.947765662289015
0.98 0.947765662289015
0.9805 0.947765662289015
0.981 0.947765662289015
0.9815 0.947765662289015
0.982 0.947765662289015
0.9825 0.947765662289015
0.983 0.947765662289015
0.9835 0.947765662289015
0.984 0.947765662289015
0.9845 0.947765662289015
0.985 0.947765662289015
0.9855 0.947765662289015
0.986 0.947765662289015
0.9865 0.947765662289015
0.987 0.947765662289015
0.9875 0.947765662289015
0.988 0.947765662289015
0.9885 0.947765662289015
0.989 0.947765662289015
0.9895 0.947765662289015
0.99 0.947765662289015
0.9905 0.947765662289015
0.991 0.947765662289015
0.9915 0.947765662289015
0.992 0.947765662289015
0.9925 0.947765662289015
0.993 0.947765662289015
0.9935 0.947765662289015
0.994 0.947765662289015
0.9945 0.947765662289015
0.995 0.947765662289015
0.9955 0.947765662289015
0.996 0.947765662289015
0.9965 0.947765662289015
0.997 0.947765662289015
0.9975 0.947765662289015
0.998 0.947765662289015
0.9985 0.947765662289015
0.999 0.947765662289015
0.9995 0.947765662289015
1 0.947765662289015
