"EPS" "MSE"
5e-04 0.00513566348515181
0.001 0.00929245024283617
0.0015 0.013075314465508
0.002 0.0166185867994784
0.0025 0.0199858148632847
0.003 0.0232142328060161
0.0035 0.0263282972486405
0.004 0.0293453124915652
0.0045 0.0322781358575536
0.005 0.0351367092710343
0.0055 0.0379289361690233
0.006 0.0406612450123943
0.0065 0.0433389699777308
0.007 0.0459666039522917
0.0075 0.0485479796400319
0.008 0.0510864086237867
0.0085 0.0535847625726648
0.009 0.0560455925141557
0.0095 0.0584711372075072
0.01 0.0608634065846416
0.0105 0.063224181939608
0.011 0.0655551003371981
0.0115 0.06785762442963
0.012 0.0701330855982452
0.0125 0.0723827171694685
0.013 0.0746076279499894
0.0135 0.0768088664108328
0.014 0.0789873681351013
0.0145 0.0811440340442946
0.015 0.0832796741413746
0.0155 0.0853950412342787
0.016 0.087490872139086
0.0165 0.0895678157192263
0.017 0.0916265108897362
0.0175 0.0936675301208594
0.018 0.095691431527758
0.0185 0.0976987364526495
0.019 0.0996899361357137
0.0195 0.10166550340717
0.02 0.103625850961367
0.0205 0.105571421352146
0.021 0.107502608431085
0.0215 0.109419770628275
0.022 0.111323290472205
0.0225 0.113213489809261
0.023 0.115090692119499
0.0235 0.116955222524004
0.024 0.118807372253556
0.0245 0.120647430807297
0.025 0.122475657930922
0.0255 0.124292314484799
0.026 0.126097662447652
0.0265 0.127891939149483
0.027 0.129675373517651
0.0275 0.131448174615272
0.028 0.133210572879997
0.0285 0.134962773702476
0.029 0.136704958401696
0.0295 0.138437326540429
0.03 0.140160075536144
0.0305 0.141873365921294
0.031 0.143577366232621
0.0315 0.145272255794898
0.032 0.146958191368395
0.0325 0.148635330153914
0.033 0.150303820379427
0.0335 0.151963784261191
0.034 0.15361540916977
0.0345 0.155258780243388
0.035 0.15689407612568
0.0355 0.158521402701729
0.036 0.160140871673389
0.0365 0.161752624062604
0.037 0.163356775426125
0.0375 0.164953441565987
0.038 0.166542717341377
0.0385 0.168124714506818
0.039 0.169699561601734
0.0395 0.171267336385766
0.04 0.172828147166842
0.0405 0.174382086004835
0.041 0.175929272274347
0.0415 0.177469744965713
0.042 0.179003633910337
0.0425 0.180531023160479
0.043 0.182051993613854
0.0435 0.183566626288365
0.044 0.185075002321864
0.0445 0.186577202971909
0.045 0.188073309615514
0.0455 0.189563403748884
0.046 0.191047516125263
0.0465 0.192525764451496
0.047 0.193998226247162
0.0475 0.195464912860558
0.048 0.196925969402977
0.0485 0.198381379091607
0.049 0.199831276264453
0.0495 0.201275694506216
0.05 0.202714678745818
0.0505 0.204148321854856
0.051 0.205576676766757
0.0515 0.206999796462847
0.052 0.208417719675369
0.0525 0.209830517192527
0.053 0.211238247326501
0.0535 0.212640963260097
0.054 0.214038718223014
0.0545 0.215431548048629
0.055 0.216819508694201
0.0555 0.218202659675577
0.056 0.219581054396283
0.0565 0.220954746305705
0.057 0.222323735554289
0.0575 0.223688108036156
0.058 0.225047929610896
0.0585 0.226403167319236
0.059 0.227753948810415
0.0595 0.229100256413246
0.06 0.230442178991802
0.0605 0.231779707985621
0.061 0.233112949993785
0.0615 0.234441855107871
0.062 0.235766539225555
0.0625 0.237087031250406
0.063 0.238403309383572
0.0635 0.239715470150615
0.064 0.241023545010227
0.0645 0.242327565433091
0.065 0.243627529983257
0.0655 0.244923504236512
0.066 0.246215524839985
0.0665 0.247503623315792
0.067 0.248787831197469
0.0675 0.250068180029856
0.068 0.251344701368988
0.0685 0.252617426781977
0.069 0.253886387846899
0.0695 0.255151616152679
0.07 0.256413143298971
0.0705 0.257671000896045
0.071 0.258925217489869
0.0715 0.260175786672037
0.072 0.261422774841032
0.0725 0.262666213644111
0.073 0.263906134738567
0.0735 0.265142534167177
0.074 0.266375440045279
0.0745 0.267604916868763
0.075 0.268830972570203
0.0755 0.270053593627789
0.076 0.271272874347378
0.0765 0.272488784153133
0.077 0.273701368651004
0.0775 0.274910672577364
0.078 0.276116663405101
0.0785 0.277319443078836
0.079 0.278518942818656
0.0795 0.279715279879325
0.08 0.280908391142743
0.0805 0.282098367241635
0.081 0.283285192668116
0.0815 0.284468889467187
0.082 0.285649528525099
0.0825 0.286827030893582
0.083 0.288001508467553
0.0835 0.289172975892145
0.084 0.290341373663112
0.0845 0.291506801960019
0.085 0.292669276759557
0.0855 0.293828774847623
0.086 0.294985323820067
0.0865 0.296138971413168
0.087 0.29728973360045
0.0875 0.298437626354358
0.088 0.299582618301454
0.0885 0.300724775340961
0.089 0.301864115055037
0.0895 0.303000653412015
0.09 0.30413440637892
0.0905 0.30526538992143
0.091 0.30639362000383
0.0915 0.307519112588972
0.092 0.30864188363823
0.0925 0.309761943234586
0.093 0.310879313158522
0.0935 0.311994013624819
0.094 0.313106060589039
0.0945 0.314215470005033
0.095 0.315322251320064
0.0955 0.316426418403391
0.096 0.317527991583428
0.0965 0.318626986806294
0.097 0.319723420016193
0.0975 0.320817307155369
0.098 0.321908664164062
0.0985 0.322997506980464
0.099 0.324083851540674
0.0995 0.325167713778652
0.1 0.326249071531133
0.1005 0.327327960784873
0.101 0.328404411295441
0.1015 0.329478438987451
0.102 0.330550059783164
0.1025 0.331619242345793
0.103 0.332686020961061
0.1035 0.333750436221611
0.104 0.334812504039561
0.1045 0.335872180756854
0.105 0.336929509466884
0.1055 0.337984534243861
0.106 0.339037243371631
0.1065 0.340087604442206
0.107 0.341135705064067
0.1075 0.342181533582407
0.108 0.34322504584851
0.1085 0.344266341124101
0.109 0.345305375939614
0.1095 0.346342158157629
0.11 0.347376766816269
0.1105 0.348409094760281
0.111 0.349439265605464
0.1115 0.35046723341671
0.112 0.351493014121165
0.1125 0.35251665656584
0.113 0.35353809477774
0.1135 0.354557446600174
0.114 0.355574589942732
0.1145 0.356589685636998
0.115 0.357602581936163
0.1155 0.358613456658194
0.116 0.359622153029835
0.1165 0.360628841228533
0.117 0.361633385446637
0.1175 0.362635921775985
0.118 0.363636361359842
0.1185 0.364634780450514
0.119 0.365631162892404
0.1195 0.366625499351476
0.12 0.367617872116256
0.1205 0.368608160526913
0.121 0.369596506253227
0.1215 0.370582845972849
0.122 0.371567192731815
0.1225 0.372549617415952
0.123 0.373530019947529
0.1235 0.374508494693478
0.124 0.375485067950587
0.1245 0.376459629060169
0.125 0.377432301355513
0.1255 0.37840309272414
0.126 0.37937190808505
0.1265 0.380338847414769
0.127 0.381303926355689
0.1275 0.382267091546841
0.128 0.383228367317309
0.1285 0.384187803212344
0.129 0.385145405287312
0.1295 0.386101095254376
0.13 0.387054957405221
0.1305 0.388007006216753
0.131 0.388957247734247
0.1315 0.389905622785383
0.132 0.390852187528523
0.1325 0.391796965425194
0.133 0.392739962510407
0.1335 0.393681182726733
0.134 0.394620566088993
0.1345 0.395558189053601
0.135 0.396494057645141
0.1355 0.397428177885734
0.136 0.398360555795034
0.1365 0.399291184521999
0.137 0.400220040368574
0.1375 0.401147174247017
0.138 0.402072592166303
0.1385 0.402996300132894
0.139 0.403918304150724
0.1395 0.404838610221193
0.14 0.405757224343159
0.1405 0.406674143271106
0.141 0.407589355382057
0.1415 0.408502895838997
0.142 0.409414770629785
0.1425 0.410324985739693
0.143 0.411233547151393
0.1435 0.412140460844949
0.144 0.41304573279781
0.1445 0.413949368984801
0.145 0.414851375378113
0.1455 0.415751757947295
0.146 0.416650522659247
0.1465 0.417547675478209
0.147 0.418443222365752
0.1475 0.419337169280772
0.148 0.42022952217948
0.1485 0.421120287015393
0.149 0.422009469739323
0.1495 0.422897076299375
0.15 0.423783112640932
0.1505 0.424667584706648
0.151 0.425550498436441
0.1515 0.426431859767483
0.152 0.42731167463419
0.1525 0.428189948968216
0.153 0.429066688698443
0.1535 0.429941899750972
0.154 0.430815588049116
0.1545 0.431687759513388
0.155 0.432558420061495
0.1555 0.433427575608329
0.156 0.434295232065958
0.1565 0.435161395343617
0.157 0.436026054682441
0.1575 0.436889209489778
0.158 0.437750886540879
0.1585 0.438611091734427
0.159 0.439469830966231
0.1595 0.440327110129217
0.16 0.441182935113424
0.1605 0.44203731180599
0.161 0.442890246091148
0.1615 0.443741702983745
0.162 0.444591710528504
0.1625 0.445440291021893
0.163 0.446287450337325
0.1635 0.447133194345265
0.164 0.447977528913224
0.1645 0.448820448585004
0.165 0.449661909445419
0.1655 0.450501976176711
0.166 0.451340654635398
0.1665 0.452177950675005
0.167 0.453013870146054
0.1675 0.453848364704285
0.168 0.45468146333868
0.1685 0.455513200669505
0.169 0.456343582536117
0.1695 0.457172614774831
0.17 0.458000229683722
0.1705 0.458826484398968
0.171 0.459651404713001
0.1715 0.460474996450833
0.172 0.46129722777631
0.1725 0.462118075816861
0.173 0.462937610477463
0.1735 0.463755837571714
0.174 0.464572731162437
0.1745 0.465388248315473
0.175 0.466202473067694
0.1755 0.467015411221177
0.176 0.467827012823383
0.1765 0.468637274720988
0.177 0.469446265154399
0.1775 0.470253989914058
0.178 0.47106034517079
0.1785 0.471865427288577
0.179 0.472669258835882
0.1795 0.473471786895895
0.18 0.474273000041758
0.1805 0.47507297769748
0.181 0.475871702213763
0.1815 0.476669085670288
0.182 0.477465248693939
0.1825 0.478260193279582
0.183 0.479053786267872
0.1835 0.479846173857336
0.184 0.480637361800635
0.1845 0.48142720376464
0.185 0.48221585505581
0.1855 0.483003310458845
0.186 0.483789439926214
0.1865 0.484574393992626
0.187 0.48535814006289
0.1875 0.48614059635278
0.188 0.486921892205244
0.1885 0.487701952394226
0.189 0.488480774478148
0.1895 0.489258451064388
0.19 0.490034848782676
0.1905 0.490810075568835
0.191 0.491584138664662
0.1915 0.4923569303902
0.192 0.493128600723127
0.1925 0.493899039033791
0.193 0.494668298209972
0.1935 0.495436424979689
0.194 0.496203287698225
0.1945 0.496969053065448
0.195 0.497733592627108
0.1955 0.498496985375406
0.196 0.499259236410417
0.1965 0.500020271198186
0.197 0.500780232611577
0.1975 0.50153893390639
0.198 0.502296561132248
0.1985 0.503052996846993
0.199 0.503808304502668
0.1995 0.50456248334127
0.2 0.505315486028289
0.2005 0.506067416684713
0.201 0.506818128988736
0.2015 0.507567810031019
0.202 0.508316256637732
0.2025 0.509063670952504
0.203 0.509809892203023
0.2035 0.510555054334294
0.204 0.511299058886302
0.2045 0.512041983362034
0.205 0.512783779863133
0.2055 0.513524481195194
0.206 0.514264078282881
0.2065 0.515002570966992
0.207 0.515739977268629
0.2075 0.516476275784321
0.208 0.517211499917113
0.2085 0.517945618727674
0.209 0.518678669298639
0.2095 0.51941062285107
0.21 0.520141508457015
0.2105 0.520871311181977
0.211 0.521600040409471
0.2115 0.522327706721242
0.212 0.523054288146592
0.2125 0.523779832443015
0.213 0.524504274632235
0.2135 0.525227711294673
0.214 0.525950022803465
0.2145 0.526671366196751
0.215 0.527391555570474
0.2155 0.528110799918368
0.216 0.52882889581651
0.2165 0.529546029709969
0.217 0.530262066397803
0.2175 0.530977098357498
0.218 0.531691090143494
0.2185 0.532404028679665
0.219 0.533115989855559
0.2195 0.533826843467994
0.22 0.534536765757707
0.2205 0.535245565486744
0.221 0.535953414470426
0.2215 0.536660217472842
0.222 0.537366001625327
0.2225 0.538070822135802
0.223 0.53877454992139
0.2235 0.539477356896694
0.224 0.540179082030085
0.2245 0.5408798442072
0.225 0.541579620595307
0.2255 0.542278346413379
0.226 0.542976158782768
0.2265 0.543672886120851
0.227 0.544368673665196
0.2275 0.545063485907488
0.228 0.545757257040643
0.2285 0.546450122064162
0.229 0.547141931448481
0.2295 0.547832791559911
0.23 0.548522719400166
0.2305 0.549211582987932
0.231 0.549899547782437
0.2315 0.550586518820949
0.232 0.551272498555808
0.2325 0.551957583710236
0.233 0.552641624541678
0.2335 0.55332473608008
0.234 0.554006948145734
0.2345 0.554688094416096
0.235 0.555368353386394
0.2355 0.55604768108489
0.236 0.556725986195395
0.2365 0.557403408197765
0.237 0.558079877997637
0.2375 0.558755357527897
0.238 0.559429958134256
0.2385 0.560103596457434
0.239 0.560776265958741
0.2395 0.561448060712665
0.24 0.562118893934321
0.2405 0.562788768929566
0.241 0.563457773346209
0.2415 0.56412582779461
0.242 0.564792923778206
0.2425 0.56545915334422
0.243 0.566124455300574
0.2435 0.566788787738369
0.244 0.567452257911827
0.2445 0.568114833610135
0.245 0.568776417939338
0.2455 0.569437144149646
0.246 0.570097013348756
0.2465 0.570755871405653
0.247 0.571413869053479
0.2475 0.572071013825615
0.248 0.57272720505681
0.2485 0.573382489514001
0.249 0.574036925223164
0.2495 0.574690475706951
0.25 0.575343062316454
0.2505 0.575994804297725
0.251 0.576645702751529
0.2515 0.577295644140346
0.252 0.577944707699808
0.2525 0.578592931841581
0.253 0.579240291559145
0.2535 0.579886691973805
0.254 0.580532257072642
0.2545 0.581176987951579
0.255 0.581820813557688
0.2555 0.582463734853511
0.256 0.583105826021225
0.2565 0.583747088154029
0.257 0.584387421486191
0.2575 0.585026888145395
0.258 0.585665529851375
0.2585 0.586303347694604
0.259 0.586940230489648
0.2595 0.587576266934188
0.26 0.588211483587524
0.2605 0.588845881537394
0.261 0.589479355431115
0.2615 0.590111986022492
0.262 0.590743801971781
0.2625 0.591374804363975
0.263 0.592004910890774
0.2635 0.592634159929846
0.264 0.593262599463003
0.2645 0.593890230572484
0.265 0.594517011165011
0.2655 0.595142902891803
0.266 0.595767990235869
0.2665 0.59639227427669
0.267 0.597015756093163
0.2675 0.59763832885901
0.268 0.59826008817997
0.2685 0.598881049305088
0.269 0.59950121331049
0.2695 0.600120551496295
0.27 0.600739006898889
0.2705 0.601356669199977
0.271 0.601973539472907
0.2715 0.602589618790444
0.272 0.6032048597093
0.2725 0.603819247216563
0.273 0.604432847774117
0.2735 0.605045662451938
0.274 0.605657692319415
0.2745 0.606268896322058
0.275 0.606879251119641
0.2755 0.607488825099997
0.276 0.608097619329718
0.2765 0.608705634874801
0.277 0.609312862125935
0.2775 0.609919219289168
0.278 0.610524801748274
0.2785 0.611129610566447
0.279 0.611733646806291
0.2795 0.612336911529812
0.28 0.612939351777371
0.2805 0.613540977660406
0.281 0.614141835992757
0.2815 0.614741927833616
0.282 0.615341254241581
0.2825 0.615939816274653
0.283 0.616537552146435
0.2835 0.61713449480748
0.284 0.617730677044341
0.2845 0.618326099912195
0.285 0.618920764465619
0.2855 0.619514671758593
0.286 0.620107785575454
0.2865 0.620700092891661
0.287 0.621291646883143
0.2875 0.621882448601044
0.288 0.622472499095909
0.2885 0.623061799417681
0.289 0.623650350615703
0.2895 0.624238092859
0.29 0.624825066273369
0.2905 0.625411294482429
0.291 0.625996778532674
0.2915 0.626581519469998
0.292 0.627165518339694
0.2925 0.627748776186448
0.293 0.628331254758602
0.2935 0.628912956917306
0.294 0.629493921954151
0.2945 0.630074150910964
0.295 0.630653644828972
0.2955 0.631232404748794
0.296 0.631810431710445
0.2965 0.632387726753334
0.297 0.632964247311936
0.2975 0.633540011508687
0.298 0.634115047668062
0.2985 0.6346893568266
0.299 0.635262940020231
0.2995 0.635835798284278
0.3 0.636407932653457
0.3005 0.636979344161873
0.301 0.637550033843025
0.3015 0.638119948587487
0.302 0.63868913496689
0.3025 0.639257603378358
0.303 0.639825354852505
0.3035 0.640392390419334
0.304 0.640958711108237
0.3045 0.641524317947997
0.305 0.642089211966785
0.3055 0.642653394192162
0.306 0.643216865651075
0.3065 0.64377957819879
0.307 0.644341576553578
0.3075 0.644902867976778
0.308 0.645463453492438
0.3085 0.646023334123994
0.309 0.646582510894266
0.3095 0.647140984825464
0.31 0.647698756939182
0.3105 0.6482558282564
0.311 0.648812199797483
0.3115 0.649367872582183
0.312 0.649922842686046
0.3125 0.650477075162723
0.313 0.651030612691008
0.3135 0.651583456287737
0.314 0.652135606969126
0.3145 0.652687065750778
0.315 0.653237833647678
0.3155 0.653787911674194
0.316 0.654337300844075
0.3165 0.654886002170455
0.317 0.655434016665847
0.3175 0.655981345342148
0.318 0.656527989210636
0.3185 0.65707394928197
0.319 0.65761922656619
0.3195 0.658163819426162
0.32 0.658707700033569
0.3205 0.659250901625562
0.321 0.659793425209243
0.3215 0.660335271791095
0.322 0.660876442376981
0.3225 0.66141693797214
0.323 0.661956759581193
0.3235 0.662495908208137
0.324 0.663034384856349
0.3245 0.663572190528582
0.325 0.664109326226968
0.3255 0.664645792953016
0.326 0.665181591707611
0.3265 0.665716723491018
0.327 0.666251189302876
0.3275 0.666784990142199
0.328 0.667318127007382
0.3285 0.667850600896191
0.329 0.668382412805771
0.3295 0.668913563732639
0.33 0.669444054672691
0.3305 0.669973886621196
0.331 0.670503060572797
0.3315 0.671031577521511
0.332 0.671559428577397
0.3325 0.672086619339659
0.333 0.672613156810805
0.3335 0.673139041981885
0.334 0.673664275843319
0.3345 0.674188859384903
0.335 0.674712793595804
0.3355 0.675236079464561
0.336 0.675758717979085
0.3365 0.67628071012666
0.337 0.67680205689394
0.3375 0.67732275926695
0.338 0.677842818231088
0.3385 0.678362234771121
0.339 0.678881009871187
0.3395 0.679399144514794
0.34 0.679916639684821
0.3405 0.680433496363516
0.341 0.680949715532497
0.3415 0.681465298172751
0.342 0.681980245264635
0.3425 0.682494557787874
0.343 0.683008236721562
0.3435 0.68352128304416
0.344 0.684033697733501
0.3445 0.684545481766781
0.345 0.685056636120568
0.3455 0.685567161770795
0.346 0.686077059692764
0.3465 0.686586330861142
0.347 0.687094976249965
0.3475 0.687602996832633
0.348 0.688110393581916
0.3485 0.688617167469946
0.349 0.689123319468225
0.3495 0.689628850547617
0.35 0.690133761678354
0.3505 0.690638053830033
0.351 0.691141727971615
0.3515 0.691644785071427
0.352 0.692147226097158
0.3525 0.692649052015865
0.353 0.693150263793968
0.3535 0.693650862397248
0.354 0.694150838036381
0.3545 0.694650196514239
0.355 0.695148943997961
0.3555 0.695647081451259
0.356 0.696144609837206
0.3565 0.696641530118238
0.357 0.697137843256155
0.3575 0.697633550212117
0.358 0.698128651946649
0.3585 0.698623149419636
0.359 0.699117043590326
0.3595 0.699610335417327
0.36 0.700103025858611
0.3605 0.700595115871507
0.361 0.70108660641271
0.3615 0.701577498438271
0.362 0.702067792903605
0.3625 0.702557490763486
0.363 0.703046592972047
0.3635 0.703535100482782
0.364 0.704023014248546
0.3645 0.704510335221551
0.365 0.70499706435337
0.3655 0.705483202594934
0.366 0.705968750896535
0.3665 0.706453710207819
0.367 0.706938062885855
0.3675 0.707421812466751
0.368 0.707904975201645
0.3685 0.708387552038098
0.369 0.708869543923026
0.3695 0.709350951802707
0.37 0.709831776622773
0.3705 0.710312019328214
0.371 0.710791680863378
0.3715 0.711270762171969
0.372 0.711749264197049
0.3725 0.712227187881035
0.373 0.7127045341657
0.3735 0.713181303992175
0.374 0.713657498300946
0.3745 0.714133118031853
0.375 0.714608164124095
0.3755 0.715082599317959
0.376 0.715556454952399
0.3765 0.716029739068952
0.377 0.716502452604717
0.3775 0.716974596496148
0.378 0.717446171679052
0.3785 0.717917179088593
0.379 0.718387619659286
0.3795 0.718857494325001
0.38 0.719326804018964
0.3805 0.719795549673752
0.381 0.720263732221297
0.3815 0.720731352592882
0.382 0.721198390783549
0.3825 0.721664835073148
0.383 0.722130719289771
0.3835 0.722596044362596
0.384 0.723060811220154
0.3845 0.723525020790332
0.385 0.723988674000365
0.3855 0.724451771776841
0.386 0.724914315045701
0.3865 0.725376304732237
0.387 0.725837741761092
0.3875 0.726298627056261
0.388 0.726758915345995
0.3885 0.727218637651028
0.389 0.727677810308967
0.3895 0.728136434241697
0.39 0.72859451037045
0.3905 0.729052039615811
0.391 0.729509022897715
0.3915 0.729965461135448
0.392 0.730421355247643
0.3925 0.730876706152285
0.393 0.731331493469877
0.3935 0.731785692063549
0.394 0.732239349522759
0.3945 0.732692466763376
0.395 0.733145044700617
0.3955 0.733597084249049
0.396 0.734048586322588
0.3965 0.734499551834497
0.397 0.734949981697388
0.3975 0.735399876823222
0.398 0.735849182546925
0.3985 0.736297935972017
0.399 0.736746156719613
0.3995 0.737193845699555
0.4 0.737641003821029
0.4005 0.738087631992571
0.401 0.738533731122064
0.4015 0.738979302116737
0.402 0.739424345883165
0.4025 0.739868795250452
0.403 0.74031270671575
0.4035 0.740756093000282
0.404 0.7411989550085
0.4045 0.741641293644203
0.405 0.742083109810535
0.4055 0.742524404409988
0.406 0.742965178344398
0.4065 0.743405390816246
0.407 0.743845040658531
0.4075 0.744284171872619
0.408 0.744722785358219
0.4085 0.745160882014386
0.409 0.74559846273952
0.4095 0.746035528431364
0.41 0.746472079987008
0.4105 0.746908067093116
0.411 0.747343502723235
0.4115 0.747778426243355
0.412 0.748212838548433
0.4125 0.748646740532773
0.413 0.749080133090022
0.4135 0.74951301711317
0.414 0.749945391611246
0.4145 0.750377166708331
0.415 0.750808435288333
0.4155 0.751239198242107
0.416 0.751669456459857
0.4165 0.752099210831126
0.417 0.752528462244803
0.4175 0.752957211589117
0.418 0.753385381984411
0.4185 0.753813030490209
0.419 0.754240178932987
0.4195 0.754666828198842
0.42 0.755092979173208
0.4205 0.755518632740867
0.421 0.755943789785938
0.4215 0.756368365715387
0.422 0.756792428853268
0.4225 0.757215997465699
0.423 0.757639072434664
0.4235 0.758061654641488
0.424 0.758483744966835
0.4245 0.758905331862994
0.425 0.75932633407151
0.4255 0.759746846387955
0.426 0.760166869690854
0.4265 0.760586404858074
0.427 0.761005452766823
0.4275 0.761424014293649
0.428 0.76184202194507
0.4285 0.762259502228327
0.429 0.762676498109843
0.4295 0.763093010464024
0.43 0.763509040164615
0.4305 0.763924588084702
0.431 0.76433961933745
0.4315 0.764754091755603
0.432 0.765168084365689
0.4325 0.765581598038647
0.433 0.76599463364476
0.4335 0.766407192053647
0.434 0.766819252617913
0.4345 0.767230741244256
0.435 0.767641754638057
0.4355 0.76805229366679
0.436 0.768462359197268
0.4365 0.768871952095644
0.437 0.769281047661111
0.4375 0.769689576474073
0.438 0.770097634611858
0.4385 0.770505222938469
0.439 0.770912342317249
0.4395 0.77131899361088
0.44 0.771725129846729
0.4405 0.772130722729804
0.441 0.772535849476891
0.4415 0.772940510948521
0.442 0.773344708004564
0.4425 0.773748441504228
0.443 0.774151624059135
0.4435 0.774554304800815
0.444 0.774956523927507
0.4445 0.775358282296268
0.445 0.775759580763492
0.4455 0.776160404426918
0.446 0.776560654687055
0.4465 0.776960446980762
0.447 0.777359782162281
0.4475 0.777758661085191
0.448 0.778157084602408
0.4485 0.778554964700857
0.449 0.778952345623249
0.4495 0.779349273067276
0.45 0.779745747883701
0.4505 0.780141770922623
0.451 0.780537300195804
0.4515 0.78093228515824
0.452 0.781326820264211
0.4525 0.78172090636166
0.453 0.782114544297868
0.4535 0.782507726313715
0.454 0.782900330677225
0.4545 0.783292488794237
0.455 0.783684201509876
0.4555 0.784075469668601
0.456 0.784466294114208
0.4565 0.784856547059822
0.457 0.785246343486613
0.4575 0.785635698107242
0.458 0.786024611763345
0.4585 0.786413085295896
0.459 0.786800998973689
0.4595 0.787188448958618
0.46 0.787575460720649
0.4605 0.787962035098599
0.461 0.788348172930618
0.4615 0.788733750874448
0.462 0.789118869615468
0.4625 0.789503553704909
0.463 0.789887803978763
0.4635 0.790271621272355
0.464 0.790654867005599
0.4645 0.791037669650243
0.465 0.791420041202675
0.4655 0.791801982496059
0.466 0.792183481377274
0.4665 0.79256441139845
0.467 0.792944913043814
0.4675 0.793324987144372
0.468 0.793704634530463
0.4685 0.794083807341787
0.469 0.794462447872047
0.4695 0.794840663564767
0.47 0.795218455248125
0.4705 0.795595823749632
0.471 0.795972673985633
0.4715 0.796349040033104
0.472 0.796724984769341
0.4725 0.797100509019695
0.473 0.797475613608847
0.4735 0.797850144753619
0.474 0.798224251275942
0.4745 0.798597940001369
0.475 0.798971211752418
0.4755 0.799344005858908
0.476 0.799716282878113
0.4765 0.800088144782428
0.477 0.800459592392209
0.4775 0.800830626527146
0.478 0.801201107614386
0.4785 0.801571151378989
0.479 0.80194078352192
0.4795 0.802310004860702
0.48 0.802678753451626
0.4805 0.803046987735498
0.481 0.803414813063573
0.4815 0.803782230251213
0.482 0.80414924011311
0.4825 0.804515681724719
0.483 0.804881708867511
0.4835 0.805247330526594
0.484 0.805612547514495
0.4845 0.805977261147728
0.485 0.806341498712379
0.4855 0.806705333443062
0.486 0.807068766150136
0.4865 0.807431753733902
0.487 0.807794210305125
0.4875 0.808156266685129
0.488 0.808517923682112
0.4885 0.808879182103601
0.489 0.809239871280981
0.4895 0.809600157865597
0.49 0.809960047700788
0.4905 0.810319541591913
0.491 0.810678509203467
0.4915 0.811037034525545
0.492 0.811395165724803
0.4925 0.811752903604435
0.493 0.812110151564378
0.4935 0.812466924134326
0.494 0.81282330520107
0.4945 0.813179295565636
0.495 0.813534825783777
0.4955 0.813889854089563
0.496 0.814244493504769
0.4965 0.814598744828251
0.497 0.814952559209996
0.4975 0.815305851717143
0.498 0.815658757939339
0.4985 0.816011278673274
0.499 0.816363379119626
0.4995 0.816714944271209
0.5 0.817066125736478
0.5005 0.817416924309955
0.501 0.817767312717515
0.5015 0.818117158934163
0.502 0.81846662405614
0.5025 0.818815708875799
0.503 0.819164387136766
0.5035 0.819512522816658
0.504 0.819860279986527
0.5045 0.820207659436558
0.505 0.820554629438735
0.5055 0.8209010629576
0.506 0.821247120544095
0.5065 0.821592802986237
0.507 0.821938066613028
0.5075 0.822282806324143
0.508 0.822627172673547
0.5085 0.822971166447086
0.509 0.8233147255775
0.5095 0.823657779811692
0.51 0.824000463247835
0.5105 0.824342776669607
0.511 0.824684633178256
0.5115 0.825026010243899
0.512 0.82536701906816
0.5125 0.825707660432548
0.513 0.826047816189652
0.5135 0.826387524372669
0.514 0.826726866863974
0.5145 0.827065844442907
0.515 0.827404301314295
0.5155 0.827742348878156
0.516 0.82808003329298
0.5165 0.828417355335936
0.517 0.828754115183046
0.5175 0.82909051036877
0.518 0.829426544941135
0.5185 0.829762174470692
0.519 0.830097284355023
0.5195 0.830432035381178
0.52 0.830766428322655
0.5205 0.831100363920579
0.521 0.831433835317603
0.5215 0.831766950380305
0.522 0.832099709880017
0.5225 0.832431953396047
0.523 0.832763794486427
0.5235 0.833095281759345
0.524 0.833426398246247
0.5245 0.833756969263454
0.525 0.834087188205406
0.5255 0.83441705583976
0.526 0.834746483317924
0.5265 0.835075437817433
0.527 0.835404042746724
0.5275 0.835732298871289
0.528 0.836060039178765
0.5285 0.836387385280894
0.529 0.836714384310849
0.5295 0.837041000856844
0.53 0.837367092002412
0.5305 0.837692837805035
0.531 0.838018239026534
0.5315 0.838343171455527
0.532 0.838667667890798
0.5325 0.838991821469347
0.533 0.839315632168597
0.5335 0.839638883089197
0.534 0.839961792874155
0.5345 0.840284362281624
0.535 0.840606491905401
0.5355 0.84092816173883
0.536 0.841249492911026
0.5365 0.84157048617797
0.537 0.841890936545358
0.5375 0.842211033313722
0.538 0.842530793888268
0.5385 0.84285012575984
0.539 0.843168991948521
0.5395 0.843487523651493
0.54 0.84380572162107
0.5405 0.844123377258347
0.541 0.844440683903276
0.5415 0.844757658518097
0.542 0.845074197670241
0.5425 0.845390283063368
0.543 0.845706038126351
0.5435 0.84602146159537
0.544 0.846336329535642
0.5445 0.846650868842414
0.545 0.846965080262833
0.5455 0.847278831708099
0.546 0.847592159046995
0.5465 0.847905160191361
0.547 0.848217797952862
0.5475 0.848529917104931
0.548 0.848841711750969
0.5485 0.849153182634458
0.549 0.849464151365189
0.5495 0.84977474328334
0.55 0.850085013122622
0.5505 0.850394870160872
0.551 0.850704263114286
0.5515 0.851013335669195
0.552 0.851322081809215
0.5525 0.85163027955376
0.553 0.851938158576843
0.5535 0.85224571961678
0.554 0.852552800895854
0.5545 0.852859490132374
0.555 0.853165863057974
0.5555 0.8534718354188
0.556 0.853777338606739
0.5565 0.854082527152666
0.557 0.854387391384978
0.5575 0.854691712255036
0.558 0.854995720148672
0.5585 0.85529941579904
0.559 0.855602619316512
0.5595 0.85590545027796
0.56 0.856207970656915
0.5605 0.856510068014568
0.561 0.856811725756652
0.5615 0.857113074573702
0.562 0.857414066556757
0.5625 0.857714554785025
0.563 0.858014735742404
0.5635 0.858314610156889
0.564 0.85861394554752
0.5645 0.858912962340183
0.565 0.859211674239285
0.5655 0.859509906212737
0.566 0.859807762528369
0.5665 0.860105315596457
0.567 0.860402444933445
0.5675 0.860699144452458
0.568 0.86099554236663
0.5685 0.861291569846582
0.569 0.861587116242118
0.5695 0.861882362672203
0.57 0.86217728907326
0.5705 0.862471686011192
0.571 0.86276578461975
0.5715 0.863059585618784
0.572 0.863352861857702
0.5725 0.863645816300027
0.573 0.863938474764099
0.5735 0.864230651863851
0.574 0.864522465787972
0.5745 0.8648139853618
0.575 0.865105064096028
0.5755 0.865395741142711
0.576 0.865686125463751
0.5765 0.865976106604814
0.577 0.866265650407562
0.5775 0.866554903106008
0.578 0.866843787424981
0.5785 0.867132201610038
0.579 0.867420326308825
0.5795 0.8677081145755
0.58 0.867995402761851
0.5805 0.868282403076656
0.581 0.868569096059541
0.5815 0.868855261858915
0.582 0.869141141398162
0.5825 0.869426735386006
0.583 0.869711786881354
0.5835 0.869996549246209
0.584 0.870281027666281
0.5845 0.8705649857935
0.585 0.87084863457788
0.5855 0.871132001020791
0.586 0.871414866543903
0.5865 0.871697405334475
0.587 0.871979663383586
0.5875 0.872261437065333
0.588 0.872542869441513
0.5885 0.872824022672939
0.589 0.873104705274783
0.5895 0.873385034808743
0.59 0.873665086791353
0.5905 0.873944679073475
0.591 0.874223909330142
0.5915 0.874502863625561
0.592 0.874781366346863
0.5925 0.875059500883923
0.593 0.875337361046536
0.5935 0.875614774964642
0.594 0.875891817332539
0.5945 0.87616858690949
0.595 0.876444912780747
0.5955 0.876720866522688
0.596 0.876996549053885
0.5965 0.877271787633359
0.597 0.877546656285315
0.5975 0.877821255303432
0.598 0.878095407344914
0.5985 0.878369194435621
0.599 0.878642713466097
0.5995 0.878915779722102
0.6 0.879188488773066
0.6005 0.879460931334111
0.601 0.879732912555876
0.6015 0.880004547081372
0.602 0.880275916683966
0.6025 0.880546813621454
0.603 0.880817377128532
0.6035 0.88108767727643
0.604 0.881357490678328
0.6045 0.881626986666811
0.605 0.881896220856543
0.6055 0.882164951470265
0.606 0.882433383432754
0.6065 0.882701555153629
0.607 0.882969203725314
0.6075 0.883236575147189
0.608 0.883503682977259
0.6085 0.883770255155811
0.609 0.884036569515237
0.6095 0.88430259642009
0.61 0.884568113458386
0.6105 0.884833374226309
0.611 0.885098320948902
0.6115 0.885362786313965
0.612 0.88562699695412
0.6125 0.885890864236137
0.613 0.886154281387778
0.6135 0.886417445356689
0.614 0.886680233938543
0.6145 0.886942606329364
0.615 0.887204727076347
0.6155 0.88746643769718
0.616 0.887727768772576
0.6165 0.887988849739742
0.617 0.888249483137426
0.6175 0.888509776335589
0.618 0.888769820957845
0.6185 0.889029377868981
0.619 0.8892886366209
0.6195 0.889547648325953
0.62 0.889806129485875
0.6205 0.890064357215341
0.621 0.890322300775008
0.6215 0.890579745566472
0.622 0.89083694569008
0.6225 0.891093814599152
0.623 0.891350233673478
0.6235 0.891606409600629
0.624 0.891862204591269
0.6245 0.892117601353944
0.625 0.892372756486848
0.6255 0.892627478289951
0.626 0.892881856139275
0.6265 0.893135993872956
0.627 0.893389643218149
0.6275 0.893643005545235
0.628 0.893896118934689
0.6285 0.894148706883174
0.629 0.894401057071952
0.6295 0.894653099095565
0.63 0.894904676776709
0.6305 0.895156018203926
0.631 0.895406989588162
0.6315 0.895657560374807
0.632 0.895907896410034
0.6325 0.896157797880094
0.633 0.896407365137906
0.6335 0.896656699143538
0.634 0.896905531423356
0.6345 0.897154098510828
0.635 0.897402396466607
0.6355 0.897650197654338
0.636 0.897897767922792
0.6365 0.898144997771865
0.637 0.898391803993825
0.6375 0.898638380787415
0.638 0.898884543250562
0.6385 0.899130357847007
0.639 0.899375944502724
0.6395 0.89962104029946
0.64 0.899865866603484
0.6405 0.900110429336439
0.641 0.900354496299738
0.6415 0.900598337637274
0.642 0.90084183478073
0.6425 0.901084918616994
0.643 0.90132777830682
0.6435 0.901570210577141
0.644 0.901812314601255
0.6445 0.902054195954994
0.645 0.902295564067287
0.6455 0.902536691586984
0.646 0.902777527888033
0.6465 0.903017902577218
0.647 0.903258056893083
0.6475 0.9034978301064
0.648 0.903737233417434
0.6485 0.903976417822904
0.649 0.904215128660449
0.6495 0.904453563882883
0.65 0.904691743799134
0.6505 0.904929430836731
0.651 0.905166901252977
0.6515 0.905404019859037
0.652 0.905640743906259
0.6525 0.905877252791593
0.653 0.906113310796279
0.6535 0.906349075124519
0.654 0.906584603093932
0.6545 0.906819623857955
0.655 0.907054431731474
0.6555 0.907288900160384
0.656 0.907522966275642
0.6565 0.907756820951574
0.657 0.907990230545659
0.6575 0.908223345265408
0.658 0.908456225706319
0.6585 0.908688601457445
0.659 0.908920768027817
0.6595 0.90915259069007
0.66 0.90938402008793
0.6605 0.909615241747937
0.661 0.909846007334078
0.6615 0.910076493613811
0.662 0.910306730924958
0.6625 0.910536482806669
0.663 0.910766029196303
0.6635 0.910995210482805
0.664 0.911224024260694
0.6645 0.911452633981143
0.665 0.911680759942415
0.6655 0.91190863883353
0.666 0.912136237394076
0.6665 0.912363386432806
0.667 0.912590333647088
0.6675 0.912816877929181
0.668 0.913043097067536
0.6685 0.913269114471589
0.669 0.913494606507755
0.6695 0.913719898944714
0.67 0.913944863114278
0.6705 0.914169430219557
0.671 0.914393799147
0.6715 0.914617710776492
0.672 0.914841356138906
0.6725 0.915064741758377
0.673 0.915287664524209
0.6735 0.915510391324691
0.674 0.915732725443372
0.6745 0.915954731407981
0.675 0.916176540035582
0.6755 0.916397826129563
0.676 0.916618918462942
0.6765 0.91683967662623
0.677 0.917060050843755
0.6775 0.917280232708811
0.678 0.917499941097215
0.6785 0.917719406597342
0.679 0.917938590356449
0.6795 0.91815734045161
0.68 0.918375900386325
0.6805 0.918594035402353
0.681 0.918811881677098
0.6815 0.919029492579033
0.682 0.919246626150576
0.6825 0.919463571745972
0.683 0.919680134933835
0.6835 0.919896369565103
0.684 0.920112409152677
0.6845 0.920327933773393
0.685 0.920543272594547
0.6855 0.920758265494258
0.686 0.920972896038016
0.6865 0.921187342172156
0.687 0.921401289066592
0.6875 0.921615028652654
0.688 0.921828452800035
0.6885 0.922041486786331
0.689 0.922254338526905
0.6895 0.922466717690564
0.69 0.922678865554782
0.6905 0.922890722481464
0.691 0.923102167414451
0.6915 0.923313432257918
0.692 0.923524245219641
0.6925 0.923734808849383
0.693 0.923945100082813
0.6935 0.924154963440771
0.694 0.924364648857721
0.6945 0.924573897142166
0.695 0.924782883998941
0.6955 0.924991611062384
0.696 0.925199900297746
0.6965 0.925408013732928
0.697 0.925615698860575
0.6975 0.925823116380058
0.698 0.926030280792601
0.6985 0.926237003331972
0.699 0.926443552204316
0.6995 0.926649675691469
0.7 0.926855531283527
0.7005 0.927061134560083
0.701 0.927266297804266
0.7015 0.927471289506908
0.702 0.927675852865698
0.7025 0.927880153914409
0.703 0.928084197565721
0.7035 0.928287808889742
0.704 0.928491250790044
0.7045 0.928694255528437
0.705 0.928897009392117
0.7055 0.929099494924761
0.706 0.929301561677891
0.7065 0.929503461117471
0.707 0.929704908739266
0.7075 0.929906122750493
0.708 0.930107051666882
0.7085 0.930307581172663
0.709 0.930507945467415
0.7095 0.930707837472253
0.71 0.930907518937891
0.7105 0.931106892736279
0.711 0.931305892292547
0.7115 0.931504728732667
0.712 0.931703066616033
0.7125 0.931901222817256
0.713 0.932099042991743
0.7135 0.932296519870653
0.714 0.932493822501812
0.7145 0.932690620973891
0.715 0.93288725916621
0.7155 0.933083527206745
0.716 0.933279488654798
0.7165 0.933475239647731
0.717 0.933670525263847
0.7175 0.933865652677133
0.718 0.934060370069516
0.7185 0.934254823307584
0.719 0.934449024146712
0.7195 0.934642804118736
0.72 0.934836427957249
0.7205 0.935029596183139
0.721 0.935222548406488
0.7215 0.935415200572088
0.722 0.935607482086299
0.7225 0.93579960952871
0.723 0.935991230065625
0.7235 0.936182688443943
0.724 0.936373793412156
0.7245 0.936564583629262
0.725 0.936755173192328
0.7255 0.936945296150005
0.726 0.937135267827428
0.7265 0.937324827070259
0.727 0.937514133125426
0.7275 0.937703177452861
0.728 0.937891818784412
0.7285 0.938080310879552
0.729 0.938268325864877
0.7295 0.938456154867753
0.73 0.938643655426057
0.7305 0.938830822232175
0.731 0.939017808525945
0.7315 0.93920431402971
0.732 0.939390673064456
0.7325 0.939576631316005
0.733 0.939762330671899
0.7335 0.939947775145456
0.734 0.940132815713772
0.7345 0.940317711839083
0.735 0.940502129242133
0.7355 0.94068636819756
0.736 0.940870272307788
0.7365 0.941053854981476
0.737 0.941237245960301
0.7375 0.9414201732393
0.738 0.941602958818591
0.7385 0.941785324018258
0.739 0.941967455812722
0.7395 0.942149308364329
0.74 0.942330787257891
0.7405 0.942512126459977
0.741 0.94269295419774
0.7415 0.942873642102995
0.742 0.943053957674671
0.7425 0.943233995163897
0.743 0.94341379872984
0.7435 0.943593186682751
0.744 0.943772437663451
0.7445 0.943951217698379
0.745 0.94412982073902
0.7455 0.944308089248364
0.746 0.944486045225543
0.7465 0.944663802369049
0.747 0.944841112158271
0.7475 0.945018287680755
0.748 0.945195022571216
0.7485 0.9453715534942
0.749 0.945547777497152
0.7495 0.945723664693029
0.75 0.94589937796761
0.7505 0.946074622307687
0.751 0.946249735072727
0.7515 0.946424427367381
0.752 0.946598898857289
0.7525 0.946773080900082
0.753 0.946946911983054
0.7535 0.947120583932522
0.754 0.947293775475671
0.7545 0.947466838121738
0.755 0.947639490359549
0.7555 0.947811915038682
0.756 0.94798405765786
0.7565 0.948155845234071
0.757 0.948327478392545
0.7575 0.948498629728757
0.758 0.948669654832112
0.7585 0.948840269542361
0.759 0.949010659970843
0.7595 0.949180765693268
0.76 0.949350522306703
0.7605 0.94952011919863
0.761 0.949689242855763
0.7615 0.949858242930558
0.762 0.950026822632859
0.7625 0.950195191308723
0.763 0.950363262651595
0.7635 0.950531000784181
0.764 0.950698563924345
0.7645 0.950865672368222
0.765 0.951032659866596
0.7655 0.951199207070908
0.766 0.951365566430205
0.7665 0.951531605901071
0.767 0.951697337972772
0.7675 0.951862869866311
0.768 0.952027975500819
0.7685 0.952192962812999
0.769 0.95235748001964
0.7695 0.952521842436531
0.77 0.952685852533301
0.7705 0.952849590902221
0.771 0.953013094044638
0.7715 0.95317620921183
0.772 0.95333920555526
0.7725 0.95350169836589
0.773 0.953664076152748
0.7735 0.953826059363709
0.774 0.953987816326191
0.7745 0.954149293203368
0.775 0.954310430183561
0.7755 0.954471400881723
0.776 0.954631918720641
0.7765 0.954792324128155
0.777 0.954952282931985
0.7775 0.95511207072271
0.778 0.955271523810927
0.7785 0.955430694822805
0.779 0.955589642349575
0.7795 0.955748197419473
0.78 0.955906639538816
0.7805 0.956064579502531
0.781 0.956222410294625
0.7815 0.956379842060567
0.782 0.956537059261283
0.7825 0.956693986080954
0.783 0.956850590523021
0.7835 0.95700701254984
0.784 0.957163005064917
0.7845 0.957318890970053
0.785 0.957474303870831
0.7855 0.957629579356111
0.786 0.957784487923401
0.7865 0.957939153817425
0.787 0.958093558204048
0.7875 0.958247615334345
0.788 0.958401515692974
0.7885 0.958554964886005
0.789 0.958708310690256
0.7895 0.958861203450322
0.79 0.959013942814798
0.7905 0.959166332003995
0.791 0.959318465752103
0.7915 0.959470351522508
0.792 0.959621880476589
0.7925 0.95977326298013
0.793 0.959924187961456
0.7935 0.96007501275369
0.794 0.960225389178691
0.7945 0.960375611486041
0.795 0.960525485099069
0.7955 0.96067510573976
0.796 0.960824476692148
0.7965 0.960973496483342
0.797 0.961122364926273
0.7975 0.961270784684069
0.798 0.961419107431035
0.7985 0.961566971308012
0.799 0.961714695499848
0.7995 0.961862057320029
0.8 0.962009183769793
0.8005 0.962156043683769
0.801 0.962302573203456
0.8015 0.962448931361668
0.802 0.962594864762213
0.8025 0.962740704308813
0.803 0.96288605940623
0.8035 0.963031304302376
0.804 0.963176158094465
0.8045 0.963320809148058
0.805 0.963465161784668
0.8055 0.963609219802548
0.806 0.96375307143338
0.8065 0.963896537221329
0.807 0.964039887995935
0.8075 0.964182762358677
0.808 0.964325546657439
0.8085 0.964467896167661
0.809 0.964610090498378
0.8095 0.964751939600146
0.81 0.964893544764516
0.8105 0.965034893606791
0.811 0.965175910405455
0.8115 0.965316759137051
0.812 0.965457188369593
0.8125 0.965597530648038
0.813 0.965737379604126
0.8135 0.965877135764081
0.814 0.966016485055045
0.8145 0.966155655893077
0.815 0.966294505667141
0.8155 0.966433091978762
0.816 0.966571442384002
0.8165 0.96670944496367
0.817 0.966847296148014
0.8175 0.966984715789135
0.818 0.967122052209542
0.8185 0.967258905395291
0.819 0.967395660313316
0.8195 0.967532014721072
0.82 0.96766818892711
0.8205 0.967804044704213
0.821 0.967939638987608
0.8215 0.96807499628125
0.822 0.968210011430296
0.8225 0.968344870387524
0.823 0.968479307189463
0.8235 0.968613664473251
0.824 0.968747527198201
0.8245 0.968881307559614
0.825 0.969014672388405
0.8255 0.969147876611686
0.826 0.969280743690776
0.8265 0.969413372559117
0.827 0.96954574203482
0.8275 0.969677796330367
0.828 0.969809668348847
0.8285 0.969941148852698
0.829 0.970072523559973
0.8295 0.970203431052181
0.83 0.970334263331356
0.8305 0.970464643853692
0.831 0.970594904532609
0.8315 0.970724788180918
0.832 0.970854478036638
0.8325 0.970983864956352
0.833 0.97111298476489
0.8335 0.971241875101297
0.834 0.971370425637625
0.8345 0.971498819535865
0.835 0.971626801573911
0.8355 0.971754699178978
0.836 0.971882113491628
0.8365 0.972009456854346
0.837 0.972136362307465
0.8375 0.972263139342873
0.838 0.972389548936926
0.8385 0.972515760414927
0.839 0.972641674294325
0.8395 0.972767320983783
0.84 0.972892739292789
0.8405 0.973017821961528
0.841 0.973142744844261
0.8415 0.973267264259062
0.842 0.973391691859496
0.8425 0.973515648786103
0.843 0.973639538984009
0.8435 0.973762976451182
0.844 0.973886305545727
0.8445 0.974009248161646
0.845 0.974132016915603
0.8455 0.974254464823659
0.846 0.974376673998764
0.8465 0.974498627342203
0.847 0.974620277699155
0.8475 0.974741736621077
0.848 0.974862828919538
0.8485 0.974983793562897
0.849 0.975104328561494
0.8495 0.975224799069101
0.85 0.975344777525424
0.8505 0.975464694046599
0.851 0.97558417671055
0.8515 0.975703538059156
0.852 0.975822527014912
0.8525 0.975941333945583
0.853 0.976059829335375
0.8535 0.97617808260171
0.854 0.976296084567622
0.8545 0.97641378492219
0.855 0.976531293606162
0.8555 0.976648441800498
0.856 0.976765457344324
0.8565 0.976882054128932
0.857 0.976998576674264
0.8575 0.977114622798616
0.858 0.977230611726784
0.8585 0.977346148699499
0.859 0.97746158832205
0.8595 0.977576632720353
0.86 0.977691523783815
0.8605 0.977806075748779
0.861 0.97792041899865
0.8615 0.978034478671203
0.862 0.978148274851954
0.8625 0.978261842372878
0.863 0.978375092227952
0.8635 0.978488167737887
0.864 0.978600872009699
0.8645 0.97871345564914
0.865 0.978825615079078
0.8655 0.978937706988377
0.866 0.979049322316804
0.8665 0.979160885732931
0.867 0.97927199460242
0.8675 0.979383015254766
0.868 0.979493632814301
0.8685 0.979604111440297
0.869 0.979714237829653
0.8695 0.979824175165708
0.87 0.979933810524515
0.8705 0.980043207306012
0.871 0.980152351773759
0.8715 0.980261208735059
0.872 0.98036986245109
0.8725 0.980478180325532
0.873 0.980586343429047
0.8735 0.980694122948949
0.874 0.980801795579003
0.8745 0.980909037475661
0.875 0.98101621977117
0.8755 0.981122924774859
0.876 0.981229583671986
0.8765 0.981335785714567
0.877 0.981441909037734
0.8775 0.981547621161648
0.878 0.981653209638215
0.8785 0.981758431981802
0.879 0.981863486338113
0.8795 0.981968219039569
0.88 0.982072740000946
0.8805 0.982176983198325
0.881 0.982280971489077
0.8815 0.982384725320291
0.882 0.982488181663707
0.8825 0.982591446266522
0.883 0.982694371384878
0.8835 0.982797146896919
0.884 0.982899541511473
0.8845 0.983001828070223
0.885 0.983103692901218
0.8855 0.983205490644016
0.886 0.983306826410683
0.8865 0.983408122372938
0.887 0.983508942895279
0.8875 0.983609711091713
0.888 0.983710043209264
0.8885 0.983810284356209
0.889 0.983910128205739
0.8895 0.984009843018515
0.89 0.98410919873665
0.8905 0.984208387929566
0.891 0.984307255652791
0.8915 0.984405919939145
0.892 0.9845042998038
0.8925 0.98460243989588
0.893 0.984700332038166
0.8935 0.984797948647249
0.894 0.984895353203224
0.8945 0.984992447039578
0.895 0.985089364145156
0.8955 0.985185935918042
0.896 0.985282365708998
0.8965 0.985378416126667
0.897 0.985474358738631
0.8975 0.985569888508328
0.898 0.98566534407679
0.8985 0.985760353904753
0.899 0.98585532256506
0.8995 0.98594981315652
0.9 0.986044271853586
0.9005 0.98613826710306
0.901 0.986232207836146
0.9015 0.986325716582659
0.902 0.986419140054123
0.9025 0.986512162432456
0.903 0.986605069343651
0.9035 0.986697605488442
0.904 0.986789996539719
0.9045 0.986882046585468
0.905 0.986973922476174
0.9055 0.987065486557236
0.906 0.987156847985716
0.9065 0.987247926236308
0.907 0.987338773899906
0.9075 0.987429366454102
0.908 0.98751970104916
0.9085 0.987609808040892
0.909 0.987699630262753
0.9095 0.987789251825815
0.91 0.987878562368821
0.9105 0.987967698636863
0.911 0.988056498194357
0.9115 0.988145149300888
0.912 0.988233438565216
0.9125 0.988321604643607
0.913 0.988409384306113
0.9135 0.988497065489592
0.914 0.988584336240627
0.9145 0.988671532662282
0.915 0.988758295191198
0.9155 0.988845006983975
0.916 0.988931261979128
0.9165 0.989017489275834
0.917 0.989103237424585
0.9175 0.989188963644178
0.918 0.9892742223466
0.9185 0.989359442959142
0.919 0.989444217563069
0.9195 0.989528933253079
0.92 0.989613223890756
0.9205 0.989697435341757
0.921 0.989781242145289
0.9215 0.989864950039813
0.922 0.989948273141164
0.9225 0.990031478160751
0.923 0.990114317691744
0.9235 0.990197020516944
0.924 0.990279376609264
0.9245 0.990361577919633
0.925 0.990443450704824
0.9255 0.990525151178929
0.926 0.990606540788396
0.9265 0.990687741103815
0.927 0.990768647668822
0.9275 0.990849348502144
0.928 0.990929772153815
0.9285 0.991009974180641
0.929 0.991089915049961
0.9295 0.991169618944904
0.93 0.991249077162719
0.9305 0.991328283599404
0.931 0.991407259296418
0.9315 0.991485968947484
0.932 0.991564462254266
0.9325 0.991642675791366
0.933 0.991720686838341
0.9335 0.991798404932144
0.934 0.991875933849599
0.9345 0.991953157169787
0.935 0.992030204087871
0.9355 0.992106933303145
0.936 0.992183498351866
0.9365 0.992259734129942
0.937 0.99233581743917
0.9375 0.992411560446779
0.938 0.992487162146246
0.9385 0.992562413049141
0.939 0.992637533268437
0.9395 0.992712292731386
0.94 0.992786931599965
0.9405 0.992861200286757
0.941 0.992935357933933
0.9415 0.993009136507376
0.942 0.993082813062323
0.9425 0.993156102184246
0.943 0.993229297776001
0.9435 0.993302098107253
0.944 0.993374812864714
0.9445 0.993447125065167
0.945 0.993519359117093
0.9455 0.993591183845639
0.946 0.99366293732065
0.9465 0.993734275235207
0.947 0.993805548261786
0.9475 0.993876400019292
0.948 0.993947192725782
0.9485 0.994017558982202
0.949 0.994087871496809
0.9495 0.99415775290713
0.95 0.994227585357922
0.9505 0.994296982576159
0.951 0.994366335091065
0.9515 0.994435248770258
0.952 0.994504121477068
0.9525 0.994572552269283
0.953 0.994640945295651
0.9535 0.994708893851982
0.954 0.994776807325422
0.9545 0.994844274295991
0.955 0.994911708343882
0.9555 0.994978694377839
0.956 0.995045649127419
0.9565 0.995112154872943
0.957 0.995115125283487
0.9575 0.995115125283487
0.958 0.995115125283487
0.9585 0.995115125283487
0.959 0.995115125283487
0.9595 0.995115125283487
0.96 0.995115125283487
0.9605 0.995115125283487
0.961 0.995115125283487
0.9615 0.995115125283487
0.962 0.995115125283487
0.9625 0.995115125283487
0.963 0.995115125283487
0.9635 0.995115125283487
0.964 0.995115125283487
0.9645 0.995115125283487
0.965 0.995115125283487
0.9655 0.995115125283487
0.966 0.995115125283487
0.9665 0.995115125283487
0.967 0.995115125283487
0.9675 0.995115125283487
0.968 0.995115125283487
0.9685 0.995115125283487
0.969 0.995115125283487
0.9695 0.995115125283487
0.97 0.995115125283487
0.9705 0.995115125283487
0.971 0.995115125283487
0.9715 0.995115125283487
0.972 0.995115125283487
0.9725 0.995115125283487
0.973 0.995115125283487
0.9735 0.995115125283487
0.974 0.995115125283487
0.9745 0.995115125283487
0.975 0.995115125283487
0.9755 0.995115125283487
0.976 0.995115125283487
0.9765 0.995115125283487
0.977 0.995115125283487
0.9775 0.995115125283487
0.978 0.995115125283487
0.9785 0.995115125283487
0.979 0.995115125283487
0.9795 0.995115125283487
0.98 0.995115125283487
0.9805 0.995115125283487
0.981 0.995115125283487
0.9815 0.995115125283487
0.982 0.995115125283487
0.9825 0.995115125283487
0.983 0.995115125283487
0.9835 0.995115125283487
0.984 0.995115125283487
0.9845 0.995115125283487
0.985 0.995115125283487
0.9855 0.995115125283487
0.986 0.995115125283487
0.9865 0.995115125283487
0.987 0.995115125283487
0.9875 0.995115125283487
0.988 0.995115125283487
0.9885 0.995115125283487
0.989 0.995115125283487
0.9895 0.995115125283487
0.99 0.995115125283487
0.9905 0.995115125283487
0.991 0.995115125283487
0.9915 0.995115125283487
0.992 0.995115125283487
0.9925 0.995115125283487
0.993 0.995115125283487
0.9935 0.995115125283487
0.994 0.995115125283487
0.9945 0.995115125283487
0.995 0.995115125283487
0.9955 0.995115125283487
0.996 0.995115125283487
0.9965 0.995115125283487
0.997 0.995115125283487
0.9975 0.995115125283487
0.998 0.995115125283487
0.9985 0.995115125283487
0.999 0.995115125283487
0.9995 0.995115125283487
1 0.995115125283487
