"EPS" "MSE"
5e-04 0.0059206672523002
0.001 0.0108326470286941
0.0015 0.0154014389591397
0.002 0.019723747069219
0.0025 0.0238631498028569
0.003 0.0278572396737124
0.0035 0.031730904465308
0.004 0.0355018229184213
0.0045 0.0391832038501463
0.005 0.0427852897075198
0.0055 0.0463162697724482
0.006 0.0497827885964323
0.0065 0.0531904212582872
0.007 0.0565438148750566
0.0075 0.0598470050061887
0.008 0.0631034319547014
0.0085 0.066316134654502
0.009 0.0694877718868555
0.0095 0.0726207011035871
0.01 0.0757170334839761
0.0105 0.0787786913173009
0.011 0.0818073495966729
0.0115 0.0848045954808834
0.012 0.0877718150636743
0.0125 0.0907103437170978
0.013 0.0936213239488196
0.0135 0.0965059150699016
0.014 0.0993650731405778
0.0145 0.102199762440078
0.015 0.105010873438942
0.0155 0.107799213767343
0.016 0.110565552228344
0.0165 0.113310587682929
0.017 0.116034996694772
0.0175 0.118739379583491
0.018 0.121424391204731
0.0185 0.124090531661071
0.019 0.126738367779255
0.0195 0.129368403408856
0.02 0.131981052554545
0.0205 0.134576855769377
0.021 0.137156153192799
0.0215 0.139719400961012
0.022 0.142266990953175
0.0225 0.144799237650989
0.023 0.147316555791475
0.0235 0.149819250712811
0.024 0.152307675055657
0.0245 0.154782103954773
0.025 0.157242833986792
0.0255 0.159690141557555
0.026 0.162124308365407
0.0265 0.164545624836649
0.027 0.166954314511822
0.0275 0.169350621573561
0.028 0.171734762764051
0.0285 0.17410699988284
0.029 0.176467530321847
0.0295 0.178816552302892
0.03 0.181154264878774
0.0305 0.183480867934231
0.031 0.185796562186802
0.0315 0.188101549187556
0.032 0.190395922733834
0.0325 0.192679939803016
0.033 0.194953708988674
0.0335 0.197217458161562
0.034 0.199471225379825
0.0345 0.201715260154896
0.035 0.203949691605589
0.0355 0.206174649228159
0.036 0.208390262895967
0.0365 0.210596662859094
0.037 0.212793979743911
0.0375 0.214982344552602
0.038 0.217161888662647
0.0385 0.219332743826249
0.039 0.221495008463268
0.0395 0.223648743245394
0.04 0.225794163655585
0.0405 0.227931282384135
0.041 0.230060269539566
0.0415 0.232181174385242
0.042 0.234294175048143
0.0425 0.236399236090043
0.043 0.238496578901885
0.0435 0.240586279623848
0.044 0.24266832731653
0.0445 0.24474289343364
0.045 0.246810062944815
0.0455 0.248869912556254
0.046 0.250922519104745
0.0465 0.252967959557125
0.047 0.255006311009742
0.0475 0.257037650687885
0.048 0.259062055945213
0.0485 0.261079604263165
0.049 0.263090373250353
0.0495 0.265094440641949
0.05 0.267091841891438
0.0505 0.269082621445868
0.051 0.271066916642642
0.0515 0.273044805679925
0.052 0.27501622881216
0.0525 0.276981358672416
0.053 0.278940266589762
0.0535 0.280892887569492
0.054 0.282839461370971
0.0545 0.284779839766404
0.055 0.286714296430351
0.0555 0.288642663656069
0.056 0.290565206592394
0.0565 0.292481808615055
0.057 0.294392624794799
0.0575 0.296297724989138
0.058 0.298197012522971
0.0585 0.300090687860575
0.059 0.301978789248285
0.0595 0.303861253884692
0.06 0.305738199653511
0.0605 0.307609697101785
0.061 0.309475784586772
0.0615 0.311336500489818
0.062 0.313191816720991
0.0625 0.315041838880489
0.063 0.316886615546413
0.0635 0.318726185204985
0.064 0.320560586365067
0.0645 0.322389857557884
0.065 0.324214037336736
0.0655 0.32603316427671
0.066 0.327847276974394
0.0665 0.32965641404758
0.067 0.331460614134972
0.0675 0.333259915895886
0.068 0.335054358009951
0.0685 0.336843979176804
0.069 0.338628818115786
0.0695 0.340408828090539
0.07 0.342184121450931
0.0705 0.343954737894805
0.071 0.345720716207305
0.0715 0.347482095191803
0.072 0.349238830931687
0.0725 0.350990978494706
0.073 0.352738632240106
0.0735 0.354481831031502
0.074 0.356220478498596
0.0745 0.357954693746478
0.075 0.359684559691315
0.0755 0.361409994860121
0.076 0.363131058581145
0.0765 0.364847878741736
0.077 0.366560306743123
0.0775 0.368268506119125
0.078 0.36997250054415
0.0785 0.371672193785539
0.079 0.373367816191287
0.0795 0.375059138176568
0.08 0.376746436049901
0.0805 0.378429535757476
0.081 0.380108623829763
0.0815 0.38178358301817
0.082 0.383454576044206
0.0825 0.385121476468112
0.083 0.386784489223091
0.0835 0.388443412631179
0.084 0.390098522422563
0.0845 0.391749588040478
0.085 0.393396836495766
0.0855 0.395040199233101
0.086 0.396679668073367
0.0865 0.398315405230396
0.087 0.399947213677826
0.0875 0.401575286841263
0.088 0.403199669822758
0.0885 0.404820160673423
0.089 0.406437001705175
0.0895 0.408050206962864
0.09 0.409659597471694
0.0905 0.41126536983755
0.091 0.412867554339114
0.0915 0.414466081114308
0.092 0.416060948191834
0.0925 0.417652275281524
0.093 0.419240076401718
0.0935 0.42082429347169
0.094 0.42240492639396
0.0945 0.423982081174639
0.095 0.425555771815171
0.0955 0.427126012312652
0.096 0.428692735527685
0.0965 0.430255990699882
0.097 0.431815843490145
0.0975 0.4333723078771
0.098 0.434925397834671
0.0985 0.436475127332015
0.099 0.438021493212675
0.0995 0.439564453742449
0.1 0.441104101484314
0.1005 0.442640450387065
0.101 0.444173514394366
0.1015 0.445703307444689
0.102 0.44722984347124
0.1025 0.448753136401897
0.103 0.450273200159142
0.1035 0.451790048659991
0.104 0.453303695815931
0.1045 0.454814155532848
0.105 0.456321441710962
0.1055 0.457825568244756
0.106 0.459326549022912
0.1065 0.460824397928242
0.107 0.462319128837615
0.1075 0.463810755621895
0.108 0.46529929214587
0.1085 0.466784752268179
0.109 0.46826714984125
0.1095 0.469746498711228
0.11 0.471222812717904
0.1105 0.47269610569465
0.111 0.474166391468344
0.1115 0.475633683859307
0.112 0.477097996681228
0.1125 0.478559343741098
0.113 0.480017738839137
0.1135 0.481473195768727
0.114 0.48292572831634
0.1145 0.484375350261468
0.115 0.485822075376553
0.1155 0.487265847845253
0.116 0.488706719823058
0.1165 0.4901447304885
0.117 0.491579893586799
0.1175 0.493012222855803
0.118 0.494441732025924
0.1185 0.495868434820057
0.119 0.497292280911838
0.1195 0.498713273386388
0.12 0.500131494863746
0.1205 0.501546959037949
0.121 0.5029596795952
0.1215 0.504369670213795
0.122 0.505776806929813
0.1225 0.5071812078523
0.123 0.50858291409062
0.1235 0.509981939292814
0.124 0.511378294949443
0.1245 0.51277180757152
0.125 0.514162674328123
0.1255 0.515550908836138
0.126 0.516936524703964
0.1265 0.51831938293318
0.127 0.519699584614036
0.1275 0.52107720271568
0.128 0.522452250814205
0.1285 0.52382455706452
0.129 0.525194267633145
0.1295 0.526561443170597
0.13 0.527926058350933
0.1305 0.529287951442848
0.131 0.530647344409076
0.1315 0.532004250767633
0.132 0.533358485652009
0.1325 0.534710185855864
0.133 0.536059434264574
0.1335 0.537406101281067
0.134 0.538750198347427
0.1345 0.540091878361889
0.135 0.541431028856162
0.1355 0.542767612222952
0.136 0.544101813210636
0.1365 0.545433498401613
0.137 0.546762657316826
0.1375 0.548089468454088
0.138 0.549413739432384
0.1385 0.550735562951102
0.139 0.552055073220205
0.1395 0.553371980946561
0.14 0.554686557927968
0.1405 0.555998774566379
0.141 0.557308451417814
0.1415 0.558615870522217
0.142 0.559920805686391
0.1425 0.561223378787871
0.143 0.562523672649178
0.1435 0.563821432776785
0.144 0.565116990458981
0.1445 0.566410084272514
0.145 0.567700882899454
0.1455 0.56898938497584
0.146 0.570275457445107
0.1465 0.571559382564747
0.147 0.572840765662144
0.1475 0.574120018329665
0.148 0.575396859032399
0.1485 0.576671472011124
0.149 0.577943788952729
0.1495 0.579213794953731
0.15 0.580481606734419
0.1505 0.581747038416127
0.151 0.583010363602579
0.1515 0.584271253570384
0.152 0.585530110695547
0.1525 0.586786491501407
0.153 0.58804086275594
0.1535 0.589292803206339
0.154 0.59054271844369
0.1545 0.591790239593961
0.155 0.59303573122486
0.1555 0.5942788514841
0.156 0.595519951864405
0.1565 0.596758689607027
0.157 0.597995431037342
0.1575 0.599229804602872
0.158 0.600462219328147
0.1585 0.601692247021022
0.159 0.602920343763157
0.1595 0.604146067319537
0.16 0.605369843025065
0.1605 0.606591315864551
0.161 0.607810788753654
0.1615 0.609028042929689
0.162 0.610243231186787
0.1625 0.611456298695476
0.163 0.612667220469026
0.1635 0.613876133248746
0.164 0.615082806651044
0.1645 0.616287584128724
0.165 0.617490039689041
0.1655 0.618690593365132
0.166 0.619888969444158
0.1665 0.621085317344199
0.167 0.622279645681895
0.1675 0.6234718057946
0.168 0.624662091731943
0.1685 0.625850108348588
0.169 0.6270362308971
0.1695 0.628220274541414
0.17 0.629402251601508
0.1705 0.630582353810751
0.171 0.631760203245356
0.1715 0.632936200094818
0.172 0.634110135130481
0.1725 0.635282028578861
0.173 0.636452078126048
0.1735 0.637619904280191
0.174 0.638785874578956
0.1745 0.639949876264084
0.175 0.641111785035025
0.1755 0.642271864921716
0.176 0.643429858420874
0.1765 0.644585900807344
0.177 0.645740122919809
0.1775 0.646892166077446
0.178 0.648042374644274
0.1785 0.649190709417181
0.179 0.650336922014023
0.1795 0.651481329225272
0.18 0.652623813572771
0.1805 0.653764248641351
0.181 0.654902886859705
0.1815 0.656039578169553
0.182 0.657174267998282
0.1825 0.658307169484439
0.183 0.659438124974523
0.1835 0.660567101749374
0.184 0.661694298661441
0.1845 0.662819575378599
0.185 0.663942871182504
0.1855 0.665064395575398
0.186 0.666184050394241
0.1865 0.667301697206497
0.187 0.668417581031348
0.1875 0.669531670653092
0.188 0.670643700348763
0.1885 0.67175397545232
0.189 0.672862498168524
0.1895 0.673969000752956
0.19 0.675073698876999
0.1905 0.676176652972836
0.191 0.67727771817664
0.1915 0.678376870957396
0.192 0.679474288040446
0.1925 0.680569971613083
0.193 0.681663610956538
0.1935 0.682755522528101
0.194 0.683845708883193
0.1945 0.684934037746171
0.195 0.68602047520069
0.1955 0.68710519570371
0.196 0.688188201424869
0.1965 0.689269264428974
0.197 0.690348550337823
0.1975 0.691426129692821
0.198 0.692502004653662
0.1985 0.693575890651764
0.199 0.694648074761074
0.1995 0.695718562667055
0.2 0.696787334112569
0.2005 0.697854153987829
0.201 0.698919285821119
0.2015 0.699982731754198
0.202 0.701044484329308
0.2025 0.702104290962546
0.203 0.703162419819358
0.2035 0.704218873031405
0.204 0.705273652728212
0.2045 0.70632653704663
0.205 0.707377712001186
0.2055 0.70842722151848
0.206 0.709475067717874
0.2065 0.710521126649454
0.207 0.711565396549325
0.2075 0.712608011171232
0.208 0.713648972624319
0.2085 0.714688283015573
0.209 0.715725706577235
0.2095 0.716761474874892
0.21 0.717795600104291
0.2105 0.718828084362141
0.211 0.719858874122602
0.2115 0.720887844437626
0.212 0.721915181736177
0.2125 0.722940888104634
0.213 0.723964965627194
0.2135 0.724987350584106
0.214 0.726007948013595
0.2145 0.727026924505365
0.215 0.728044282133224
0.2155 0.729060022968786
0.216 0.730074128339072
0.2165 0.731086422734298
0.217 0.73209710819822
0.2175 0.733106186792001
0.218 0.734113660574606
0.2185 0.735119531602789
0.219 0.736123671659528
0.2195 0.737126135458575
0.22 0.738127004308421
0.2205 0.739126280255305
0.221 0.740123965343248
0.2215 0.741120061614053
0.222 0.742114406543082
0.2225 0.743107134520241
0.223 0.744098281429338
0.2235 0.74508784930159
0.224 0.746075840165987
0.2245 0.747062256049285
0.225 0.748046974860583
0.2255 0.74903006110806
0.226 0.750011580067002
0.2265 0.750991533753516
0.227 0.751969924181469
0.2275 0.75294675336248
0.228 0.7539220138811
0.2285 0.754895551804539
0.229 0.755867536116731
0.2295 0.756837968818584
0.23 0.757806851908753
0.2305 0.758774187383635
0.231 0.759739977237367
0.2315 0.760704223461826
0.232 0.761666780832233
0.2325 0.762627785058346
0.233 0.76358725321663
0.2335 0.764545187288172
0.234 0.765501589251789
0.2345 0.766456461084025
0.235 0.767409804759149
0.2355 0.768361608358347
0.236 0.769311753293665
0.2365 0.770260377567087
0.237 0.771207483142027
0.2375 0.772153071979615
0.238 0.773097146038695
0.2385 0.774039707275821
0.239 0.774980757645262
0.2395 0.775920299098992
0.24 0.776858277983325
0.2405 0.777794674521044
0.241 0.778729569554344
0.2415 0.779662965024267
0.242 0.780594862869549
0.2425 0.781525265026631
0.243 0.782454173429646
0.2435 0.783381590010423
0.244 0.784307516698488
0.2445 0.785231955421055
0.245 0.786154842695788
0.2455 0.787076195123554
0.246 0.787996066903847
0.2465 0.788914459952862
0.247 0.789831376184477
0.2475 0.790746817510252
0.248 0.791660785839427
0.2485 0.792573283078922
0.249 0.793484311133335
0.2495 0.794393871904938
0.25 0.795301967293682
0.2505 0.796208599197186
0.251 0.797113676426566
0.2515 0.798017290559814
0.252 0.798919448414288
0.2525 0.799820151876497
0.253 0.800719402830611
0.2535 0.801617203158466
0.254 0.802513554739561
0.2545 0.803408459451053
0.255 0.804301919167762
0.2555 0.805193935762166
0.256 0.806084511104399
0.2565 0.806973647062252
0.257 0.807861345501169
0.2575 0.80874760828425
0.258 0.809632412836138
0.2585 0.810515735775337
0.259 0.811397630134932
0.2595 0.812278097766804
0.26 0.813157140520483
0.2605 0.814034760243142
0.261 0.814910958779597
0.2615 0.815785737972307
0.262 0.816659099661372
0.2625 0.81753104568453
0.263 0.818401577877161
0.2635 0.81927069807228
0.264 0.820138408100538
0.2645 0.821004709790222
0.265 0.821869604967254
0.2655 0.822733095455187
0.266 0.823595183075206
0.2665 0.824455869646129
0.267 0.8253151569844
0.2675 0.826173046904095
0.268 0.827029541216914
0.2685 0.827884641732185
0.269 0.828738346106146
0.2695 0.829590624053413
0.27 0.830441515076303
0.2705 0.831291020972793
0.271 0.832139143538478
0.2715 0.832985884566572
0.272 0.833831245847908
0.2725 0.834675229170933
0.273 0.835517836321713
0.2735 0.836359069083926
0.274 0.837198929238867
0.2745 0.83803741856544
0.275 0.838874538840164
0.2755 0.839710291837168
0.276 0.840544679328189
0.2765 0.841377703082576
0.277 0.842209364867285
0.2775 0.843039666446879
0.278 0.843868609583526
0.2785 0.844696196037003
0.279 0.845522427564687
0.2795 0.846347305921561
0.28 0.847170832860213
0.2805 0.847993010130828
0.281 0.848813839481195
0.2815 0.849633322656703
0.282 0.85045146140034
0.2825 0.851268257452693
0.283 0.852083712551945
0.2835 0.852897828433878
0.284 0.853710606831869
0.2845 0.854522049476891
0.285 0.85533215809751
0.2855 0.856140934419886
0.286 0.856948380167775
0.2865 0.857754497062521
0.287 0.858559286823062
0.2875 0.859362751165926
0.288 0.860164891805231
0.2885 0.860965710452685
0.289 0.861765208817582
0.2895 0.862563388606807
0.29 0.86336025152483
0.2905 0.864155799273709
0.291 0.864950033553088
0.2915 0.865742956060193
0.292 0.866534568489838
0.2925 0.86732487253442
0.293 0.868113869883917
0.2935 0.868901562225892
0.294 0.86968795124549
0.2945 0.870473038625434
0.295 0.871256826046033
0.2955 0.872039315185172
0.296 0.872820507718315
0.2965 0.873600405318509
0.297 0.874379009656377
0.2975 0.875156322400118
0.298 0.875932337063572
0.2985 0.876707030444022
0.299 0.877480435869822
0.2995 0.878252555001383
0.3 0.879023389496691
0.3005 0.879792941011308
0.301 0.88056121119837
0.3015 0.881328201708589
0.302 0.882093914190249
0.3025 0.882858350289208
0.303 0.883621511648898
0.3035 0.884383399910323
0.304 0.885144016712057
0.3045 0.88590336369025
0.305 0.886661442478619
0.3055 0.887418254708454
0.306 0.888173802008614
0.3065 0.88892808600553
0.307 0.8896811083232
0.3075 0.890432870583194
0.308 0.891183374404647
0.3085 0.891932621404267
0.309 0.892680613196326
0.3095 0.893427351392666
0.31 0.894172837602696
0.3105 0.894917030431254
0.311 0.89565994413207
0.3115 0.896401609356014
0.312 0.897142027704679
0.3125 0.897881200777227
0.313 0.898619130170386
0.3135 0.899355817478448
0.314 0.900091264293271
0.3145 0.900825472204281
0.315 0.901558442798464
0.3155 0.902290177660375
0.316 0.903020678372133
0.3165 0.90374994651342
0.317 0.904477983661482
0.3175 0.90520479139113
0.318 0.905930371274738
0.3185 0.906654724882243
0.319 0.907377799095394
0.3195 0.908099610569543
0.32 0.908820199189877
0.3205 0.909539566518513
0.321 0.910257714115131
0.3215 0.910974643536975
0.322 0.911690356338851
0.3225 0.912404854073128
0.323 0.913118138289738
0.3235 0.913830210536175
0.324 0.914541072357496
0.3245 0.915250725296319
0.325 0.915959170892825
0.3255 0.916666410684758
0.326 0.917372380828743
0.3265 0.918077102653344
0.327 0.918780622024662
0.3275 0.919482940472619
0.328 0.920184059524702
0.3285 0.920883980705958
0.329 0.921582705538998
0.3295 0.922280235543994
0.33 0.922976572238682
0.3305 0.923671717138359
0.331 0.924365671755885
0.3315 0.92505843760168
0.332 0.925749972554954
0.3325 0.926440240525438
0.333 0.927129323015291
0.3335 0.927817221527119
0.334 0.928503937561093
0.3345 0.929189472614944
0.335 0.92987382818397
0.3355 0.930557005761028
0.336 0.931239006836542
0.3365 0.931919832898496
0.337 0.93259948543244
0.3375 0.933277926700321
0.338 0.933955099330896
0.3385 0.934631101669806
0.339 0.935305935194793
0.3395 0.935979601381164
0.34 0.936652101701788
0.3405 0.937323437627101
0.341 0.937993610625105
0.3415 0.938662622161363
0.342 0.939330473699008
0.3425 0.939997154010752
0.343 0.940662541587066
0.3435 0.941326772351799
0.344 0.941989847760286
0.3445 0.942651769265426
0.345 0.943312538317684
0.3455 0.943972156365095
0.346 0.944630624853261
0.3465 0.945287945225348
0.347 0.945944118922097
0.3475 0.94659906003214
0.348 0.947252785463271
0.3485 0.947905367356863
0.349 0.948556807145866
0.3495 0.9492071062608
0.35 0.949856266129755
0.3505 0.950504288178392
0.351 0.951151173829943
0.3515 0.95179692450521
0.352 0.952441448740371
0.3525 0.953084764924321
0.353 0.953726949225992
0.3535 0.954368003058413
0.354 0.955007927832187
0.3545 0.955646724955487
0.355 0.956284395834064
0.3555 0.95692094187124
0.356 0.957556364467914
0.3565 0.958190488479558
0.357 0.958823490164568
0.3575 0.959455371459372
0.358 0.960086133757108
0.3585 0.960715778448492
0.359 0.961344306921818
0.3595 0.961971720562957
0.36 0.962598020755359
0.3605 0.963223058033726
0.361 0.963846949068969
0.3615 0.964469729667481
0.362 0.965091401204967
0.3625 0.965711965054713
0.363 0.966331422587584
0.3635 0.966949775172032
0.364 0.967567024174087
0.3645 0.968182987109089
0.365 0.968797838559331
0.3655 0.969411589400979
0.366 0.970024240992338
0.3665 0.970635794689292
0.367 0.971246251845319
0.3675 0.971855613811477
0.368 0.972463808473363
0.3685 0.973070782751939
0.369 0.973676664781629
0.3695 0.974281455905779
0.37 0.974885157465325
0.3705 0.975487770798792
0.371 0.9760892972423
0.3715 0.976689732507853
0.372 0.977288881018132
0.3725 0.977886945546687
0.373 0.978483927421934
0.3735 0.979079827969888
0.374 0.979674648514155
0.3745 0.98026839037594
0.375 0.980861054874044
0.3755 0.981452448591738
0.376 0.982042746358129
0.3765 0.982631969631123
0.377 0.98322011972184
0.3775 0.983807197939002
0.378 0.984393205588932
0.3785 0.984978143975553
0.379 0.985561797175511
0.3795 0.986144378348141
0.38 0.986725893095166
0.3805 0.987306342712849
0.381 0.987885728495057
0.3815 0.988464051733266
0.382 0.989041261037928
0.3825 0.989617234949525
0.383 0.990192149127584
0.3835 0.990766004855932
0.384 0.99133880341601
0.3845 0.991910546086866
0.385 0.992481234145165
0.3855 0.993050718530617
0.386 0.993619066580032
0.3865 0.99418636279493
0.387 0.994752608444345
0.3875 0.995317804794932
0.388 0.995881953110959
0.3885 0.996445006457485
0.389 0.997006822484943
0.3895 0.997567593228779
0.39 0.998127319945654
0.3905 0.998686003889852
0.391 0.999243646313279
0.3915 0.999800248465466
0.392 1.0003555921504
0.3925 1.00090987113286
0.393 1.00146311256278
0.3935 1.00201531768208
0.394 1.00256648773035
0.3945 1.00311662394477
0.395 1.00366554916444
0.3955 1.00421336976337
0.396 1.00476015922019
0.3965 1.00530591876454
0.397 1.00585064962369
0.3975 1.00639435302254
0.398 1.00693686539956
0.3985 1.00747826066176
0.399 1.00801863112852
0.3995 1.00855797801719
0.4 1.00909630254276
0.4005 1.00963360591788
0.401 1.01016971101729
0.4015 1.01070471365947
0.402 1.01123869778923
0.4025 1.01177166461171
0.403 1.01230361532964
0.4035 1.01283455114343
0.404 1.013364254473
0.4045 1.01389289688265
0.405 1.01442052699948
0.4055 1.01494714601639
0.406 1.01547275512394
0.4065 1.01599734096492
0.407 1.01652066252082
0.4075 1.01704297675717
0.408 1.01756428485705
0.4085 1.01808458800116
0.409 1.01860388736788
0.4095 1.01912208120951
0.41 1.01963910021869
0.4105 1.02015511801372
0.411 1.02067013576553
0.4115 1.02118415464268
0.412 1.02169717581143
0.4125 1.02220898300255
0.413 1.02271973093361
0.4135 1.02322948369302
0.414 1.02373824243957
0.4145 1.02424600832973
0.415 1.02475271001382
0.4155 1.02525820835089
0.416 1.02576271634701
0.4165 1.02626623515125
0.417 1.02676876591031
0.4175 1.02727030976862
0.418 1.0277706342886
0.4185 1.02826991758025
0.419 1.02876821646024
0.4195 1.02926553206558
0.42 1.02976186553097
0.4205 1.03025709206067
0.421 1.03075117053679
0.4215 1.03124426934088
0.422 1.03173638960025
0.4225 1.0322275324399
0.423 1.03271766427388
0.4235 1.03320655765405
0.424 1.0336944760613
0.4245 1.03418142061329
0.425 1.03466739242537
0.4255 1.03515239261057
0.426 1.03563616066482
0.4265 1.03611891818554
0.427 1.0366007065001
0.4275 1.03708152671421
0.428 1.03756137993128
0.4285 1.0380400605994
0.429 1.03851767657562
0.4295 1.03899432795453
0.43 1.03947001583224
0.4305 1.03994474130259
0.431 1.04041833778769
0.4315 1.04089083139367
0.432 1.04136236497108
0.4325 1.04183293960645
0.433 1.04230255638405
0.4335 1.0427710718614
0.434 1.04323846210414
0.4345 1.04370489684706
0.435 1.04417037716714
0.4355 1.04463490413911
0.436 1.04509834175619
0.4365 1.04556064747598
0.437 1.04602200218482
0.4375 1.0464824069502
0.438 1.0469418628373
0.4385 1.04740022571398
0.439 1.04785746558491
0.4395 1.04831375889403
0.44 1.04876910669932
0.4405 1.04922351005652
0.441 1.04967680128515
0.4415 1.05012899381567
0.442 1.05058024419391
0.4425 1.05103055346838
0.443 1.05147992268537
0.4435 1.05192814533092
0.444 1.0523753088644
0.4445 1.05282153461562
0.445 1.05326682362369
0.4455 1.05371117692548
0.446 1.05415433402567
0.4465 1.05459648674091
0.447 1.05503770600459
0.4475 1.05547799284643
0.448 1.05591734829388
0.4485 1.0563554428593
0.449 1.05679260277117
0.4495 1.05722883352295
0.45 1.05766413613501
0.4505 1.0580984357588
0.451 1.05853154663968
0.4515 1.05896373159964
0.452 1.05939499165193
0.4525 1.05982532780755
0.453 1.06025457010021
0.4535 1.06068271949509
0.454 1.06110994719181
0.4545 1.06153625419432
0.455 1.06196164150436
0.4555 1.06238582940251
0.456 1.06280903487667
0.4565 1.06323132283662
0.457 1.06365269427704
0.4575 1.06407309329045
0.458 1.06449228660402
0.4585 1.06491056556101
0.459 1.06532793114905
0.4595 1.06574438435358
0.46 1.06615973404755
0.4605 1.06657401397043
0.461 1.06698738365264
0.4615 1.06739984407263
0.462 1.06781139620663
0.4625 1.06822169944483
0.463 1.06863108309731
0.4635 1.06903956058664
0.464 1.06944713288207
0.4645 1.0698536531419
0.465 1.07025906057048
0.4655 1.07066356491283
0.466 1.07106716713125
0.4665 1.07146986818586
0.467 1.07187134693814
0.4675 1.07227188784722
0.468 1.07267152968028
0.4685 1.07307027339051
0.469 1.07346797284558
0.4695 1.07386455996534
0.47 1.074260251035
0.4705 1.07465504700084
0.471 1.07504894880698
0.4715 1.0754416116229
0.472 1.07583336148163
0.4725 1.07622421923366
0.473 1.07661418581622
0.4735 1.0770030729565
0.474 1.07739089108753
0.4745 1.07777782008715
0.475 1.0781638608857
0.4755 1.07854897388433
0.476 1.07893286970186
0.4765 1.07931587934148
0.477 1.07969800372673
0.4775 1.080079243779
0.478 1.08045932695628
0.4785 1.08083842655961
0.479 1.08121664383357
0.4795 1.08159397969276
0.48 1.08197029226574
0.4805 1.08234549108794
0.481 1.08271981048419
0.4815 1.0830932513623
0.482 1.08346579482911
0.4825 1.08383710205708
0.483 1.08420753274099
0.4835 1.08457708778187
0.484 1.08494576807863
0.4845 1.08531328838254
0.485 1.08567983945149
0.4855 1.0860455177311
0.486 1.08641032411354
0.4865 1.08677407876553
0.487 1.08713675924914
0.4875 1.08749856977574
0.488 1.0878595112308
0.4885 1.08821950169361
0.489 1.08857832055399
0.4895 1.08893627226841
0.49 1.08929335771565
0.4905 1.08964957777238
0.491 1.09000455157348
0.4915 1.09035865334934
0.492 1.09071189164119
0.4925 1.09106426731903
0.493 1.09141548030319
0.4935 1.09176574094713
0.494 1.09211514086911
0.4945 1.09246368093251
0.495 1.09281113452757
0.4955 1.09315756277949
0.496 1.09350313305048
0.4965 1.0938478461973
0.497 1.09419154182072
0.4975 1.09453414635406
0.498 1.09487589562651
0.4985 1.09521679048826
0.499 1.09555672954718
0.4995 1.09589551896909
0.5 1.09623345582929
0.5005 1.09657054097139
0.501 1.09690672486265
0.5015 1.09724170771429
0.502 1.09757584068259
0.5025 1.09790912460462
0.503 1.09824155471481
0.5035 1.09857273947159
0.504 1.09890307700266
0.5045 1.09923256813857
0.505 1.09956121370783
0.5055 1.09988864091589
0.506 1.10021519139896
0.5065 1.10054089811735
0.507 1.1008657618931
0.5075 1.10118943851588
0.508 1.101512210275
0.5085 1.10183414087937
0.509 1.10215523114458
0.5095 1.10247515853482
0.51 1.10279415982909
0.5105 1.10311232255809
0.511 1.10342964753094
0.5115 1.10374582703134
0.512 1.1040610660552
0.5125 1.10437546908284
0.513 1.104689036917
0.5135 1.10500146986025
0.514 1.10531295474368
0.5145 1.10562360617965
0.515 1.1059334249645
0.5155 1.10624211267332
0.516 1.10654985148214
0.5165 1.10685675937202
0.517 1.10716283713294
0.5175 1.10746778092011
0.518 1.10777178165621
0.5185 1.10807495398173
0.519 1.10837729868034
0.5195 1.10867849984878
0.52 1.10897877045038
0.5205 1.10927821512972
0.521 1.10957683466412
0.5215 1.1098742945069
0.522 1.11017084284883
0.5225 1.11046656773681
0.523 1.11076146994187
0.5235 1.11105518974228
0.524 1.11134802363622
0.5245 1.11164003652461
0.525 1.11193122917223
0.5255 1.1122212102038
0.526 1.11251033739854
0.5265 1.1127986460163
0.527 1.11308613523804
0.5275 1.11337238034222
0.528 1.11365780852394
0.5285 1.11394242053751
0.529 1.11422617309143
0.5295 1.11450872441103
0.53 1.11479046120354
0.5305 1.11507138421707
0.531 1.11535140135095
0.5315 1.1156302664673
0.532 1.11590831943231
0.5325 1.11618556098795
0.533 1.11646184393997
0.5335 1.11673703037248
0.534 1.11701140700989
0.5345 1.11728497458805
0.535 1.11755752458684
0.5355 1.11782903979328
0.536 1.11809974754144
0.5365 1.11836964856103
0.537 1.11863846682576
0.5375 1.11890631820251
0.538 1.11917336443845
0.5385 1.1194396062572
0.539 1.11970469399757
0.5395 1.11996888887994
0.54 1.12023228091968
0.5405 1.12049487083438
0.541 1.12075622925069
0.5415 1.12101677491312
0.542 1.12127652001194
0.5425 1.12153539287442
0.543 1.1217930955419
0.5435 1.12204999919828
0.544 1.12230610455097
0.5445 1.12256125006912
0.545 1.12281531563724
0.5455 1.12306858444116
0.546 1.12332105718233
0.5465 1.12357247653158
0.547 1.12382291211288
0.5475 1.12407255315792
0.548 1.12432140036221
0.5485 1.12456909470879
0.549 1.12481590735595
0.5495 1.12506192767595
0.55 1.12530713933076
0.5505 1.12555112685928
0.551 1.12579432356545
0.5515 1.12603673013478
0.552 1.12627821871019
0.5525 1.12651859505406
0.553 1.1267581827531
0.5535 1.12699698248694
0.554 1.12723474912474
0.5545 1.12747152117746
0.555 1.12770750674424
0.5555 1.12794270649885
0.556 1.12817675233177
0.5565 1.12840992692801
0.557 1.12864231717867
0.5575 1.12887388309983
0.558 1.12910424990341
0.5585 1.12933383381933
0.559 1.12956263551156
0.5595 1.12979048249568
0.56 1.13001726322752
0.5605 1.13024326318101
0.561 1.13046848301435
0.5615 1.13069261217018
0.562 1.13091581350849
0.5625 1.13113823615948
0.563 1.13135988077558
0.5635 1.13158029320297
0.564 1.13179992176822
0.5645 1.13201877371894
0.565 1.13223670893402
0.5655 1.1324535464918
0.566 1.13266960884693
0.5665 1.13288489664222
0.567 1.13309911694227
0.5675 1.13331239275334
0.568 1.13352489540409
0.5685 1.13373662553165
0.569 1.133947131993
0.5695 1.13415685252415
0.57 1.13436580191934
0.5705 1.13457383308185
0.571 1.13478077450026
0.5715 1.13498694616155
0.572 1.13519234869333
0.5725 1.13539666779161
0.573 1.13560006469947
0.5735 1.13580269384448
0.574 1.13600453881888
0.5745 1.13620516393584
0.575 1.13640502264832
0.5755 1.13660411557449
0.576 1.13680225023506
0.5765 1.13699934145138
0.577 1.13719566822766
0.5775 1.13739123117656
0.578 1.13758565656208
0.5785 1.13777922009885
0.579 1.13797202114246
0.5795 1.13816397425083
0.58 1.13835477744075
0.5805 1.13854481946357
0.581 1.13873410092263
0.5815 1.1389223464683
0.582 1.13910963233722
0.5825 1.1392961589565
0.583 1.13948192692402
0.5835 1.13966646592309
0.584 1.13985024054384
0.5845 1.14003325781509
0.585 1.14021532634343
0.5855 1.14039635178943
0.586 1.14057662118013
0.5865 1.14075613510424
0.587 1.14093449876079
0.5875 1.1411120230693
0.588 1.14128879319366
0.5885 1.14146468748829
0.589 1.1416394694957
0.5895 1.14181349859339
0.59 1.14198677536099
0.5905 1.14215896643546
0.591 1.14233025726237
0.5915 1.14250079702198
0.592 1.14267051982793
0.5925 1.14283907512281
0.593 1.14300688060524
0.5935 1.14317393684585
0.594 1.14333995806031
0.5945 1.14350503197936
0.595 1.14366935789989
0.5955 1.14383291192401
0.596 1.14399525697648
0.5965 1.1441568552659
0.597 1.14431770735398
0.5975 1.1444775613925
0.598 1.14463643472288
0.5985 1.14479456307595
0.599 1.14495194700815
0.5995 1.14510810201378
0.6 1.1452635092793
0.6005 1.14541817333661
0.601 1.14557186284561
0.6015 1.14572455165433
0.602 1.14587649845976
0.6025 1.14602770380956
0.603 1.14617769585559
0.6035 1.14632692801551
0.604 1.14647541991346
0.6045 1.14662294750205
0.605 1.14676946760628
0.6055 1.14691524863452
0.606 1.14706029112573
0.6065 1.14720412279905
0.607 1.14734719552326
0.6075 1.14748953088526
0.608 1.14763089912558
0.6085 1.14777126609502
0.609 1.14791089686948
0.6095 1.14804979197932
0.61 1.14818746583008
0.6105 1.14832439454236
0.611 1.14846058874621
0.6115 1.14859580017382
0.612 1.14873002933304
0.6125 1.14886352513246
0.613 1.14899627453682
0.6135 1.14912780663589
0.614 1.14925860651634
0.6145 1.14938867469654
0.615 1.14951773181075
0.6155 1.14964583824157
0.616 1.1497732141024
0.6165 1.149899810183
0.617 1.1500252256175
0.6175 1.15014991160488
0.618 1.15027386865507
0.6185 1.15039677391926
0.619 1.15051877246314
0.6195 1.15064004318191
0.62 1.15076048838785
0.6205 1.15087980190234
0.621 1.15099838869644
0.6215 1.15111624927175
0.622 1.15123300511374
0.6225 1.15134891037414
0.623 1.1514640905098
0.6235 1.1515783872548
0.624 1.1516916133568
0.6245 1.15180411542082
0.625 1.15191589394023
0.6255 1.15202650275263
0.626 1.1521363290974
0.6265 1.15224543297376
0.627 1.15235358363644
0.6275 1.15246073659881
0.628 1.15256716816176
0.6285 1.15267286104973
0.629 1.15277734295106
0.6295 1.15288110451479
0.63 1.15298414622285
0.6305 1.15308615314711
0.631 1.15318724701044
0.6315 1.15328762206949
0.632 1.15338717214697
0.6325 1.15348560059337
0.633 1.15358331127981
0.6335 1.15368030468016
0.634 1.15377617017552
0.6345 1.15387121875052
0.635 1.15396555107342
0.6355 1.15405896063625
0.636 1.15415134934578
0.6365 1.1542430228302
0.637 1.15433397682241
0.6375 1.15442370789737
0.638 1.15451272476722
0.6385 1.15460102789465
0.639 1.1546882992048
0.6395 1.15477466166897
0.64 1.15486031140056
0.6405 1.15494512803547
0.641 1.15502883828791
0.6415 1.15511183681069
0.642 1.15519412405866
0.6425 1.15527525934455
0.643 1.15535560883072
0.6435 1.15543524803494
0.644 1.15551392952763
0.6445 1.1555916321346
0.645 1.15566862544565
0.6455 1.15574485349426
0.646 1.1558199113647
0.6465 1.15589426091846
0.647 1.15596790259948
0.6475 1.15604045113197
0.648 1.15611215904969
0.6485 1.15618316006399
0.649 1.15625325601602
0.6495 1.1563223244044
0.65 1.15639068685195
0.6505 1.15645833056532
0.651 1.15652476151655
0.6515 1.15659048748284
0.652 1.15665550889742
0.6525 1.15671947488915
0.653 1.15678256644528
0.6535 1.15684495439582
0.654 1.15690646899436
0.6545 1.15696692819708
0.655 1.15702668473372
0.6555 1.15708573902998
0.656 1.15714357716546
0.6565 1.15720070432408
0.657 1.15725713017219
0.6575 1.15731251774714
0.658 1.15736701754945
0.6585 1.15742081696456
0.659 1.15747375430849
0.6595 1.15752562876208
0.66 1.15757680374525
0.6605 1.15762727967326
0.661 1.15767654228407
0.6615 1.15772509482235
0.662 1.15777294921277
0.6625 1.15781976240751
0.663 1.157865694474
0.6635 1.15791092929346
0.664 1.15795529339462
0.6645 1.15799860694852
0.665 1.15804122414981
0.6655 1.15808313947788
0.666 1.15812383646457
0.6665 1.15816383798667
0.667 1.15820314444623
0.6675 1.15824138721126
0.668 1.15827877497942
0.6685 1.15831546856376
0.669 1.1583512633483
0.6695 1.1583860392741
0.67 1.1584201218885
0.6705 1.15845346900614
0.671 1.15848563498757
0.6715 1.15851710852371
0.672 1.15854789000656
0.6725 1.1585775662076
0.673 1.15860643254366
0.6735 1.15863460768341
0.674 1.15866183699305
0.6745 1.15868809799376
0.675 1.15871366864893
0.6755 1.15873845137398
0.676 1.1587621088907
0.6765 1.15878507690644
0.677 1.1588073558033
0.6775 1.15882846922257
0.678 1.15884883643076
0.6785 1.15886851535566
0.679 1.15888718294901
0.6795 1.1589049511683
0.68 1.15892203193377
0.6805 1.15893825400133
0.681 1.15895342503721
0.6815 1.15896790944265
0.682 1.15898168628267
0.6825 1.15899426192753
0.683 1.15900615175928
0.6835 1.15901735614751
0.684 1.15902746570132
0.6845 1.1590367627327
0.685 1.15904537512911
0.6855 1.15905304019278
0.686 1.15905974618419
0.6865 1.15906576834318
0.687 1.1590709892084
0.6875 1.15907510590736
0.688 1.15907853957049
0.6885 1.15908129055786
0.689 1.15908284566831
0.6895 1.15908369256435
0.69 1.1590838575726
0.6905 1.15908296920576
0.691 1.15908123105077
0.6915 1.15907881179005
0.692 1.15907548023119
0.6925 1.15907115872856
0.693 1.15906615689643
0.6935 1.15906038242897
0.694 1.15905347926949
0.6945 1.15904589655092
0.695 1.15903763462132
0.6955 1.15902819631843
0.696 1.1590180343859
0.6965 1.15900719400428
0.697 1.15899531349345
0.6975 1.15898257400699
0.698 1.15896915682764
0.6985 1.158954834386
0.699 1.15893951899325
0.6995 1.15892352665811
0.7 1.15890676256098
0.7005 1.15888887289731
0.701 1.15887030703602
0.7015 1.15885106531343
0.702 1.15883063924544
0.7025 1.15880950147544
0.703 1.15878768858066
0.7035 1.15876482153777
0.704 1.15874111346432
0.7045 1.15871673099701
0.705 1.15869142324837
0.7055 1.15866514646464
0.706 1.15863819601236
0.7065 1.15861044782538
0.707 1.1585816039125
0.7075 1.15855208705084
0.708 1.15852189756523
0.7085 1.15849048921831
0.709 1.1584584075109
0.7095 1.15842565389121
0.71 1.15839180576687
0.7105 1.15835716076545
0.711 1.15832184455796
0.7115 1.15828555691755
0.712 1.15824835016204
0.7125 1.1582104729012
0.713 1.15817174600437
0.7135 1.15813197902293
0.714 1.15809154223149
0.7145 1.15805037633617
0.715 1.15800805064528
0.7155 1.15796505583429
0.716 1.15792139221434
0.7165 1.15787656830122
0.717 1.15783101697016
0.7175 1.15778479751219
0.718 1.15773753523805
0.7185 1.15768942887482
0.719 1.15764065506142
0.7195 1.1575909546783
0.72 1.15754029475933
0.7205 1.15748896806164
0.721 1.15743682981992
0.7215 1.15738361781022
0.722 1.15732973968797
0.7225 1.15727516383637
0.723 1.15721940118959
0.7235 1.15716297309118
0.724 1.15710587983894
0.7245 1.15704764803528
0.725 1.15698867139783
0.7255 1.15692903025987
0.726 1.15686836146094
0.7265 1.15680683771039
0.727 1.15674465010745
0.7275 1.15668154455624
0.728 1.15661747510735
0.7285 1.15655274244907
0.729 1.15648720038693
0.7295 1.15642058664339
0.73 1.15635331032832
0.7305 1.15628533199501
0.731 1.15621617534947
0.7315 1.15614635676518
0.732 1.15607587652705
0.7325 1.156004244233
0.733 1.15593188475611
0.7335 1.15585886425077
0.734 1.15578479627791
0.7345 1.15570989727417
0.735 1.15563433786235
0.7355 1.15555783444485
0.736 1.15548039726919
0.7365 1.15540230030082
0.737 1.15532336167127
0.7375 1.15524338766785
0.738 1.15516275448214
0.7385 1.15508138087154
0.739 1.15499887137384
0.7395 1.15491570329931
0.74 1.15483187692038
0.7405 1.15474685126797
0.741 1.15466114962256
0.7415 1.15457479027105
0.742 1.15448733020832
0.7425 1.15439909629939
0.743 1.1543102052778
0.7435 1.15422031103035
0.744 1.15412954615477
0.7445 1.15403812475515
0.745 1.153945796547
0.7455 1.15385250199122
0.746 1.1537585514952
0.7465 1.15366378954889
0.747 1.15356796658899
0.7475 1.15347148826784
0.748 1.15337429280438
0.7485 1.1532759427061
0.749 1.15317693782083
0.7495 1.15307727840668
0.75 1.15297643307855
0.7505 1.15287490287993
0.751 1.15277271871979
0.7515 1.15266944042041
0.752 1.15256538614905
0.7525 1.15246067847881
0.753 1.15235496742393
0.7535 1.15224839031032
0.754 1.15214116035583
0.7545 1.15203301675971
0.755 1.15192391802428
0.7555 1.15181416700134
0.756 1.15170359107676
0.7565 1.15159197192997
0.757 1.15147970104442
0.7575 1.1513666930027
0.758 1.15125255464505
0.7585 1.15113776509283
0.759 1.15102232459036
0.7595 1.15090566876595
0.76 1.15078836173313
0.7605 1.15067040428759
0.761 1.15055131686796
0.7615 1.15043149353082
0.762 1.150311020314
0.7625 1.15018950150537
0.763 1.15006716303048
0.7635 1.14994417520444
0.764 1.14982022521161
0.7645 1.14969537275585
0.765 1.149569871473
0.7655 1.14944349049935
0.766 1.14931612520996
0.7665 1.14918811161314
0.767 1.14905929986061
0.7675 1.1489294228753
0.768 1.14879889809779
0.7685 1.14866765576692
0.769 1.14853526821388
0.7695 1.14840223337949
0.77 1.14826855149282
0.7705 1.14813366366739
0.771 1.14799811989051
0.7715 1.14786192956585
0.772 1.1477246116573
0.7725 1.14758656004295
0.773 1.14744786238103
0.7735 1.14730811458501
0.774 1.14716755622891
0.7745 1.14702635232114
0.775 1.14688417483194
0.7755 1.14674111082055
0.776 1.14659740174914
0.7765 1.14645279475965
0.777 1.14630722617025
0.7775 1.14616101300822
0.778 1.14601397670999
0.7785 1.14586590461071
0.779 1.145717188422
0.7795 1.1455677230052
0.78 1.14541714845508
0.7805 1.14526593029454
0.781 1.14511403594801
0.7815 1.14496095999708
0.782 1.14480724091058
0.7825 1.14465287890112
0.783 1.14449734151112
0.7835 1.14434112253557
0.784 1.1441842611059
0.7845 1.14402629525239
0.785 1.14386757741583
0.7855 1.14370821758988
0.786 1.14354782345703
0.7865 1.14338660777865
0.787 1.14322475057154
0.7875 1.1430619283422
0.788 1.14289821583241
0.7885 1.14273386225052
0.789 1.14256861210624
0.7895 1.14240240376672
0.79 1.14223555480772
0.7905 1.14206787692872
0.791 1.1418991737525
0.7915 1.14172983040541
0.792 1.14155972497064
0.7925 1.14138852794212
0.793 1.14121669118739
0.7935 1.1410441583745
0.794 1.14087046846952
0.7945 1.14069613927904
0.795 1.14052117100006
0.7955 1.1403449974503
0.796 1.14016817678749
0.7965 1.13999071747119
0.797 1.13981211698187
0.7975 1.13963280580172
0.798 1.13945285639922
0.7985 1.13927182914353
0.799 1.13909002839267
0.7995 1.13890758984673
0.8 1.13872413599662
0.8005 1.13853984661334
0.801 1.13835491985843
0.8015 1.13816903958459
0.802 1.13798226249893
0.8025 1.13779484846128
0.803 1.13760654193318
0.8035 1.13741727806695
0.804 1.13722737766461
0.8045 1.13703664505045
0.805 1.13684489531731
0.8055 1.13665250946018
0.806 1.13645935092696
0.8065 1.13626511623248
0.807 1.13607024582238
0.8075 1.13587466153587
0.808 1.13567794277753
0.8085 1.13548058870827
0.809 1.13528257883301
0.8095 1.13508337690032
0.81 1.13488354005771
0.8105 1.13468306848403
0.811 1.13448142053157
0.8115 1.1342791017935
0.812 1.13407614872005
0.8125 1.13387207558496
0.813 1.13366727582146
0.8135 1.13346184211463
0.814 1.13325534395728
0.8145 1.13304806403054
0.815 1.13284015054895
0.8155 1.13263122752851
0.816 1.13242146829297
0.8165 1.13221107588748
0.817 1.13199972816194
0.8175 1.13178749046433
0.818 1.13157461997809
0.8185 1.13136084770429
0.819 1.13114613238365
0.8195 1.13093078465221
0.82 1.13071458798581
0.8205 1.13049739587357
0.821 1.13027957172487
0.8215 1.13006095082037
0.822 1.12984128274042
0.8225 1.12962098299485
0.823 1.12939993800562
0.8235 1.12917779477431
0.824 1.12895502024479
0.8245 1.12873155132303
0.825 1.12850693374927
0.8255 1.12828168524127
0.826 1.12805579253807
0.8265 1.12782870142335
0.827 1.12760097973496
0.8275 1.12737262763328
0.828 1.12714309953872
0.8285 1.12691290546068
0.829 1.12668208132501
0.8295 1.12645012982176
0.83 1.12621746413754
0.8305 1.12598416874799
0.831 1.12574979398322
0.8315 1.12551465746905
0.832 1.12527889159853
0.8325 1.12504209371827
0.833 1.1248044871432
0.8335 1.12456625155744
0.834 1.12432703070664
0.8345 1.12408695483256
0.835 1.1238462502902
0.8355 1.12360460661271
0.836 1.12336206219445
0.8365 1.12311888944703
0.837 1.12287482308562
0.8375 1.12262981087095
0.838 1.12238417066303
0.8385 1.12213768175938
0.839 1.12189020248908
0.8395 1.12164209555825
0.84 1.12139318425296
0.8405 1.12114323866088
0.841 1.12089266573779
0.8415 1.1206413321704
0.842 1.1203889209835
0.8425 1.12013588279194
0.843 1.11988212710094
0.8435 1.11962725103933
0.844 1.11937174829627
0.8445 1.11911557061907
0.845 1.11885823039606
0.8455 1.11860026381169
0.846 1.11834166428468
0.8465 1.11808186060683
0.847 1.11782143088463
0.8475 1.11756037525864
0.848 1.11729814321032
0.8485 1.11703525104708
0.849 1.11677173329257
0.8495 1.11650707973081
0.85 1.1162417258167
0.8505 1.11597574662081
0.851 1.11570867167836
0.8515 1.11544085669695
0.852 1.11517241674023
0.8525 1.11490292054883
0.853 1.11463264517717
0.8535 1.11436174513367
0.854 1.11408982782404
0.8545 1.11381709273268
0.855 1.11354373326998
0.8555 1.11326939497182
0.856 1.11299420082488
0.8565 1.11271838260414
0.857 1.11244162344617
0.8575 1.11216397090136
0.858 1.11188569457737
0.8585 1.11160651468729
0.859 1.11132640439599
0.8595 1.1110456706172
0.86 1.11076407012173
0.8605 1.11048150272901
0.861 1.11019831213761
0.8615 1.10991429116249
0.862 1.10962926730715
0.8625 1.10934362053908
0.863 1.10905717920906
0.8635 1.10876969952371
0.864 1.10848159720872
0.8645 1.10819273564761
0.865 1.10790280075867
0.8655 1.10761224352037
0.866 1.10732096185097
0.8665 1.10702857237878
0.867 1.10673556083468
0.8675 1.10644185917886
0.868 1.10614701573763
0.8685 1.10585155049919
0.869 1.10555542897786
0.8695 1.10525813217582
0.87 1.10496021384848
0.8705 1.10466167258161
0.871 1.10436192302096
0.8715 1.10406155220422
0.872 1.10376056025019
0.8725 1.10345838958786
0.873 1.10315556687528
0.8735 1.10285212329063
0.874 1.10254753317855
0.8745 1.1022422591578
0.875 1.10193636452754
0.8755 1.10162935508239
0.876 1.10132163033535
0.8765 1.10101328523866
0.877 1.10070385657622
0.8775 1.10039368167895
0.878 1.10008288668925
0.8785 1.09977103892437
0.879 1.0994584144472
0.8795 1.09914517013219
0.88 1.09883090337882
0.8805 1.09851582988637
0.881 1.09820013680806
0.8815 1.09788345117924
0.882 1.09756592923048
0.8825 1.09724778794527
0.883 1.09692868355314
0.8835 1.09660871370143
0.884 1.09628812476009
0.8845 1.09596660171591
0.885 1.09564418450902
0.8855 1.0953211484568
0.886 1.09499720687092
0.8865 1.09467234285113
0.887 1.09434686022774
0.8875 1.09402050020966
0.888 1.09369318991372
0.8885 1.09336526125344
0.889 1.09303648291176
0.8895 1.09270672687101
0.89 1.09237635270267
0.8905 1.09204515614513
0.891 1.09171295488549
0.8915 1.09138013573254
0.892 1.09104652106602
0.8925 1.09071187510806
0.893 1.09037661148862
0.8935 1.09004057881914
0.894 1.0897034886781
0.8945 1.089365781105
0.895 1.08902733053771
0.8955 1.08868779672357
0.896 1.08834764570437
0.8965 1.08800677734359
0.897 1.08766480036109
0.8975 1.08732220639812
0.898 1.08697892034734
0.8985 1.08663450069602
0.899 1.08628946428646
0.8995 1.08594376064831
0.9 1.08559689882256
0.9005 1.08524942045845
0.901 1.08490129933473
0.9015 1.08455199582383
0.902 1.08420207599211
0.9025 1.08385153748382
0.903 1.08349979277198
0.9035 1.08314743195453
0.904 1.08279445512582
0.9045 1.08244029072821
0.905 1.08208548940193
0.9055 1.08173007227627
0.906 1.08137349074296
0.9065 1.08101624937974
0.907 1.08065839242675
0.9075 1.08029939385589
0.908 1.0799397129227
0.9085 1.07957941660712
0.909 1.07921800109603
0.9095 1.07885588105496
0.91 1.07849314583661
0.9105 1.07812931348185
0.911 1.07776475479011
0.9115 1.07739958112402
0.912 1.07703333202132
0.9125 1.07666633513133
0.913 1.0762987234677
0.9135 1.07593005771203
0.914 1.07556062307142
0.9145 1.07519057385571
0.915 1.07481949154127
0.9155 1.07444761959293
0.916 1.07407513326587
0.9165 1.07370163448605
0.917 1.07332732566818
0.9175 1.07295240266583
0.918 1.07257648751329
0.9185 1.07219974225943
0.919 1.07182238301319
0.9195 1.0714440515798
0.92 1.07106487031886
0.9205 1.07068507525555
0.921 1.07030432763242
0.9215 1.06992271078873
0.922 1.06954048033058
0.9225 1.06915731660808
0.923 1.06877326460142
0.9235 1.06838859916616
0.924 1.06800301943389
0.9245 1.06761653267955
0.925 1.06722943268038
0.9255 1.06684143702723
0.926 1.066452515936
0.9265 1.06606298178169
0.927 1.06567257029578
0.9275 1.06528121527404
0.928 1.06488924736894
0.9285 1.06449642013767
0.929 1.06410263158738
0.9295 1.06370823033146
0.93 1.0633129874415
0.9305 1.06291676576027
0.931 1.06251993154915
0.9315 1.06212227308645
0.932 1.06172361866757
0.9325 1.06132435189257
0.933 1.06092427794235
0.9335 1.06052319117482
0.934 1.06012149222299
0.9345 1.05971900286976
0.935 1.05931548413832
0.9355 1.05891135339247
0.936 1.05850644872004
0.9365 1.05810049840522
0.937 1.05769393624395
0.9375 1.05728661633543
0.938 1.05687823481358
0.9385 1.05646924161135
0.939 1.05605950654912
0.9395 1.05564869419245
0.94 1.05523727031958
0.9405 1.05482512018536
0.941 1.05441187736197
0.9415 1.05399802318468
0.942 1.05358345805947
0.9425 1.05316778513338
0.943 1.05275150101384
0.9435 1.05233452097799
0.944 1.05191641830918
0.9445 1.05149770460554
0.945 1.0510783097387
0.9455 1.05065777768315
0.946 1.05023663474957
0.9465 1.0498148251307
0.947 1.04939186404042
0.9475 1.0489682922271
0.948 1.04854406793453
0.9485 1.04811867815759
0.949 1.04769267781081
0.9495 1.04726603892217
0.95 1.04683822080274
0.9505 1.04640979226491
0.951 1.04598073885717
0.9515 1.04555049273556
0.952 1.04511963634523
0.9525 1.04468816849472
0.953 1.0442554947074
0.9535 1.04382221079928
0.954 1.0433883168343
0.9545 1.04295322746132
0.955 1.04251751636636
0.9555 1.04208119535997
0.956 1.04164369173218
0.9565 1.04120555377759
0.957 1.04076680605528
0.9575 1.04032688824675
0.958 1.03988632375599
0.9585 1.03944514963955
0.959 1.0390028177237
0.9595 1.03855982701656
0.96 1.0381162268241
0.9605 1.03767148087373
0.961 1.03722606426635
0.9615 1.03678003831236
0.962 1.03633287839963
0.9625 1.03588503620452
0.963 1.03543658479986
0.9635 1.03498701099633
0.964 1.03453674352241
0.9645 1.03408586697439
0.965 1.03363387935098
0.9655 1.03318118690364
0.966 1.03272788551601
0.9665 1.03227348414303
0.967 1.0318183670241
0.9675 1.03136264109712
0.968 1.03090582604428
0.9685 1.03044828455213
0.969 1.02999013438256
0.9695 1.02953090571896
0.97 1.02907094014847
0.9705 1.02861036602964
0.971 1.02814872382378
0.9715 1.02768633446643
0.972 1.02722333668824
0.9725 1.02675928100803
0.973 1.02629446815188
0.9735 1.02582904700086
0.974 1.02536257791361
0.9745 1.02489534184335
0.975 1.02442749760268
0.9755 1.02395861517512
0.976 1.02348895617211
0.9765 1.02301868912163
0.977 1.0225473934199
0.9775 1.0220753117622
0.978 1.02160262217846
0.9785 1.02112891326813
0.979 1.02065440923052
0.9795 1.02017929738683
0.98 1.01970317533289
0.9805 1.01922624918688
0.981 1.0187487153533
0.9815 1.01827018022017
0.982 1.0177908322341
0.9825 1.01731087667748
0.983 1.01682992852901
0.9835 1.016348158968
0.984 1.01586578195203
0.9845 1.01538242085151
0.985 1.01489822997754
0.9855 1.01441343176276
0.986 1.01392765777294
0.9865 1.01344104584484
0.987 1.01295382668868
0.9875 1.01246563987174
0.988 1.01197660714526
0.9885 1.01148696730207
0.989 1.01099636771963
0.9895 1.01050491444745
0.99 1.01001285416853
0.9905 1.00951984188168
0.991 1.00902596831344
0.9915 1.00853148784703
0.992 1.00803606291632
0.9925 1.00753976929863
0.993 1.00704286889001
0.9935 1.00654503137545
0.994 1.00604631795196
0.9945 1.00554699784341
0.995 1.00504674780447
0.9955 1.00454561481587
0.996 1.00404387524675
0.9965 1.00354121274237
0.997 1.00303766042642
0.9975 1.00253350163315
0.998 1.00202842672177
0.9985 1.00152245531332
0.999 1.00101587752946
0.9995 1.00050839026897
1 1
