"EPS" "T"
5e-04 2.80533324583662
0.001 2.62230108417573
0.0015 2.51025477988903
0.002 2.42882982584217
0.0025 2.36410742647159
0.003 2.31052006355186
0.0035 2.26528397797028
0.004 2.22491947083594
0.0045 2.18942654214884
0.005 2.15741331235264
0.0055 2.12818384166916
0.006 2.10173813009838
0.0065 2.07668429808396
0.007 2.05371828540408
0.0075 2.03214415228055
0.008 2.01196189871338
0.0085 1.99247558492439
0.009 1.97438115069176
0.0095 1.9569826562373
0.01 1.94028010156102
0.0105 1.9249694264411
0.011 1.90965875132118
0.0115 1.89573995575761
0.012 1.88182116019405
0.0125 1.86859830440866
0.013 1.85537544862327
0.0135 1.84284853261606
0.014 1.83101755638703
0.0145 1.81988251993618
0.015 1.80805154370715
0.0155 1.79761244703448
0.016 1.7871733503618
0.0165 1.77673425368913
0.017 1.76699109679463
0.0175 1.75724793990014
0.018 1.74750478300564
0.0185 1.73845756588932
0.019 1.72941034877301
0.0195 1.72036313165669
0.02 1.71201185431855
0.0205 1.70366057698041
0.021 1.69530929964227
0.0215 1.68765396208231
0.022 1.67999862452235
0.0225 1.67234328696239
0.023 1.66468794940243
0.0235 1.65703261184247
0.024 1.65007321406068
0.0245 1.6431138162789
0.025 1.63615441849712
0.0255 1.62919502071534
0.026 1.62223562293355
0.0265 1.61597216492995
0.027 1.60901276714817
0.0275 1.60274930914456
0.028 1.59648585114096
0.0285 1.59022239313735
0.029 1.58465487491193
0.0295 1.57839141690832
0.03 1.5728238986829
0.0305 1.56656044067929
0.031 1.56099292245386
0.0315 1.55542540422844
0.032 1.54985788600301
0.0325 1.54429036777759
0.033 1.53941878933034
0.0335 1.53385127110491
0.034 1.52828375287949
0.0345 1.52341217443224
0.035 1.51854059598499
0.0355 1.51297307775956
0.036 1.50810149931232
0.0365 1.50322992086507
0.037 1.49835834241782
0.0375 1.49348676397057
0.038 1.4893111253015
0.0385 1.48443954685425
0.039 1.47956796840701
0.0395 1.47539232973794
0.04 1.47052075129069
0.0405 1.46634511262162
0.041 1.46216947395255
0.0415 1.4572978955053
0.042 1.45312225683623
0.0425 1.44894661816716
0.043 1.44477097949809
0.0435 1.44059534082902
0.044 1.43641970215995
0.0445 1.43224406349088
0.045 1.42806842482181
0.0455 1.42389278615274
0.046 1.42041308726185
0.0465 1.41623744859278
0.047 1.41275774970189
0.0475 1.40858211103282
0.048 1.40510241214193
0.0485 1.40092677347286
0.049 1.39744707458197
0.0495 1.3932714359129
0.05 1.38979173702201
0.0505 1.38631203813112
0.051 1.38283233924023
0.0515 1.37935264034934
0.052 1.37517700168027
0.0525 1.37169730278937
0.053 1.36821760389848
0.0535 1.36473790500759
0.054 1.3612582061167
0.0545 1.35847444700399
0.055 1.3549947481131
0.0555 1.3515150492222
0.056 1.34803535033131
0.0565 1.34455565144042
0.057 1.34177189232771
0.0575 1.33829219343682
0.058 1.33481249454593
0.0585 1.33202873543321
0.059 1.32854903654232
0.0595 1.32576527742961
0.06 1.32228557853872
0.0605 1.319501819426
0.061 1.31671806031329
0.0615 1.3132383614224
0.062 1.31045460230969
0.0625 1.3069749034188
0.063 1.30419114430608
0.0635 1.30140738519337
0.064 1.29862362608066
0.0645 1.29583986696794
0.065 1.29236016807705
0.0655 1.28957640896434
0.066 1.28679264985163
0.0665 1.28400889073891
0.067 1.2812251316262
0.0675 1.27844137251349
0.068 1.27565761340077
0.0685 1.27287385428806
0.069 1.27009009517535
0.0695 1.26730633606263
0.07 1.26452257694992
0.0705 1.26173881783721
0.071 1.25965099850267
0.0715 1.25686723938996
0.072 1.25408348027725
0.0725 1.25129972116453
0.073 1.24851596205182
0.0735 1.24642814271729
0.074 1.24364438360457
0.0745 1.24086062449186
0.075 1.23877280515732
0.0755 1.23598904604461
0.076 1.2332052869319
0.0765 1.23111746759736
0.077 1.22833370848465
0.0775 1.22624588915012
0.078 1.2234621300374
0.0785 1.22137431070287
0.079 1.21859055159015
0.0795 1.21650273225562
0.08 1.21371897314291
0.0805 1.21163115380837
0.081 1.20884739469566
0.0815 1.20675957536112
0.082 1.20467175602659
0.0825 1.20188799691388
0.083 1.19980017757934
0.0835 1.19701641846663
0.084 1.19492859913209
0.0845 1.19284077979756
0.085 1.19075296046302
0.0855 1.18796920135031
0.086 1.18588138201578
0.0865 1.18379356268124
0.087 1.18170574334671
0.0875 1.17961792401217
0.088 1.17683416489946
0.0885 1.17474634556492
0.089 1.17265852623039
0.0895 1.17057070689585
0.09 1.16848288756132
0.0905 1.16639506822678
0.091 1.16430724889225
0.0915 1.16221942955771
0.092 1.16013161022318
0.0925 1.15734785111047
0.093 1.15526003177593
0.0935 1.1531722124414
0.094 1.15108439310686
0.0945 1.14899657377233
0.095 1.14760469421597
0.0955 1.14551687488144
0.096 1.1434290555469
0.0965 1.14134123621237
0.097 1.13925341687783
0.0975 1.1371655975433
0.098 1.13507777820876
0.0985 1.13298995887423
0.099 1.13090213953969
0.0995 1.12881432020516
0.1 1.1274224406488
0.1005 1.12533462131427
0.101 1.12324680197973
0.1015 1.1211589826452
0.102 1.11907116331066
0.1025 1.11767928375431
0.103 1.11559146441977
0.1035 1.11350364508524
0.104 1.1114158257507
0.1045 1.11002394619434
0.105 1.10793612685981
0.1055 1.10584830752527
0.106 1.10445642796892
0.1065 1.10236860863438
0.107 1.10028078929985
0.1075 1.09888890974349
0.108 1.09680109040896
0.1085 1.09471327107442
0.109 1.09332139151807
0.1095 1.09123357218353
0.11 1.089145752849
0.1105 1.08775387329264
0.111 1.0856660539581
0.1115 1.08427417440175
0.112 1.08218635506721
0.1125 1.08079447551086
0.113 1.07870665617632
0.1135 1.07731477661997
0.114 1.07522695728543
0.1145 1.0731391379509
0.115 1.07174725839454
0.1155 1.07035537883818
0.116 1.06826755950365
0.1165 1.06687567994729
0.117 1.06478786061276
0.1175 1.0633959810564
0.118 1.06130816172187
0.1185 1.05991628216551
0.119 1.05782846283097
0.1195 1.05643658327462
0.12 1.05434876394008
0.1205 1.05295688438373
0.121 1.05156500482737
0.1215 1.04947718549283
0.122 1.04808530593648
0.1225 1.04669342638012
0.123 1.04460560704559
0.1235 1.04321372748923
0.124 1.04182184793287
0.1245 1.03973402859834
0.125 1.03834214904198
0.1255 1.03695026948563
0.126 1.03486245015109
0.1265 1.03347057059473
0.127 1.03207869103838
0.1275 1.02999087170384
0.128 1.02859899214749
0.1285 1.02720711259113
0.129 1.02581523303477
0.1295 1.02372741370024
0.13 1.02233553414388
0.1305 1.02094365458753
0.131 1.01955177503117
0.1315 1.01746395569663
0.132 1.01607207614028
0.1325 1.01468019658392
0.133 1.01328831702756
0.1335 1.01120049769303
0.134 1.00980861813667
0.1345 1.00841673858032
0.135 1.00702485902396
0.1355 1.0056329794676
0.136 1.00424109991125
0.1365 1.00215328057671
0.137 1.00076140102036
0.1375 0.999369521463999
0.138 0.997977641907642
0.1385 0.996585762351286
0.139 0.995193882794929
0.1395 0.993802003238573
0.14 0.992410123682216
0.1405 0.990322304347681
0.141 0.988930424791325
0.1415 0.987538545234968
0.142 0.986146665678612
0.1425 0.984754786122255
0.143 0.983362906565899
0.1435 0.981971027009542
0.144 0.980579147453186
0.1445 0.979187267896829
0.145 0.977795388340472
0.1455 0.976403508784116
0.146 0.975011629227759
0.1465 0.973619749671403
0.147 0.972227870115046
0.1475 0.97083599055869
0.148 0.969444111002333
0.1485 0.968052231445977
0.149 0.96666035188962
0.1495 0.965268472333264
0.15 0.963876592776907
0.1505 0.96248471322055
0.151 0.961092833664194
0.1515 0.959700954107837
0.152 0.958309074551481
0.1525 0.956917194995124
0.153 0.955525315438768
0.1535 0.954133435882411
0.154 0.952741556326055
0.1545 0.951349676769698
0.155 0.949957797213342
0.1555 0.948565917656985
0.156 0.947174038100628
0.1565 0.945782158544272
0.157 0.945086218766094
0.1575 0.943694339209737
0.158 0.942302459653381
0.1585 0.940910580097024
0.159 0.939518700540667
0.1595 0.938126820984311
0.16 0.936734941427954
0.1605 0.935343061871598
0.161 0.933951182315241
0.1615 0.933255242537063
0.162 0.931863362980706
0.1625 0.93047148342435
0.163 0.929079603867993
0.1635 0.927687724311637
0.164 0.92629584475528
0.1645 0.925599904977102
0.165 0.924208025420745
0.1655 0.922816145864389
0.166 0.921424266308032
0.1665 0.920032386751676
0.167 0.918640507195319
0.1675 0.917944567417141
0.168 0.916552687860784
0.1685 0.915160808304428
0.169 0.913768928748071
0.1695 0.912377049191715
0.17 0.911681109413537
0.1705 0.91028922985718
0.171 0.908897350300823
0.1715 0.907505470744467
0.172 0.906809530966289
0.1725 0.905417651409932
0.173 0.904025771853576
0.1735 0.902633892297219
0.174 0.901937952519041
0.1745 0.900546072962684
0.175 0.899154193406328
0.1755 0.897762313849971
0.176 0.897066374071793
0.1765 0.895674494515436
0.177 0.89428261495908
0.1775 0.892890735402723
0.178 0.892194795624545
0.1785 0.890802916068188
0.179 0.889411036511832
0.1795 0.888715096733654
0.18 0.887323217177297
0.1805 0.88593133762094
0.181 0.885235397842762
0.1815 0.883843518286406
0.182 0.882451638730049
0.1825 0.881755698951871
0.183 0.880363819395514
0.1835 0.878971939839158
0.184 0.877580060282801
0.1845 0.876884120504623
0.185 0.875492240948266
0.1855 0.874796301170088
0.186 0.873404421613732
0.1865 0.872012542057375
0.187 0.871316602279197
0.1875 0.86992472272284
0.188 0.868532843166484
0.1885 0.867836903388305
0.189 0.866445023831949
0.1895 0.865053144275592
0.19 0.864357204497414
0.1905 0.862965324941057
0.191 0.862269385162879
0.1915 0.860877505606523
0.192 0.859485626050166
0.1925 0.858789686271988
0.193 0.857397806715631
0.1935 0.856701866937453
0.194 0.855309987381097
0.1945 0.85391810782474
0.195 0.853222168046562
0.1955 0.851830288490205
0.196 0.851134348712027
0.1965 0.84974246915567
0.197 0.848350589599314
0.1975 0.847654649821135
0.198 0.846262770264779
0.1985 0.845566830486601
0.199 0.844174950930244
0.1995 0.843479011152066
0.2 0.842087131595709
0.2005 0.841391191817531
0.201 0.839999312261175
0.2015 0.838607432704818
0.202 0.83791149292664
0.2025 0.836519613370283
0.203 0.835823673592105
0.2035 0.834431794035748
0.204 0.83373585425757
0.2045 0.832343974701213
0.205 0.831648034923035
0.2055 0.830256155366679
0.206 0.8295602155885
0.2065 0.828168336032144
0.207 0.827472396253966
0.2075 0.826080516697609
0.208 0.825384576919431
0.2085 0.823992697363074
0.209 0.823296757584896
0.2095 0.821904878028539
0.21 0.821208938250361
0.2105 0.819817058694005
0.211 0.819121118915826
0.2115 0.81772923935947
0.212 0.817033299581292
0.2125 0.815641420024935
0.213 0.814945480246757
0.2135 0.8135536006904
0.214 0.812857660912222
0.2145 0.811465781355865
0.215 0.810769841577687
0.2155 0.810073901799509
0.216 0.808682022243152
0.2165 0.807986082464974
0.217 0.806594202908617
0.2175 0.805898263130439
0.218 0.804506383574083
0.2185 0.803810443795904
0.219 0.802418564239548
0.2195 0.80172262446137
0.22 0.801026684683191
0.2205 0.799634805126835
0.221 0.798938865348656
0.2215 0.7975469857923
0.222 0.796851046014122
0.2225 0.795459166457765
0.223 0.794763226679587
0.2235 0.794067286901408
0.224 0.792675407345052
0.2245 0.791979467566874
0.225 0.790587588010517
0.2255 0.789891648232339
0.226 0.789195708454161
0.2265 0.787803828897804
0.227 0.787107889119626
0.2275 0.785716009563269
0.228 0.785020069785091
0.2285 0.784324130006913
0.229 0.782932250450556
0.2295 0.782236310672378
0.23 0.780844431116021
0.2305 0.780148491337843
0.231 0.779452551559665
0.2315 0.778060672003308
0.232 0.77736473222513
0.2325 0.776668792446952
0.233 0.775276912890595
0.2335 0.774580973112417
0.234 0.77318909355606
0.2345 0.772493153777882
0.235 0.771797213999704
0.2355 0.770405334443347
0.236 0.769709394665169
0.2365 0.769013454886991
0.237 0.767621575330634
0.2375 0.766925635552456
0.238 0.766229695774278
0.2385 0.764837816217921
0.239 0.764141876439743
0.2395 0.763445936661565
0.24 0.762054057105208
0.2405 0.76135811732703
0.241 0.760662177548851
0.2415 0.759270297992495
0.242 0.758574358214317
0.2425 0.757878418436138
0.243 0.756486538879782
0.2435 0.755790599101604
0.244 0.755094659323425
0.2445 0.753702779767069
0.245 0.753006839988891
0.2455 0.752310900210712
0.246 0.751614960432534
0.2465 0.750223080876177
0.247 0.749527141097999
0.2475 0.748831201319821
0.248 0.747439321763464
0.2485 0.746743381985286
0.249 0.746047442207108
0.2495 0.744655562650751
0.25 0.743959622872573
0.2505 0.743263683094395
0.251 0.742567743316216
0.2515 0.74117586375986
0.252 0.740479923981682
0.2525 0.739783984203503
0.253 0.738392104647147
0.2535 0.737696164868968
0.254 0.73700022509079
0.2545 0.736304285312612
0.255 0.734912405756255
0.2555 0.734216465978077
0.256 0.733520526199899
0.2565 0.732824586421721
0.257 0.731432706865364
0.2575 0.730736767087186
0.258 0.730040827309008
0.2585 0.729344887530829
0.259 0.727953007974473
0.2595 0.727257068196294
0.26 0.726561128418116
0.2605 0.725865188639938
0.261 0.724473309083581
0.2615 0.723777369305403
0.262 0.723081429527225
0.2625 0.722385489749046
0.263 0.72099361019269
0.2635 0.720297670414512
0.264 0.719601730636333
0.2645 0.718905790858155
0.265 0.717513911301799
0.2655 0.71681797152362
0.266 0.716122031745442
0.2665 0.715426091967264
0.267 0.714730152189086
0.2675 0.713338272632729
0.268 0.712642332854551
0.2685 0.711946393076372
0.269 0.711250453298194
0.2695 0.709858573741838
0.27 0.709162633963659
0.2705 0.708466694185481
0.271 0.707770754407303
0.2715 0.707074814629124
0.272 0.705682935072768
0.2725 0.70498699529459
0.273 0.704291055516411
0.2735 0.703595115738233
0.274 0.702899175960055
0.2745 0.701507296403698
0.275 0.70081135662552
0.2755 0.700115416847342
0.276 0.699419477069164
0.2765 0.698723537290985
0.277 0.697331657734629
0.2775 0.69663571795645
0.278 0.695939778178272
0.2785 0.695243838400094
0.279 0.694547898621916
0.2795 0.693851958843737
0.28 0.692460079287381
0.2805 0.691764139509203
0.281 0.691068199731024
0.2815 0.690372259952846
0.282 0.689676320174668
0.2825 0.688980380396489
0.283 0.687588500840133
0.2835 0.686892561061955
0.284 0.686196621283776
0.2845 0.685500681505598
0.285 0.68480474172742
0.2855 0.684108801949242
0.286 0.682716922392885
0.2865 0.682020982614707
0.287 0.681325042836529
0.2875 0.68062910305835
0.288 0.679933163280172
0.2885 0.679237223501994
0.289 0.678541283723815
0.2895 0.677149404167459
0.29 0.676453464389281
0.2905 0.675757524611102
0.291 0.675061584832924
0.2915 0.674365645054746
0.292 0.673669705276567
0.2925 0.672973765498389
0.293 0.671581885942033
0.2935 0.670885946163854
0.294 0.670190006385676
0.2945 0.669494066607498
0.295 0.66879812682932
0.2955 0.668102187051141
0.296 0.667406247272963
0.2965 0.666710307494785
0.297 0.665318427938428
0.2975 0.66462248816025
0.298 0.663926548382072
0.2985 0.663230608603893
0.299 0.662534668825715
0.2995 0.661838729047537
0.3 0.661142789269359
0.3005 0.66044684949118
0.301 0.659750909713002
0.3015 0.658359030156645
0.302 0.657663090378467
0.3025 0.656967150600289
0.303 0.656271210822111
0.3035 0.655575271043932
0.304 0.654879331265754
0.3045 0.654183391487576
0.305 0.653487451709398
0.3055 0.652791511931219
0.306 0.652095572153041
0.3065 0.650703692596684
0.307 0.650007752818506
0.3075 0.649311813040328
0.308 0.64861587326215
0.3085 0.647919933483971
0.309 0.647223993705793
0.3095 0.646528053927615
0.31 0.645832114149437
0.3105 0.645136174371258
0.311 0.64444023459308
0.3115 0.643744294814902
0.312 0.642352415258545
0.3125 0.641656475480367
0.313 0.640960535702189
0.3135 0.64026459592401
0.314 0.639568656145832
0.3145 0.638872716367654
0.315 0.638176776589476
0.3155 0.637480836811297
0.316 0.636784897033119
0.3165 0.636088957254941
0.317 0.635393017476762
0.3175 0.634697077698584
0.318 0.634001137920406
0.3185 0.633305198142228
0.319 0.632609258364049
0.3195 0.631217378807693
0.32 0.630521439029515
0.3205 0.629825499251336
0.321 0.629129559473158
0.3215 0.62843361969498
0.322 0.627737679916802
0.3225 0.627041740138623
0.323 0.626345800360445
0.3235 0.625649860582267
0.324 0.624953920804088
0.3245 0.62425798102591
0.325 0.623562041247732
0.3255 0.622866101469554
0.326 0.622170161691375
0.3265 0.621474221913197
0.327 0.620778282135019
0.3275 0.62008234235684
0.328 0.619386402578662
0.3285 0.618690462800484
0.329 0.617994523022306
0.3295 0.617298583244127
0.33 0.616602643465949
0.3305 0.615906703687771
0.331 0.615210763909593
0.3315 0.614514824131414
0.332 0.613122944575058
0.3325 0.61242700479688
0.333 0.611731065018701
0.3335 0.611035125240523
0.334 0.610339185462345
0.3345 0.609643245684166
0.335 0.608947305905988
0.3355 0.60825136612781
0.336 0.607555426349632
0.3365 0.606859486571453
0.337 0.606163546793275
0.3375 0.605467607015097
0.338 0.604771667236919
0.3385 0.60407572745874
0.339 0.603379787680562
0.3395 0.602683847902384
0.34 0.601987908124205
0.3405 0.601291968346027
0.341 0.600596028567849
0.3415 0.599900088789671
0.342 0.599204149011492
0.3425 0.598508209233314
0.343 0.597812269455136
0.3435 0.597116329676957
0.344 0.596420389898779
0.3445 0.595724450120601
0.345 0.595028510342423
0.3455 0.594332570564244
0.346 0.593636630786066
0.3465 0.592940691007888
0.347 0.59224475122971
0.3475 0.591548811451531
0.348 0.590852871673353
0.3485 0.590156931895175
0.349 0.589460992116997
0.3495 0.588765052338818
0.35 0.58806911256064
0.3505 0.587373172782462
0.351 0.586677233004283
0.3515 0.585981293226105
0.352 0.585285353447927
0.3525 0.584589413669749
0.353 0.58389347389157
0.3535 0.583197534113392
0.354 0.583197534113392
0.3545 0.582501594335214
0.355 0.581805654557035
0.3555 0.581109714778857
0.356 0.580413775000679
0.3565 0.579717835222501
0.357 0.579021895444322
0.3575 0.578325955666144
0.358 0.577630015887966
0.3585 0.576934076109788
0.359 0.576238136331609
0.3595 0.575542196553431
0.36 0.574846256775253
0.3605 0.574150316997075
0.361 0.573454377218896
0.3615 0.572758437440718
0.362 0.57206249766254
0.3625 0.571366557884361
0.363 0.570670618106183
0.3635 0.569974678328005
0.364 0.569278738549827
0.3645 0.568582798771648
0.365 0.56788685899347
0.3655 0.567190919215292
0.366 0.566494979437114
0.3665 0.565799039658935
0.367 0.565799039658935
0.3675 0.565103099880757
0.368 0.564407160102579
0.3685 0.5637112203244
0.369 0.563015280546222
0.3695 0.562319340768044
0.37 0.561623400989866
0.3705 0.560927461211687
0.371 0.560231521433509
0.3715 0.559535581655331
0.372 0.558839641877153
0.3725 0.558143702098974
0.373 0.557447762320796
0.3735 0.556751822542618
0.374 0.55605588276444
0.3745 0.555359942986261
0.375 0.554664003208083
0.3755 0.554664003208083
0.376 0.553968063429905
0.3765 0.553272123651726
0.377 0.552576183873548
0.3775 0.55188024409537
0.378 0.551184304317192
0.3785 0.550488364539013
0.379 0.549792424760835
0.3795 0.549096484982657
0.38 0.548400545204478
0.3805 0.5477046054263
0.381 0.547008665648122
0.3815 0.546312725869944
0.382 0.546312725869944
0.3825 0.545616786091765
0.383 0.544920846313587
0.3835 0.544224906535409
0.384 0.543528966757231
0.3845 0.542833026979052
0.385 0.542137087200874
0.3855 0.541441147422696
0.386 0.540745207644518
0.3865 0.540049267866339
0.387 0.539353328088161
0.3875 0.538657388309983
0.388 0.538657388309983
0.3885 0.537961448531804
0.389 0.537265508753626
0.3895 0.536569568975448
0.39 0.53587362919727
0.3905 0.535177689419091
0.391 0.534481749640913
0.3915 0.533785809862735
0.392 0.533089870084556
0.3925 0.532393930306378
0.393 0.532393930306378
0.3935 0.5316979905282
0.394 0.531002050750022
0.3945 0.530306110971843
0.395 0.529610171193665
0.3955 0.528914231415487
0.396 0.528218291637309
0.3965 0.52752235185913
0.397 0.526826412080952
0.3975 0.526130472302774
0.398 0.526130472302774
0.3985 0.525434532524595
0.399 0.524738592746417
0.3995 0.524042652968239
0.4 0.523346713190061
0.4005 0.522650773411882
0.401 0.521954833633704
0.4015 0.521258893855526
0.402 0.520562954077348
0.4025 0.520562954077348
0.403 0.519867014299169
0.4035 0.519171074520991
0.404 0.518475134742813
0.4045 0.517779194964635
0.405 0.517083255186456
0.4055 0.516387315408278
0.406 0.5156913756301
0.4065 0.5156913756301
0.407 0.514995435851921
0.4075 0.514299496073743
0.408 0.513603556295565
0.4085 0.512907616517387
0.409 0.512211676739208
0.4095 0.51151573696103
0.41 0.510819797182852
0.4105 0.510819797182852
0.411 0.510123857404673
0.4115 0.509427917626495
0.412 0.508731977848317
0.4125 0.508036038070139
0.413 0.50734009829196
0.4135 0.506644158513782
0.414 0.506644158513782
0.4145 0.505948218735604
0.415 0.505252278957426
0.4155 0.504556339179247
0.416 0.503860399401069
0.4165 0.503164459622891
0.417 0.502468519844713
0.4175 0.501772580066534
0.418 0.501772580066534
0.4185 0.501076640288356
0.419 0.500380700510178
0.4195 0.499684760731999
0.42 0.498988820953821
0.4205 0.498292881175643
0.421 0.497596941397465
0.4215 0.497596941397465
0.422 0.496901001619286
0.4225 0.496205061841108
0.423 0.49550912206293
0.4235 0.494813182284752
0.424 0.494117242506573
0.4245 0.494117242506573
0.425 0.493421302728395
0.4255 0.492725362950217
0.426 0.492029423172038
0.4265 0.49133348339386
0.427 0.490637543615682
0.4275 0.489941603837504
0.428 0.489941603837504
0.4285 0.489245664059325
0.429 0.488549724281147
0.4295 0.487853784502969
0.43 0.487157844724791
0.4305 0.486461904946612
0.431 0.486461904946612
0.4315 0.485765965168434
0.432 0.485070025390256
0.4325 0.484374085612077
0.433 0.483678145833899
0.4335 0.482982206055721
0.434 0.482982206055721
0.4345 0.482286266277543
0.435 0.481590326499364
0.4355 0.480894386721186
0.436 0.480198446943008
0.4365 0.47950250716483
0.437 0.47950250716483
0.4375 0.478806567386651
0.438 0.478110627608473
0.4385 0.477414687830295
0.439 0.476718748052116
0.4395 0.476022808273938
0.44 0.476022808273938
0.4405 0.47532686849576
0.441 0.474630928717582
0.4415 0.473934988939403
0.442 0.473239049161225
0.4425 0.472543109383047
0.443 0.472543109383047
0.4435 0.471847169604869
0.444 0.47115122982669
0.4445 0.470455290048512
0.445 0.469759350270334
0.4455 0.469759350270334
0.446 0.469063410492155
0.4465 0.468367470713977
0.447 0.467671530935799
0.4475 0.466975591157621
0.448 0.466279651379442
0.4485 0.466279651379442
0.449 0.465583711601264
0.4495 0.464887771823086
0.45 0.464191832044908
0.4505 0.463495892266729
0.451 0.463495892266729
0.4515 0.462799952488551
0.452 0.462104012710373
0.4525 0.461408072932194
0.453 0.460712133154016
0.4535 0.460712133154016
0.454 0.460016193375838
0.4545 0.45932025359766
0.455 0.458624313819481
0.4555 0.457928374041303
0.456 0.457232434263125
0.4565 0.457232434263125
0.457 0.456536494484947
0.4575 0.455840554706768
0.458 0.45514461492859
0.4585 0.454448675150412
0.459 0.454448675150412
0.4595 0.453752735372233
0.46 0.453056795594055
0.4605 0.452360855815877
0.461 0.451664916037699
0.4615 0.451664916037699
0.462 0.45096897625952
0.4625 0.450273036481342
0.463 0.449577096703164
0.4635 0.448881156924986
0.464 0.448881156924986
0.4645 0.448185217146807
0.465 0.447489277368629
0.4655 0.446793337590451
0.466 0.446793337590451
0.4665 0.446097397812272
0.467 0.445401458034094
0.4675 0.444705518255916
0.468 0.444009578477738
0.4685 0.444009578477738
0.469 0.443313638699559
0.4695 0.442617698921381
0.47 0.441921759143203
0.4705 0.441225819365025
0.471 0.441225819365025
0.4715 0.440529879586846
0.472 0.439833939808668
0.4725 0.43913800003049
0.473 0.438442060252311
0.4735 0.438442060252311
0.474 0.437746120474133
0.4745 0.437050180695955
0.475 0.436354240917777
0.4755 0.436354240917777
0.476 0.435658301139598
0.4765 0.43496236136142
0.477 0.434266421583242
0.4775 0.433570481805064
0.478 0.433570481805064
0.4785 0.432874542026885
0.479 0.432178602248707
0.4795 0.431482662470529
0.48 0.431482662470529
0.4805 0.43078672269235
0.481 0.430090782914172
0.4815 0.429394843135994
0.482 0.428698903357816
0.4825 0.428698903357816
0.483 0.428002963579637
0.4835 0.427307023801459
0.484 0.426611084023281
0.4845 0.426611084023281
0.485 0.425915144245103
0.4855 0.425219204466924
0.486 0.424523264688746
0.4865 0.424523264688746
0.487 0.423827324910568
0.4875 0.423131385132389
0.488 0.422435445354211
0.4885 0.421739505576033
0.489 0.421739505576033
0.4895 0.421043565797855
0.49 0.420347626019676
0.4905 0.419651686241498
0.491 0.419651686241498
0.4915 0.41895574646332
0.492 0.418259806685142
0.4925 0.417563866906963
0.493 0.417563866906963
0.4935 0.416867927128785
0.494 0.416171987350607
0.4945 0.415476047572429
0.495 0.415476047572429
0.4955 0.41478010779425
0.496 0.414084168016072
0.4965 0.413388228237894
0.497 0.413388228237894
0.4975 0.412692288459715
0.498 0.411996348681537
0.4985 0.411300408903359
0.499 0.411300408903359
0.4995 0.410604469125181
0.5 0.409908529347002
0.5005 0.409212589568824
0.501 0.409212589568824
0.5015 0.408516649790646
0.502 0.407820710012468
0.5025 0.407124770234289
0.503 0.407124770234289
0.5035 0.406428830456111
0.504 0.405732890677933
0.5045 0.405036950899754
0.505 0.405036950899754
0.5055 0.404341011121576
0.506 0.403645071343398
0.5065 0.40294913156522
0.507 0.40294913156522
0.5075 0.402253191787041
0.508 0.401557252008863
0.5085 0.400861312230685
0.509 0.400861312230685
0.5095 0.400165372452506
0.51 0.399469432674328
0.5105 0.39877349289615
0.511 0.39877349289615
0.5115 0.398077553117972
0.512 0.397381613339793
0.5125 0.396685673561615
0.513 0.396685673561615
0.5135 0.395989733783437
0.514 0.395293794005259
0.5145 0.39459785422708
0.515 0.39459785422708
0.5155 0.393901914448902
0.516 0.393205974670724
0.5165 0.392510034892545
0.517 0.392510034892545
0.5175 0.391814095114367
0.518 0.391118155336189
0.5185 0.391118155336189
0.519 0.390422215558011
0.5195 0.389726275779832
0.52 0.389030336001654
0.5205 0.389030336001654
0.521 0.388334396223476
0.5215 0.387638456445298
0.522 0.386942516667119
0.5225 0.386942516667119
0.523 0.386246576888941
0.5235 0.385550637110763
0.524 0.385550637110763
0.5245 0.384854697332584
0.525 0.384158757554406
0.5255 0.383462817776228
0.526 0.383462817776228
0.5265 0.38276687799805
0.527 0.382070938219871
0.5275 0.381374998441693
0.528 0.381374998441693
0.5285 0.380679058663515
0.529 0.379983118885337
0.5295 0.379983118885337
0.53 0.379287179107158
0.5305 0.37859123932898
0.531 0.377895299550802
0.5315 0.377895299550802
0.532 0.377199359772624
0.5325 0.376503419994445
0.533 0.376503419994445
0.5335 0.375807480216267
0.534 0.375111540438089
0.5345 0.37441560065991
0.535 0.37441560065991
0.5355 0.373719660881732
0.536 0.373023721103554
0.5365 0.372327781325376
0.537 0.372327781325376
0.5375 0.371631841547197
0.538 0.370935901769019
0.5385 0.370935901769019
0.539 0.370239961990841
0.5395 0.369544022212663
0.54 0.368848082434484
0.5405 0.368848082434484
0.541 0.368152142656306
0.5415 0.367456202878128
0.542 0.367456202878128
0.5425 0.366760263099949
0.543 0.366064323321771
0.5435 0.366064323321771
0.544 0.365368383543593
0.5445 0.364672443765415
0.545 0.363976503987236
0.5455 0.363976503987236
0.546 0.363280564209058
0.5465 0.36258462443088
0.547 0.36258462443088
0.5475 0.361888684652702
0.548 0.361192744874523
0.5485 0.360496805096345
0.549 0.360496805096345
0.5495 0.359800865318167
0.55 0.359104925539988
0.5505 0.359104925539988
0.551 0.35840898576181
0.5515 0.357713045983632
0.552 0.357713045983632
0.5525 0.357017106205454
0.553 0.356321166427275
0.5535 0.355625226649097
0.554 0.355625226649097
0.5545 0.354929286870919
0.555 0.354233347092741
0.5555 0.354233347092741
0.556 0.353537407314562
0.5565 0.352841467536384
0.557 0.352841467536384
0.5575 0.352145527758206
0.558 0.351449587980027
0.5585 0.350753648201849
0.559 0.350753648201849
0.5595 0.350057708423671
0.56 0.349361768645493
0.5605 0.349361768645493
0.561 0.348665828867314
0.5615 0.347969889089136
0.562 0.347969889089136
0.5625 0.347273949310958
0.563 0.34657800953278
0.5635 0.345882069754601
0.564 0.345882069754601
0.5645 0.345186129976423
0.565 0.344490190198245
0.5655 0.344490190198245
0.566 0.343794250420066
0.5665 0.343098310641888
0.567 0.343098310641888
0.5675 0.34240237086371
0.568 0.341706431085532
0.5685 0.341706431085532
0.569 0.341010491307353
0.5695 0.340314551529175
0.57 0.340314551529175
0.5705 0.339618611750997
0.571 0.338922671972819
0.5715 0.33822673219464
0.572 0.33822673219464
0.5725 0.337530792416462
0.573 0.336834852638284
0.5735 0.336834852638284
0.574 0.336138912860105
0.5745 0.335442973081927
0.575 0.335442973081927
0.5755 0.334747033303749
0.576 0.334051093525571
0.5765 0.334051093525571
0.577 0.333355153747392
0.5775 0.332659213969214
0.578 0.332659213969214
0.5785 0.331963274191036
0.579 0.331267334412858
0.5795 0.331267334412858
0.58 0.330571394634679
0.5805 0.329875454856501
0.581 0.329875454856501
0.5815 0.329179515078323
0.582 0.328483575300144
0.5825 0.327787635521966
0.583 0.327787635521966
0.5835 0.327091695743788
0.584 0.32639575596561
0.5845 0.32639575596561
0.585 0.325699816187431
0.5855 0.325003876409253
0.586 0.325003876409253
0.5865 0.324307936631075
0.587 0.323611996852897
0.5875 0.323611996852897
0.588 0.322916057074718
0.5885 0.32222011729654
0.589 0.32222011729654
0.5895 0.321524177518362
0.59 0.320828237740183
0.5905 0.320828237740183
0.591 0.320132297962005
0.5915 0.319436358183827
0.592 0.319436358183827
0.5925 0.318740418405649
0.593 0.31804447862747
0.5935 0.31804447862747
0.594 0.317348538849292
0.5945 0.316652599071114
0.595 0.316652599071114
0.5955 0.315956659292936
0.596 0.315260719514757
0.5965 0.315260719514757
0.597 0.314564779736579
0.5975 0.313868839958401
0.598 0.313868839958401
0.5985 0.313172900180222
0.599 0.312476960402044
0.5995 0.312476960402044
0.6 0.311781020623866
0.6005 0.311085080845688
0.601 0.311085080845688
0.6015 0.310389141067509
0.602 0.309693201289331
0.6025 0.309693201289331
0.603 0.308997261511153
0.6035 0.308301321732975
0.604 0.308301321732975
0.6045 0.307605381954796
0.605 0.306909442176618
0.6055 0.306909442176618
0.606 0.30621350239844
0.6065 0.305517562620261
0.607 0.305517562620261
0.6075 0.304821622842083
0.608 0.304821622842083
0.6085 0.304125683063905
0.609 0.303429743285727
0.6095 0.303429743285727
0.61 0.302733803507548
0.6105 0.30203786372937
0.611 0.30203786372937
0.6115 0.301341923951192
0.612 0.300645984173014
0.6125 0.300645984173014
0.613 0.299950044394835
0.6135 0.299254104616657
0.614 0.299254104616657
0.6145 0.298558164838479
0.615 0.2978622250603
0.6155 0.2978622250603
0.616 0.297166285282122
0.6165 0.296470345503944
0.617 0.296470345503944
0.6175 0.295774405725766
0.618 0.295078465947587
0.6185 0.295078465947587
0.619 0.294382526169409
0.6195 0.293686586391231
0.62 0.293686586391231
0.6205 0.292990646613053
0.621 0.292990646613053
0.6215 0.292294706834874
0.622 0.291598767056696
0.6225 0.291598767056696
0.623 0.290902827278518
0.6235 0.29020688750034
0.624 0.29020688750034
0.6245 0.289510947722161
0.625 0.288815007943983
0.6255 0.288815007943983
0.626 0.288119068165805
0.6265 0.287423128387626
0.627 0.287423128387626
0.6275 0.286727188609448
0.628 0.286727188609448
0.6285 0.28603124883127
0.629 0.285335309053092
0.6295 0.285335309053092
0.63 0.284639369274913
0.6305 0.283943429496735
0.631 0.283943429496735
0.6315 0.283247489718557
0.632 0.282551549940379
0.6325 0.282551549940379
0.633 0.2818556101622
0.6335 0.281159670384022
0.634 0.281159670384022
0.6345 0.280463730605844
0.635 0.280463730605844
0.6355 0.279767790827665
0.636 0.279071851049487
0.6365 0.279071851049487
0.637 0.278375911271309
0.6375 0.277679971493131
0.638 0.277679971493131
0.6385 0.276984031714952
0.639 0.276288091936774
0.6395 0.276288091936774
0.64 0.275592152158596
0.6405 0.275592152158596
0.641 0.274896212380418
0.6415 0.274200272602239
0.642 0.274200272602239
0.6425 0.273504332824061
0.643 0.272808393045883
0.6435 0.272808393045883
0.644 0.272112453267704
0.6445 0.271416513489526
0.645 0.271416513489526
0.6455 0.270720573711348
0.646 0.270720573711348
0.6465 0.27002463393317
0.647 0.269328694154991
0.6475 0.269328694154991
0.648 0.268632754376813
0.6485 0.267936814598635
0.649 0.267936814598635
0.6495 0.267240874820456
0.65 0.267240874820456
0.6505 0.266544935042278
0.651 0.2658489952641
0.6515 0.2658489952641
0.652 0.265153055485922
0.6525 0.264457115707743
0.653 0.264457115707743
0.6535 0.263761175929565
0.654 0.263761175929565
0.6545 0.263065236151387
0.655 0.262369296373209
0.6555 0.262369296373209
0.656 0.26167335659503
0.6565 0.260977416816852
0.657 0.260977416816852
0.6575 0.260281477038674
0.658 0.260281477038674
0.6585 0.259585537260495
0.659 0.258889597482317
0.6595 0.258889597482317
0.66 0.258193657704139
0.6605 0.257497717925961
0.661 0.257497717925961
0.6615 0.256801778147782
0.662 0.256801778147782
0.6625 0.256105838369604
0.663 0.255409898591426
0.6635 0.255409898591426
0.664 0.254713958813248
0.6645 0.254018019035069
0.665 0.254018019035069
0.6655 0.253322079256891
0.666 0.253322079256891
0.6665 0.252626139478713
0.667 0.251930199700535
0.6675 0.251930199700535
0.668 0.251234259922356
0.6685 0.251234259922356
0.669 0.250538320144178
0.6695 0.249842380366
0.67 0.249842380366
0.6705 0.249146440587821
0.671 0.248450500809643
0.6715 0.248450500809643
0.672 0.247754561031465
0.6725 0.247754561031465
0.673 0.247058621253287
0.6735 0.246362681475108
0.674 0.246362681475108
0.6745 0.24566674169693
0.675 0.24566674169693
0.6755 0.244970801918752
0.676 0.244274862140574
0.6765 0.244274862140574
0.677 0.243578922362395
0.6775 0.242882982584217
0.678 0.242882982584217
0.6785 0.242187042806039
0.679 0.242187042806039
0.6795 0.24149110302786
0.68 0.240795163249682
0.6805 0.240795163249682
0.681 0.240099223471504
0.6815 0.240099223471504
0.682 0.239403283693326
0.6825 0.238707343915147
0.683 0.238707343915147
0.6835 0.238011404136969
0.684 0.238011404136969
0.6845 0.237315464358791
0.685 0.236619524580613
0.6855 0.236619524580613
0.686 0.235923584802434
0.6865 0.235227645024256
0.687 0.235227645024256
0.6875 0.234531705246078
0.688 0.234531705246078
0.6885 0.233835765467899
0.689 0.233139825689721
0.6895 0.233139825689721
0.69 0.232443885911543
0.6905 0.232443885911543
0.691 0.231747946133365
0.6915 0.231052006355186
0.692 0.231052006355186
0.6925 0.230356066577008
0.693 0.230356066577008
0.6935 0.22966012679883
0.694 0.228964187020652
0.6945 0.228964187020652
0.695 0.228268247242473
0.6955 0.228268247242473
0.696 0.227572307464295
0.6965 0.226876367686117
0.697 0.226876367686117
0.6975 0.226180427907938
0.698 0.226180427907938
0.6985 0.22548448812976
0.699 0.224788548351582
0.6995 0.224788548351582
0.7 0.224092608573404
0.7005 0.224092608573404
0.701 0.223396668795225
0.7015 0.222700729017047
0.702 0.222700729017047
0.7025 0.222004789238869
0.703 0.222004789238869
0.7035 0.221308849460691
0.704 0.220612909682512
0.7045 0.220612909682512
0.705 0.219916969904334
0.7055 0.219916969904334
0.706 0.219221030126156
0.7065 0.218525090347977
0.707 0.218525090347977
0.7075 0.217829150569799
0.708 0.217829150569799
0.7085 0.217133210791621
0.709 0.216437271013443
0.7095 0.216437271013443
0.71 0.215741331235264
0.7105 0.215741331235264
0.711 0.215045391457086
0.7115 0.214349451678908
0.712 0.214349451678908
0.7125 0.21365351190073
0.713 0.21365351190073
0.7135 0.212957572122551
0.714 0.212957572122551
0.7145 0.212261632344373
0.715 0.211565692566195
0.7155 0.211565692566195
0.716 0.210869752788016
0.7165 0.210869752788016
0.717 0.210173813009838
0.7175 0.20947787323166
0.718 0.20947787323166
0.7185 0.208781933453482
0.719 0.208781933453482
0.7195 0.208085993675303
0.72 0.207390053897125
0.7205 0.207390053897125
0.721 0.206694114118947
0.7215 0.206694114118947
0.722 0.205998174340769
0.7225 0.20530223456259
0.723 0.20530223456259
0.7235 0.204606294784412
0.724 0.204606294784412
0.7245 0.203910355006234
0.725 0.203910355006234
0.7255 0.203214415228055
0.726 0.202518475449877
0.7265 0.202518475449877
0.727 0.201822535671699
0.7275 0.201822535671699
0.728 0.201126595893521
0.7285 0.200430656115342
0.729 0.200430656115342
0.7295 0.199734716337164
0.73 0.199734716337164
0.7305 0.199038776558986
0.731 0.199038776558986
0.7315 0.198342836780808
0.732 0.197646897002629
0.7325 0.197646897002629
0.733 0.196950957224451
0.7335 0.196950957224451
0.734 0.196255017446273
0.7345 0.195559077668094
0.735 0.195559077668094
0.7355 0.194863137889916
0.736 0.194863137889916
0.7365 0.194167198111738
0.737 0.194167198111738
0.7375 0.19347125833356
0.738 0.192775318555381
0.7385 0.192775318555381
0.739 0.192079378777203
0.7395 0.192079378777203
0.74 0.191383438999025
0.7405 0.190687499220847
0.741 0.190687499220847
0.7415 0.189991559442668
0.742 0.189991559442668
0.7425 0.18929561966449
0.743 0.18929561966449
0.7435 0.188599679886312
0.744 0.187903740108133
0.7445 0.187903740108133
0.745 0.187207800329955
0.7455 0.187207800329955
0.746 0.186511860551777
0.7465 0.186511860551777
0.747 0.185815920773599
0.7475 0.18511998099542
0.748 0.18511998099542
0.7485 0.184424041217242
0.749 0.184424041217242
0.7495 0.183728101439064
0.75 0.183728101439064
0.7505 0.183032161660886
0.751 0.182336221882707
0.7515 0.182336221882707
0.752 0.181640282104529
0.7525 0.181640282104529
0.753 0.180944342326351
0.7535 0.180944342326351
0.754 0.180248402548172
0.7545 0.179552462769994
0.755 0.179552462769994
0.7555 0.178856522991816
0.756 0.178856522991816
0.7565 0.178160583213638
0.757 0.178160583213638
0.7575 0.177464643435459
0.758 0.176768703657281
0.7585 0.176768703657281
0.759 0.176072763879103
0.7595 0.176072763879103
0.76 0.175376824100925
0.7605 0.175376824100925
0.761 0.174680884322746
0.7615 0.173984944544568
0.762 0.173984944544568
0.7625 0.17328900476639
0.763 0.17328900476639
0.7635 0.172593064988212
0.764 0.172593064988212
0.7645 0.171897125210033
0.765 0.171201185431855
0.7655 0.171201185431855
0.766 0.170505245653677
0.7665 0.170505245653677
0.767 0.169809305875498
0.7675 0.169809305875498
0.768 0.16911336609732
0.7685 0.168417426319142
0.769 0.168417426319142
0.7695 0.167721486540964
0.77 0.167721486540964
0.7705 0.167025546762785
0.771 0.167025546762785
0.7715 0.166329606984607
0.772 0.166329606984607
0.7725 0.165633667206429
0.773 0.16493772742825
0.7735 0.16493772742825
0.774 0.164241787650072
0.7745 0.164241787650072
0.775 0.163545847871894
0.7755 0.163545847871894
0.776 0.162849908093716
0.7765 0.162153968315537
0.777 0.162153968315537
0.7775 0.161458028537359
0.778 0.161458028537359
0.7785 0.160762088759181
0.779 0.160762088759181
0.7795 0.160066148981003
0.78 0.160066148981003
0.7805 0.159370209202824
0.781 0.158674269424646
0.7815 0.158674269424646
0.782 0.157978329646468
0.7825 0.157978329646468
0.783 0.15728238986829
0.7835 0.15728238986829
0.784 0.156586450090111
0.7845 0.155890510311933
0.785 0.155890510311933
0.7855 0.155194570533755
0.786 0.155194570533755
0.7865 0.154498630755576
0.787 0.154498630755576
0.7875 0.153802690977398
0.788 0.153802690977398
0.7885 0.15310675119922
0.789 0.152410811421042
0.7895 0.152410811421042
0.79 0.151714871642863
0.7905 0.151714871642863
0.791 0.151018931864685
0.7915 0.151018931864685
0.792 0.150322992086507
0.7925 0.150322992086507
0.793 0.149627052308329
0.7935 0.14893111253015
0.794 0.14893111253015
0.7945 0.148235172751972
0.795 0.148235172751972
0.7955 0.147539232973794
0.796 0.147539232973794
0.7965 0.146843293195615
0.797 0.146843293195615
0.7975 0.146147353417437
0.798 0.145451413639259
0.7985 0.145451413639259
0.799 0.144755473861081
0.7995 0.144755473861081
0.8 0.144059534082902
0.8005 0.144059534082902
0.801 0.143363594304724
0.8015 0.143363594304724
0.802 0.142667654526546
0.8025 0.141971714748368
0.803 0.141971714748368
0.8035 0.141275774970189
0.804 0.141275774970189
0.8045 0.140579835192011
0.805 0.140579835192011
0.8055 0.139883895413833
0.806 0.139883895413833
0.8065 0.139187955635654
0.807 0.139187955635654
0.8075 0.138492015857476
0.808 0.137796076079298
0.8085 0.137796076079298
0.809 0.13710013630112
0.8095 0.13710013630112
0.81 0.136404196522941
0.8105 0.136404196522941
0.811 0.135708256744763
0.8115 0.135708256744763
0.812 0.135012316966585
0.8125 0.134316377188407
0.813 0.134316377188407
0.8135 0.133620437410228
0.814 0.133620437410228
0.8145 0.13292449763205
0.815 0.13292449763205
0.8155 0.132228557853872
0.816 0.132228557853872
0.8165 0.131532618075693
0.817 0.131532618075693
0.8175 0.130836678297515
0.818 0.130140738519337
0.8185 0.130140738519337
0.819 0.129444798741159
0.8195 0.129444798741159
0.82 0.12874885896298
0.8205 0.12874885896298
0.821 0.128052919184802
0.8215 0.128052919184802
0.822 0.127356979406624
0.8225 0.127356979406624
0.823 0.126661039628446
0.8235 0.125965099850267
0.824 0.125965099850267
0.8245 0.125269160072089
0.825 0.125269160072089
0.8255 0.124573220293911
0.826 0.124573220293911
0.8265 0.123877280515732
0.827 0.123877280515732
0.8275 0.123181340737554
0.828 0.123181340737554
0.8285 0.122485400959376
0.829 0.122485400959376
0.8295 0.121789461181198
0.83 0.121093521403019
0.8305 0.121093521403019
0.831 0.120397581624841
0.8315 0.120397581624841
0.832 0.119701641846663
0.8325 0.119701641846663
0.833 0.119005702068485
0.8335 0.119005702068485
0.834 0.118309762290306
0.8345 0.118309762290306
0.835 0.117613822512128
0.8355 0.117613822512128
0.836 0.11691788273395
0.8365 0.116221942955771
0.837 0.116221942955771
0.8375 0.115526003177593
0.838 0.115526003177593
0.8385 0.114830063399415
0.839 0.114830063399415
0.8395 0.114134123621237
0.84 0.114134123621237
0.8405 0.113438183843058
0.841 0.113438183843058
0.8415 0.11274224406488
0.842 0.11274224406488
0.8425 0.112046304286702
0.843 0.111350364508524
0.8435 0.111350364508524
0.844 0.110654424730345
0.8445 0.110654424730345
0.845 0.109958484952167
0.8455 0.109958484952167
0.846 0.109262545173989
0.8465 0.109262545173989
0.847 0.10856660539581
0.8475 0.10856660539581
0.848 0.107870665617632
0.8485 0.107870665617632
0.849 0.107174725839454
0.8495 0.107174725839454
0.85 0.106478786061276
0.8505 0.105782846283097
0.851 0.105782846283097
0.8515 0.105086906504919
0.852 0.105086906504919
0.8525 0.104390966726741
0.853 0.104390966726741
0.8535 0.103695026948563
0.854 0.103695026948563
0.8545 0.102999087170384
0.855 0.102999087170384
0.8555 0.102303147392206
0.856 0.102303147392206
0.8565 0.101607207614028
0.857 0.101607207614028
0.8575 0.100911267835849
0.858 0.100215328057671
0.8585 0.100215328057671
0.859 0.0995193882794929
0.8595 0.0995193882794929
0.86 0.0988234485013147
0.8605 0.0988234485013147
0.861 0.0981275087231364
0.8615 0.0981275087231364
0.862 0.0974315689449581
0.8625 0.0974315689449581
0.863 0.0967356291667798
0.8635 0.0967356291667798
0.864 0.0960396893886016
0.8645 0.0960396893886016
0.865 0.0953437496104233
0.8655 0.0953437496104233
0.866 0.094647809832245
0.8665 0.0939518700540667
0.867 0.0939518700540667
0.8675 0.0932559302758885
0.868 0.0932559302758885
0.8685 0.0925599904977102
0.869 0.0925599904977102
0.8695 0.0918640507195319
0.87 0.0918640507195319
0.8705 0.0911681109413537
0.871 0.0911681109413537
0.8715 0.0904721711631754
0.872 0.0904721711631754
0.8725 0.0897762313849971
0.873 0.0897762313849971
0.8735 0.0890802916068188
0.874 0.0890802916068188
0.8745 0.0883843518286406
0.875 0.0883843518286406
0.8755 0.0876884120504623
0.876 0.086992472272284
0.8765 0.086992472272284
0.877 0.0862965324941058
0.8775 0.0862965324941058
0.878 0.0856005927159275
0.8785 0.0856005927159275
0.879 0.0849046529377492
0.8795 0.0849046529377492
0.88 0.0842087131595709
0.8805 0.0842087131595709
0.881 0.0835127733813927
0.8815 0.0835127733813927
0.882 0.0828168336032144
0.8825 0.0828168336032144
0.883 0.0821208938250361
0.8835 0.0821208938250361
0.884 0.0814249540468578
0.8845 0.0814249540468578
0.885 0.0807290142686796
0.8855 0.0807290142686796
0.886 0.0800330744905013
0.8865 0.079337134712323
0.887 0.079337134712323
0.8875 0.0786411949341448
0.888 0.0786411949341448
0.8885 0.0779452551559665
0.889 0.0779452551559665
0.8895 0.0772493153777882
0.89 0.0772493153777882
0.8905 0.0765533755996099
0.891 0.0765533755996099
0.8915 0.0758574358214317
0.892 0.0758574358214317
0.8925 0.0751614960432534
0.893 0.0751614960432534
0.8935 0.0744655562650751
0.894 0.0744655562650751
0.8945 0.0737696164868969
0.895 0.0737696164868969
0.8955 0.0730736767087186
0.896 0.0730736767087186
0.8965 0.0723777369305403
0.897 0.0723777369305403
0.8975 0.071681797152362
0.898 0.071681797152362
0.8985 0.0709858573741838
0.899 0.0709858573741838
0.8995 0.0702899175960055
0.9 0.0695939778178272
0.9005 0.0695939778178272
0.901 0.0688980380396489
0.9015 0.0688980380396489
0.902 0.0682020982614707
0.9025 0.0682020982614707
0.903 0.0675061584832924
0.9035 0.0675061584832924
0.904 0.0668102187051141
0.9045 0.0668102187051141
0.905 0.0661142789269359
0.9055 0.0661142789269359
0.906 0.0654183391487576
0.9065 0.0654183391487576
0.907 0.0647223993705793
0.9075 0.0647223993705793
0.908 0.064026459592401
0.9085 0.064026459592401
0.909 0.0633305198142228
0.9095 0.0633305198142228
0.91 0.0626345800360445
0.9105 0.0626345800360445
0.911 0.0619386402578662
0.9115 0.0619386402578662
0.912 0.061242700479688
0.9125 0.061242700479688
0.913 0.0605467607015097
0.9135 0.0605467607015097
0.914 0.0598508209233314
0.9145 0.0598508209233314
0.915 0.0591548811451531
0.9155 0.0591548811451531
0.916 0.0584589413669749
0.9165 0.0584589413669749
0.917 0.0577630015887966
0.9175 0.0570670618106183
0.918 0.0570670618106183
0.9185 0.05637112203244
0.919 0.05637112203244
0.9195 0.0556751822542618
0.92 0.0556751822542618
0.9205 0.0549792424760835
0.921 0.0549792424760835
0.9215 0.0542833026979052
0.922 0.0542833026979052
0.9225 0.053587362919727
0.923 0.053587362919727
0.9235 0.0528914231415487
0.924 0.0528914231415487
0.9245 0.0521954833633704
0.925 0.0521954833633704
0.9255 0.0514995435851921
0.926 0.0514995435851921
0.9265 0.0508036038070139
0.927 0.0508036038070139
0.9275 0.0501076640288356
0.928 0.0501076640288356
0.9285 0.0494117242506573
0.929 0.0494117242506573
0.9295 0.0487157844724791
0.93 0.0487157844724791
0.9305 0.0480198446943008
0.931 0.0480198446943008
0.9315 0.0473239049161225
0.932 0.0473239049161225
0.9325 0.0466279651379442
0.933 0.0466279651379442
0.9335 0.045932025359766
0.934 0.045932025359766
0.9345 0.0452360855815877
0.935 0.0452360855815877
0.9355 0.0445401458034094
0.936 0.0445401458034094
0.9365 0.0438442060252311
0.937 0.0438442060252311
0.9375 0.0431482662470529
0.938 0.0431482662470529
0.9385 0.0424523264688746
0.939 0.0424523264688746
0.9395 0.0417563866906963
0.94 0.0417563866906963
0.9405 0.0410604469125181
0.941 0.0410604469125181
0.9415 0.0403645071343398
0.942 0.0403645071343398
0.9425 0.0396685673561615
0.943 0.0396685673561615
0.9435 0.0389726275779832
0.944 0.0389726275779832
0.9445 0.038276687799805
0.945 0.038276687799805
0.9455 0.0375807480216267
0.946 0.0375807480216267
0.9465 0.0368848082434484
0.947 0.0368848082434484
0.9475 0.0361888684652702
0.948 0.0361888684652702
0.9485 0.0354929286870919
0.949 0.0354929286870919
0.9495 0.0347969889089136
0.95 0.0347969889089136
0.9505 0.0341010491307353
0.951 0.0341010491307353
0.9515 0.0334051093525571
0.952 0.0334051093525571
0.9525 0.0327091695743788
0.953 0.0327091695743788
0.9535 0.0320132297962005
0.954 0.0320132297962005
0.9545 0.0313172900180222
0.955 0.0313172900180222
0.9555 0.030621350239844
0.956 0.030621350239844
0.9565 0.0299254104616657
0.957 0
0.9575 0
0.958 0
0.9585 0
0.959 0
0.9595 0
0.96 0
0.9605 0
0.961 0
0.9615 0
0.962 0
0.9625 0
0.963 0
0.9635 0
0.964 0
0.9645 0
0.965 0
0.9655 0
0.966 0
0.9665 0
0.967 0
0.9675 0
0.968 0
0.9685 0
0.969 0
0.9695 0
0.97 0
0.9705 0
0.971 0
0.9715 0
0.972 0
0.9725 0
0.973 0
0.9735 0
0.974 0
0.9745 0
0.975 0
0.9755 0
0.976 0
0.9765 0
0.977 0
0.9775 0
0.978 0
0.9785 0
0.979 0
0.9795 0
0.98 0
0.9805 0
0.981 0
0.9815 0
0.982 0
0.9825 0
0.983 0
0.9835 0
0.984 0
0.9845 0
0.985 0
0.9855 0
0.986 0
0.9865 0
0.987 0
0.9875 0
0.988 0
0.9885 0
0.989 0
0.9895 0
0.99 0
0.9905 0
0.991 0
0.9915 0
0.992 0
0.9925 0
0.993 0
0.9935 0
0.994 0
0.9945 0
0.995 0
0.9955 0
0.996 0
0.9965 0
0.997 0
0.9975 0
0.998 0
0.9985 0
0.999 0
0.9995 0
1 0
