"EPS" "T"
5e-04 3.13554597504861
0.001 2.99990364413604
0.0015 2.90737244165305
0.002 2.83376807604158
0.0025 2.77593607448971
0.003 2.72861898231091
0.0035 2.68761083575595
0.004 2.65080865295021
0.0045 2.61926392483101
0.005 2.58982217858642
0.0055 2.56353490515376
0.006 2.5382991226584
0.0065 2.51621781297496
0.007 2.49518799422882
0.0075 2.47520966641999
0.008 2.45628282954847
0.0085 2.43945897455157
0.009 2.42263511955466
0.0095 2.40686275549506
0.01 2.39109039143546
0.0105 2.37742100925047
0.011 2.36375162706548
0.0115 2.35008224488049
0.012 2.33746435363281
0.0125 2.32484646238513
0.013 2.31328006207476
0.0135 2.30171366176439
0.014 2.29119875239132
0.0145 2.28068384301825
0.015 2.27016893364519
0.0155 2.25965402427212
0.016 2.25019060583636
0.0165 2.2407271874006
0.017 2.23126376896484
0.0175 2.22180035052908
0.018 2.21338842303062
0.0185 2.20497649553217
0.019 2.19656456803372
0.0195 2.18815264053526
0.02 2.18079220397411
0.0205 2.17238027647566
0.021 2.16501983991451
0.0215 2.15765940335337
0.022 2.15029896679222
0.0225 2.14293853023107
0.023 2.13662958460723
0.0235 2.12926914804609
0.024 2.12296020242225
0.0245 2.1155997658611
0.025 2.10929082023726
0.0255 2.10298187461342
0.026 2.09667292898958
0.0265 2.09036398336574
0.027 2.0840550377419
0.0275 2.07879758305536
0.028 2.07248863743152
0.0285 2.06723118274499
0.029 2.06092223712115
0.0295 2.05566478243462
0.03 2.05040732774808
0.0305 2.04409838212424
0.031 2.03884092743771
0.0315 2.03358347275118
0.032 2.02832601806464
0.0325 2.02306856337811
0.033 2.01886259962888
0.0335 2.01360514494235
0.034 2.00834769025581
0.0345 2.00309023556928
0.035 1.99888427182005
0.0355 1.99362681713352
0.036 1.98942085338429
0.0365 1.98416339869776
0.037 1.97995743494853
0.0375 1.97575147119931
0.038 1.97049401651277
0.0385 1.96628805276355
0.039 1.96208208901432
0.0395 1.95787612526509
0.04 1.95367016151587
0.0405 1.94946419776664
0.041 1.94525823401741
0.0415 1.94105227026819
0.042 1.93684630651896
0.0425 1.93264034276973
0.043 1.9284343790205
0.0435 1.92422841527128
0.044 1.92107394245936
0.0445 1.91686797871013
0.045 1.9126620149609
0.0455 1.90845605121168
0.046 1.90530157839976
0.0465 1.90109561465053
0.047 1.89794114183861
0.0475 1.89373517808938
0.048 1.89058070527746
0.0485 1.88637474152824
0.049 1.88322026871632
0.0495 1.87901430496709
0.05 1.87585983215517
0.0505 1.87270535934325
0.051 1.86849939559402
0.0515 1.8653449227821
0.052 1.86219044997018
0.0525 1.85903597715826
0.053 1.85483001340903
0.0535 1.85167554059712
0.054 1.84852106778519
0.0545 1.84536659497327
0.055 1.84221212216135
0.0555 1.83905764934943
0.056 1.83590317653751
0.0565 1.83274870372559
0.057 1.82959423091367
0.0575 1.82643975810175
0.058 1.82328528528983
0.0585 1.82013081247791
0.059 1.81697633966599
0.0595 1.81382186685407
0.06 1.81066739404215
0.0605 1.80751292123023
0.061 1.80435844841831
0.0615 1.80120397560639
0.062 1.79910099373178
0.0625 1.79594652091986
0.063 1.79279204810794
0.0635 1.78963757529602
0.064 1.78753459342141
0.0645 1.78438012060949
0.065 1.78122564779757
0.0655 1.77807117498565
0.066 1.77596819311103
0.0665 1.77281372029911
0.067 1.7707107384245
0.0675 1.76755626561258
0.068 1.76440179280066
0.0685 1.76229881092604
0.069 1.75914433811412
0.0695 1.75704135623951
0.07 1.75388688342759
0.0705 1.75178390155298
0.071 1.74862942874106
0.0715 1.74652644686644
0.072 1.74337197405452
0.0725 1.74126899217991
0.073 1.73811451936799
0.0735 1.73601153749338
0.074 1.73285706468146
0.0745 1.73075408280684
0.075 1.72759960999492
0.0755 1.72549662812031
0.076 1.7233936462457
0.0765 1.72023917343378
0.077 1.71813619155916
0.0775 1.71603320968455
0.078 1.71287873687263
0.0785 1.71077575499802
0.079 1.7086727731234
0.0795 1.70551830031148
0.08 1.70341531843687
0.0805 1.70131233656226
0.081 1.69920935468764
0.0815 1.69605488187572
0.082 1.69395190000111
0.0825 1.6918489181265
0.083 1.68974593625188
0.0835 1.68659146343996
0.084 1.68448848156535
0.0845 1.68238549969073
0.085 1.68028251781612
0.0855 1.67817953594151
0.086 1.67607655406689
0.0865 1.67292208125497
0.087 1.67081909938036
0.0875 1.66871611750575
0.088 1.66661313563113
0.0885 1.66451015375652
0.089 1.66240717188191
0.0895 1.66030419000729
0.09 1.65820120813268
0.0905 1.65609822625807
0.091 1.65399524438345
0.0915 1.65189226250884
0.092 1.64978928063423
0.0925 1.64768629875961
0.093 1.645583316885
0.0935 1.64348033501039
0.094 1.64137735313577
0.0945 1.63927437126116
0.095 1.63717138938655
0.0955 1.63506840751193
0.096 1.63296542563732
0.0965 1.63086244376271
0.097 1.62875946188809
0.0975 1.62665648001348
0.098 1.62455349813887
0.0985 1.62245051626425
0.099 1.62034753438964
0.0995 1.61824455251503
0.1 1.61614157064041
0.1005 1.6140385887658
0.101 1.61193560689119
0.1015 1.60983262501657
0.102 1.60878113407927
0.1025 1.60667815220465
0.103 1.60457517033004
0.1035 1.60247218845542
0.104 1.60036920658081
0.1045 1.5982662247062
0.105 1.59616324283158
0.1055 1.59511175189428
0.106 1.59300877001966
0.1065 1.59090578814505
0.107 1.58880280627044
0.1075 1.58669982439582
0.108 1.58564833345852
0.1085 1.5835453515839
0.109 1.58144236970929
0.1095 1.57933938783468
0.11 1.57723640596006
0.1105 1.57618491502276
0.111 1.57408193314814
0.1115 1.57197895127353
0.112 1.56987596939892
0.1125 1.56882447846161
0.113 1.566721496587
0.1135 1.56461851471238
0.114 1.56251553283777
0.1145 1.56146404190046
0.115 1.55936106002585
0.1155 1.55725807815124
0.116 1.55620658721393
0.1165 1.55410360533932
0.117 1.5520006234647
0.1175 1.5509491325274
0.118 1.54884615065278
0.1185 1.54674316877817
0.119 1.54569167784086
0.1195 1.54358869596625
0.12 1.54148571409164
0.1205 1.54043422315433
0.121 1.53833124127972
0.1215 1.5362282594051
0.122 1.5351767684678
0.1225 1.53307378659318
0.123 1.53097080471857
0.1235 1.52991931378126
0.124 1.52781633190665
0.1245 1.52676484096934
0.125 1.52466185909473
0.1255 1.52255887722011
0.126 1.52150738628281
0.1265 1.51940440440819
0.127 1.51835291347089
0.1275 1.51624993159627
0.128 1.51414694972166
0.1285 1.51309545878435
0.129 1.51099247690974
0.1295 1.50994098597243
0.13 1.50783800409782
0.1305 1.50678651316051
0.131 1.5046835312859
0.1315 1.50258054941129
0.132 1.50152905847398
0.1325 1.49942607659937
0.133 1.49837458566206
0.1335 1.49627160378745
0.134 1.49522011285014
0.1345 1.49311713097553
0.135 1.49206564003822
0.1355 1.48996265816361
0.136 1.4889111672263
0.1365 1.48680818535169
0.137 1.48575669441438
0.1375 1.48365371253977
0.138 1.48260222160246
0.1385 1.48049923972785
0.139 1.47944774879054
0.1395 1.47734476691593
0.14 1.47629327597862
0.1405 1.47419029410401
0.141 1.4731388031667
0.1415 1.47103582129209
0.142 1.46998433035478
0.1425 1.46788134848017
0.143 1.46682985754286
0.1435 1.46472687566825
0.144 1.46367538473094
0.1445 1.46262389379363
0.145 1.46052091191902
0.1455 1.45946942098171
0.146 1.4573664391071
0.1465 1.45631494816979
0.147 1.45421196629518
0.1475 1.45316047535787
0.148 1.45210898442057
0.1485 1.45000600254595
0.149 1.44895451160865
0.1495 1.44685152973403
0.15 1.44580003879673
0.1505 1.44369705692211
0.151 1.4426455659848
0.1515 1.4415940750475
0.152 1.43949109317288
0.1525 1.43843960223558
0.153 1.43633662036096
0.1535 1.43528512942366
0.154 1.43423363848635
0.1545 1.43213065661174
0.155 1.43107916567443
0.1555 1.43002767473712
0.156 1.42792469286251
0.1565 1.4268732019252
0.157 1.42477022005059
0.1575 1.42371872911328
0.158 1.42266723817598
0.1585 1.42056425630136
0.159 1.41951276536406
0.1595 1.41846127442675
0.16 1.41635829255214
0.1605 1.41530680161483
0.161 1.41425531067752
0.1615 1.41215232880291
0.162 1.4111008378656
0.1625 1.4100493469283
0.163 1.40794636505368
0.1635 1.40689487411638
0.164 1.40584338317907
0.1645 1.40374040130446
0.165 1.40268891036715
0.1655 1.40163741942984
0.166 1.39953443755523
0.1665 1.39848294661792
0.167 1.39743145568062
0.1675 1.39637996474331
0.168 1.3942769828687
0.1685 1.39322549193139
0.169 1.39217400099408
0.1695 1.39007101911947
0.17 1.38901952818216
0.1705 1.38796803724486
0.171 1.38586505537024
0.1715 1.38481356443294
0.172 1.38376207349563
0.1725 1.38271058255832
0.173 1.38060760068371
0.1735 1.3795561097464
0.174 1.3785046188091
0.1745 1.37745312787179
0.175 1.37535014599718
0.1755 1.37429865505987
0.176 1.37324716412256
0.1765 1.37114418224795
0.177 1.37009269131064
0.1775 1.36904120037334
0.178 1.36798970943603
0.1785 1.36588672756142
0.179 1.36483523662411
0.1795 1.3637837456868
0.18 1.3627322547495
0.1805 1.36062927287488
0.181 1.35957778193757
0.1815 1.35852629100027
0.182 1.35747480006296
0.1825 1.35642330912565
0.183 1.35432032725104
0.1835 1.35326883631373
0.184 1.35221734537643
0.1845 1.35116585443912
0.185 1.34906287256451
0.1855 1.3480113816272
0.186 1.34695989068989
0.1865 1.34590839975259
0.187 1.34485690881528
0.1875 1.34275392694067
0.188 1.34170243600336
0.1885 1.34065094506605
0.189 1.33959945412875
0.1895 1.33854796319144
0.19 1.33644498131683
0.1905 1.33539349037952
0.191 1.33434199944221
0.1915 1.33329050850491
0.192 1.3322390175676
0.1925 1.33013603569299
0.193 1.32908454475568
0.1935 1.32803305381837
0.194 1.32698156288107
0.1945 1.32593007194376
0.195 1.32382709006915
0.1955 1.32277559913184
0.196 1.32172410819453
0.1965 1.32067261725723
0.197 1.31962112631992
0.1975 1.31856963538261
0.198 1.316466653508
0.1985 1.31541516257069
0.199 1.31436367163339
0.1995 1.31331218069608
0.2 1.31226068975877
0.2005 1.31120919882147
0.201 1.30910621694685
0.2015 1.30805472600955
0.202 1.30700323507224
0.2025 1.30595174413493
0.203 1.30490025319763
0.2035 1.30384876226032
0.204 1.30279727132301
0.2045 1.3006942894484
0.205 1.29964279851109
0.2055 1.29859130757379
0.206 1.29753981663648
0.2065 1.29648832569917
0.207 1.29543683476187
0.2075 1.29438534382456
0.208 1.29228236194995
0.2085 1.29123087101264
0.209 1.29017938007533
0.2095 1.28912788913803
0.21 1.28807639820072
0.2105 1.28702490726341
0.211 1.28597341632611
0.2115 1.2849219253888
0.212 1.28387043445149
0.2125 1.28176745257688
0.213 1.28071596163957
0.2135 1.27966447070227
0.214 1.27861297976496
0.2145 1.27756148882765
0.215 1.27650999789034
0.2155 1.27545850695304
0.216 1.27440701601573
0.2165 1.27335552507842
0.217 1.27125254320381
0.2175 1.2702010522665
0.218 1.2691495613292
0.2185 1.26809807039189
0.219 1.26704657945458
0.2195 1.26599508851728
0.22 1.26494359757997
0.2205 1.26389210664266
0.221 1.26284061570536
0.2215 1.26178912476805
0.222 1.25968614289344
0.2225 1.25863465195613
0.223 1.25758316101882
0.2235 1.25653167008152
0.224 1.25548017914421
0.2245 1.2544286882069
0.225 1.2533771972696
0.2255 1.25232570633229
0.226 1.25127421539498
0.2265 1.25022272445768
0.227 1.24917123352037
0.2275 1.24811974258306
0.228 1.24706825164576
0.2285 1.24601676070845
0.229 1.24391377883384
0.2295 1.24286228789653
0.23 1.24181079695922
0.2305 1.24075930602192
0.231 1.23970781508461
0.2315 1.2386563241473
0.232 1.23760483321
0.2325 1.23655334227269
0.233 1.23550185133538
0.2335 1.23445036039808
0.234 1.23339886946077
0.2345 1.23234737852346
0.235 1.23129588758616
0.2355 1.23024439664885
0.236 1.22919290571154
0.2365 1.22814141477424
0.237 1.22708992383693
0.2375 1.22603843289962
0.238 1.22393545102501
0.2385 1.2228839600877
0.239 1.2218324691504
0.2395 1.22078097821309
0.24 1.21972948727578
0.2405 1.21867799633848
0.241 1.21762650540117
0.2415 1.21657501446386
0.242 1.21552352352656
0.2425 1.21447203258925
0.243 1.21342054165194
0.2435 1.21236905071464
0.244 1.21131755977733
0.2445 1.21026606884002
0.245 1.20921457790272
0.2455 1.20816308696541
0.246 1.2071115960281
0.2465 1.2060601050908
0.247 1.20500861415349
0.2475 1.20395712321618
0.248 1.20290563227888
0.2485 1.20185414134157
0.249 1.20080265040426
0.2495 1.19975115946696
0.25 1.19869966852965
0.2505 1.19764817759234
0.251 1.19659668665504
0.2515 1.19554519571773
0.252 1.19449370478042
0.2525 1.19344221384311
0.253 1.19239072290581
0.2535 1.1913392319685
0.254 1.19028774103119
0.2545 1.18923625009389
0.255 1.18818475915658
0.2555 1.18713326821927
0.256 1.18608177728197
0.2565 1.18503028634466
0.257 1.18397879540735
0.2575 1.18292730447005
0.258 1.18187581353274
0.2585 1.18082432259543
0.259 1.17977283165813
0.2595 1.17872134072082
0.26 1.17766984978351
0.2605 1.17661835884621
0.261 1.1755668679089
0.2615 1.17451537697159
0.262 1.17346388603429
0.2625 1.17241239509698
0.263 1.17136090415967
0.2635 1.17030941322237
0.264 1.16925792228506
0.2645 1.16820643134775
0.265 1.16715494041045
0.2655 1.16610344947314
0.266 1.16505195853583
0.2665 1.16400046759853
0.267 1.16294897666122
0.2675 1.16189748572391
0.268 1.16084599478661
0.2685 1.1597945038493
0.269 1.15874301291199
0.2695 1.15769152197469
0.27 1.15664003103738
0.2705 1.15558854010007
0.271 1.15453704916277
0.2715 1.15348555822546
0.272 1.15243406728815
0.2725 1.15138257635085
0.273 1.15033108541354
0.2735 1.14927959447623
0.274 1.14927959447623
0.2745 1.14822810353893
0.275 1.14717661260162
0.2755 1.14612512166431
0.276 1.14507363072701
0.2765 1.1440221397897
0.277 1.14297064885239
0.2775 1.14191915791509
0.278 1.14086766697778
0.2785 1.13981617604047
0.279 1.13876468510317
0.2795 1.13771319416586
0.28 1.13666170322855
0.2805 1.13561021229125
0.281 1.13455872135394
0.2815 1.13350723041663
0.282 1.13245573947933
0.2825 1.13140424854202
0.283 1.13035275760471
0.2835 1.12930126666741
0.284 1.1282497757301
0.2845 1.1282497757301
0.285 1.12719828479279
0.2855 1.12614679385549
0.286 1.12509530291818
0.2865 1.12404381198087
0.287 1.12299232104357
0.2875 1.12194083010626
0.288 1.12088933916895
0.2885 1.11983784823165
0.289 1.11878635729434
0.2895 1.11773486635703
0.29 1.11668337541973
0.2905 1.11563188448242
0.291 1.11458039354511
0.2915 1.11352890260781
0.292 1.1124774116705
0.2925 1.1124774116705
0.293 1.11142592073319
0.2935 1.11037442979588
0.294 1.10932293885858
0.2945 1.10827144792127
0.295 1.10721995698396
0.2955 1.10616846604666
0.296 1.10511697510935
0.2965 1.10406548417204
0.297 1.10301399323474
0.2975 1.10196250229743
0.298 1.10091101136012
0.2985 1.09985952042282
0.299 1.09985952042282
0.2995 1.09880802948551
0.3 1.0977565385482
0.3005 1.0967050476109
0.301 1.09565355667359
0.3015 1.09460206573628
0.302 1.09355057479898
0.3025 1.09249908386167
0.303 1.09144759292436
0.3035 1.09039610198706
0.304 1.08934461104975
0.3045 1.08829312011244
0.305 1.08829312011244
0.3055 1.08724162917514
0.306 1.08619013823783
0.3065 1.08513864730052
0.307 1.08408715636322
0.3075 1.08303566542591
0.308 1.0819841744886
0.3085 1.0809326835513
0.309 1.07988119261399
0.3095 1.07882970167668
0.31 1.07777821073938
0.3105 1.07777821073938
0.311 1.07672671980207
0.3115 1.07567522886476
0.312 1.07462373792746
0.3125 1.07357224699015
0.313 1.07252075605284
0.3135 1.07146926511554
0.314 1.07041777417823
0.3145 1.06936628324092
0.315 1.06831479230362
0.3155 1.06831479230362
0.316 1.06726330136631
0.3165 1.066211810429
0.317 1.0651603194917
0.3175 1.06410882855439
0.318 1.06305733761708
0.3185 1.06200584667978
0.319 1.06095435574247
0.3195 1.05990286480516
0.32 1.05990286480516
0.3205 1.05885137386786
0.321 1.05779988293055
0.3215 1.05674839199324
0.322 1.05569690105594
0.3225 1.05464541011863
0.323 1.05359391918132
0.3235 1.05254242824402
0.324 1.05149093730671
0.3245 1.05149093730671
0.325 1.0504394463694
0.3255 1.0493879554321
0.326 1.04833646449479
0.3265 1.04728497355748
0.327 1.04623348262018
0.3275 1.04518199168287
0.328 1.04413050074556
0.3285 1.04413050074556
0.329 1.04307900980826
0.3295 1.04202751887095
0.33 1.04097602793364
0.3305 1.03992453699634
0.331 1.03887304605903
0.3315 1.03782155512172
0.332 1.03677006418442
0.3325 1.03677006418442
0.333 1.03571857324711
0.3335 1.0346670823098
0.334 1.0336155913725
0.3345 1.03256410043519
0.335 1.03151260949788
0.3355 1.03046111856057
0.336 1.02940962762327
0.3365 1.02940962762327
0.337 1.02835813668596
0.3375 1.02730664574865
0.338 1.02625515481135
0.3385 1.02520366387404
0.339 1.02415217293673
0.3395 1.02310068199943
0.34 1.02310068199943
0.3405 1.02204919106212
0.341 1.02099770012481
0.3415 1.01994620918751
0.342 1.0188947182502
0.3425 1.01784322731289
0.343 1.01679173637559
0.3435 1.01574024543828
0.344 1.01574024543828
0.3445 1.01468875450097
0.345 1.01363726356367
0.3455 1.01258577262636
0.346 1.01153428168905
0.3465 1.01048279075175
0.347 1.00943129981444
0.3475 1.00943129981444
0.348 1.00837980887713
0.3485 1.00732831793983
0.349 1.00627682700252
0.3495 1.00522533606521
0.35 1.00417384512791
0.3505 1.0031223541906
0.351 1.0031223541906
0.3515 1.00207086325329
0.352 1.00101937231599
0.3525 0.99996788137868
0.353 0.998916390441374
0.3535 0.997864899504067
0.354 0.997864899504067
0.3545 0.99681340856676
0.355 0.995761917629454
0.3555 0.994710426692147
0.356 0.99365893575484
0.3565 0.992607444817533
0.357 0.991555953880227
0.3575 0.991555953880227
0.358 0.99050446294292
0.3585 0.989452972005613
0.359 0.988401481068307
0.3595 0.987349990131
0.36 0.986298499193693
0.3605 0.986298499193693
0.361 0.985247008256387
0.3615 0.98419551731908
0.362 0.983144026381773
0.3625 0.982092535444466
0.363 0.98104104450716
0.3635 0.979989553569853
0.364 0.979989553569853
0.3645 0.978938062632546
0.365 0.97788657169524
0.3655 0.976835080757933
0.366 0.975783589820626
0.3665 0.974732098883319
0.367 0.974732098883319
0.3675 0.973680607946013
0.368 0.972629117008706
0.3685 0.971577626071399
0.369 0.970526135134093
0.3695 0.969474644196786
0.37 0.969474644196786
0.3705 0.968423153259479
0.371 0.967371662322173
0.3715 0.966320171384866
0.372 0.965268680447559
0.3725 0.964217189510252
0.373 0.964217189510252
0.3735 0.963165698572946
0.374 0.962114207635639
0.3745 0.961062716698332
0.375 0.960011225761025
0.3755 0.958959734823719
0.376 0.958959734823719
0.3765 0.957908243886412
0.377 0.956856752949105
0.3775 0.955805262011799
0.378 0.954753771074492
0.3785 0.953702280137185
0.379 0.953702280137185
0.3795 0.952650789199879
0.38 0.951599298262572
0.3805 0.950547807325265
0.381 0.949496316387958
0.3815 0.949496316387958
0.382 0.948444825450652
0.3825 0.947393334513345
0.383 0.946341843576038
0.3835 0.945290352638732
0.384 0.944238861701425
0.3845 0.944238861701425
0.385 0.943187370764118
0.3855 0.942135879826811
0.386 0.941084388889505
0.3865 0.940032897952198
0.387 0.938981407014891
0.3875 0.938981407014891
0.388 0.937929916077585
0.3885 0.936878425140278
0.389 0.935826934202971
0.3895 0.934775443265665
0.39 0.934775443265665
0.3905 0.933723952328358
0.391 0.932672461391051
0.3915 0.931620970453744
0.392 0.930569479516438
0.3925 0.930569479516438
0.393 0.929517988579131
0.3935 0.928466497641824
0.394 0.927415006704517
0.3945 0.926363515767211
0.395 0.925312024829904
0.3955 0.925312024829904
0.396 0.924260533892597
0.3965 0.923209042955291
0.397 0.922157552017984
0.3975 0.921106061080677
0.398 0.921106061080677
0.3985 0.920054570143371
0.399 0.919003079206064
0.3995 0.917951588268757
0.4 0.91690009733145
0.4005 0.91690009733145
0.401 0.915848606394144
0.4015 0.914797115456837
0.402 0.91374562451953
0.4025 0.912694133582224
0.403 0.911642642644917
0.4035 0.911642642644917
0.404 0.91059115170761
0.4045 0.909539660770303
0.405 0.908488169832997
0.4055 0.90743667889569
0.406 0.90743667889569
0.4065 0.906385187958383
0.407 0.905333697021077
0.4075 0.90428220608377
0.408 0.903230715146463
0.4085 0.903230715146463
0.409 0.902179224209157
0.4095 0.90112773327185
0.41 0.900076242334543
0.4105 0.899024751397236
0.411 0.899024751397236
0.4115 0.89797326045993
0.412 0.896921769522623
0.4125 0.895870278585316
0.413 0.89481878764801
0.4135 0.89481878764801
0.414 0.893767296710703
0.4145 0.892715805773396
0.415 0.891664314836089
0.4155 0.890612823898783
0.416 0.890612823898783
0.4165 0.889561332961476
0.417 0.888509842024169
0.4175 0.887458351086863
0.418 0.886406860149556
0.4185 0.886406860149556
0.419 0.885355369212249
0.4195 0.884303878274943
0.42 0.883252387337636
0.4205 0.882200896400329
0.421 0.882200896400329
0.4215 0.881149405463022
0.422 0.880097914525716
0.4225 0.879046423588409
0.423 0.879046423588409
0.4235 0.877994932651102
0.424 0.876943441713795
0.4245 0.875891950776489
0.425 0.874840459839182
0.4255 0.874840459839182
0.426 0.873788968901875
0.4265 0.872737477964569
0.427 0.871685987027262
0.4275 0.870634496089955
0.428 0.870634496089955
0.4285 0.869583005152649
0.429 0.868531514215342
0.4295 0.867480023278035
0.43 0.866428532340728
0.4305 0.866428532340728
0.431 0.865377041403422
0.4315 0.864325550466115
0.432 0.863274059528808
0.4325 0.862222568591502
0.433 0.862222568591502
0.4335 0.861171077654195
0.434 0.860119586716888
0.4345 0.859068095779581
0.435 0.859068095779581
0.4355 0.858016604842275
0.436 0.856965113904968
0.4365 0.855913622967661
0.437 0.854862132030355
0.4375 0.854862132030355
0.438 0.853810641093048
0.4385 0.852759150155741
0.439 0.851707659218434
0.4395 0.851707659218434
0.44 0.850656168281128
0.4405 0.849604677343821
0.441 0.848553186406514
0.4415 0.847501695469208
0.442 0.847501695469208
0.4425 0.846450204531901
0.443 0.845398713594594
0.4435 0.844347222657287
0.444 0.843295731719981
0.4445 0.843295731719981
0.445 0.842244240782674
0.4455 0.841192749845367
0.446 0.840141258908061
0.4465 0.840141258908061
0.447 0.839089767970754
0.4475 0.838038277033447
0.448 0.836986786096141
0.4485 0.835935295158834
0.449 0.835935295158834
0.4495 0.834883804221527
0.45 0.83383231328422
0.4505 0.832780822346914
0.451 0.832780822346914
0.4515 0.831729331409607
0.452 0.8306778404723
0.4525 0.829626349534994
0.453 0.828574858597687
0.4535 0.828574858597687
0.454 0.82752336766038
0.4545 0.826471876723073
0.455 0.825420385785767
0.4555 0.825420385785767
0.456 0.82436889484846
0.4565 0.823317403911153
0.457 0.822265912973847
0.4575 0.82121442203654
0.458 0.82121442203654
0.4585 0.820162931099233
0.459 0.819111440161926
0.4595 0.81805994922462
0.46 0.81805994922462
0.4605 0.817008458287313
0.461 0.815956967350006
0.4615 0.8149054764127
0.462 0.8149054764127
0.4625 0.813853985475393
0.463 0.812802494538086
0.4635 0.81175100360078
0.464 0.810699512663473
0.4645 0.810699512663473
0.465 0.809648021726166
0.4655 0.808596530788859
0.466 0.807545039851553
0.4665 0.807545039851553
0.467 0.806493548914246
0.4675 0.805442057976939
0.468 0.804390567039633
0.4685 0.804390567039633
0.469 0.803339076102326
0.4695 0.802287585165019
0.47 0.801236094227712
0.4705 0.800184603290406
0.471 0.800184603290406
0.4715 0.799133112353099
0.472 0.798081621415792
0.4725 0.797030130478486
0.473 0.797030130478486
0.4735 0.795978639541179
0.474 0.794927148603872
0.4745 0.793875657666565
0.475 0.793875657666565
0.4755 0.792824166729259
0.476 0.791772675791952
0.4765 0.790721184854645
0.477 0.790721184854645
0.4775 0.789669693917339
0.478 0.788618202980032
0.4785 0.787566712042725
0.479 0.786515221105418
0.4795 0.786515221105418
0.48 0.785463730168112
0.4805 0.784412239230805
0.481 0.783360748293498
0.4815 0.783360748293498
0.482 0.782309257356192
0.4825 0.781257766418885
0.483 0.780206275481578
0.4835 0.780206275481578
0.484 0.779154784544272
0.4845 0.778103293606965
0.485 0.777051802669658
0.4855 0.777051802669658
0.486 0.776000311732351
0.4865 0.774948820795045
0.487 0.773897329857738
0.4875 0.773897329857738
0.488 0.772845838920431
0.4885 0.771794347983125
0.489 0.770742857045818
0.4895 0.769691366108511
0.49 0.769691366108511
0.4905 0.768639875171204
0.491 0.767588384233898
0.4915 0.766536893296591
0.492 0.766536893296591
0.4925 0.765485402359284
0.493 0.764433911421978
0.4935 0.763382420484671
0.494 0.763382420484671
0.4945 0.762330929547364
0.495 0.761279438610057
0.4955 0.760227947672751
0.496 0.760227947672751
0.4965 0.759176456735444
0.497 0.758124965798137
0.4975 0.757073474860831
0.498 0.757073474860831
0.4985 0.756021983923524
0.499 0.754970492986217
0.4995 0.75391900204891
0.5 0.75391900204891
0.5005 0.752867511111604
0.501 0.751816020174297
0.5015 0.75076452923699
0.502 0.75076452923699
0.5025 0.749713038299684
0.503 0.748661547362377
0.5035 0.74761005642507
0.504 0.74761005642507
0.5045 0.746558565487764
0.505 0.745507074550457
0.5055 0.74445558361315
0.506 0.74445558361315
0.5065 0.743404092675843
0.507 0.742352601738537
0.5075 0.74130111080123
0.508 0.74130111080123
0.5085 0.740249619863923
0.509 0.739198128926617
0.5095 0.73814663798931
0.51 0.73814663798931
0.5105 0.737095147052003
0.511 0.736043656114696
0.5115 0.73499216517739
0.512 0.73499216517739
0.5125 0.733940674240083
0.513 0.732889183302776
0.5135 0.73183769236547
0.514 0.73183769236547
0.5145 0.730786201428163
0.515 0.729734710490856
0.5155 0.72868321955355
0.516 0.72868321955355
0.5165 0.727631728616243
0.517 0.726580237678936
0.5175 0.725528746741629
0.518 0.725528746741629
0.5185 0.724477255804323
0.519 0.723425764867016
0.5195 0.722374273929709
0.52 0.722374273929709
0.5205 0.721322782992402
0.521 0.720271292055096
0.5215 0.719219801117789
0.522 0.719219801117789
0.5225 0.718168310180482
0.523 0.717116819243176
0.5235 0.716065328305869
0.524 0.716065328305869
0.5245 0.715013837368562
0.525 0.713962346431256
0.5255 0.712910855493949
0.526 0.712910855493949
0.5265 0.711859364556642
0.527 0.710807873619335
0.5275 0.709756382682029
0.528 0.709756382682029
0.5285 0.708704891744722
0.529 0.707653400807415
0.5295 0.706601909870109
0.53 0.706601909870109
0.5305 0.705550418932802
0.531 0.704498927995495
0.5315 0.703447437058188
0.532 0.703447437058188
0.5325 0.702395946120882
0.533 0.701344455183575
0.5335 0.700292964246268
0.534 0.700292964246268
0.5345 0.699241473308962
0.535 0.698189982371655
0.5355 0.697138491434348
0.536 0.697138491434348
0.5365 0.696087000497042
0.537 0.695035509559735
0.5375 0.695035509559735
0.538 0.693984018622428
0.5385 0.692932527685121
0.539 0.691881036747815
0.5395 0.691881036747815
0.54 0.690829545810508
0.5405 0.689778054873201
0.541 0.688726563935894
0.5415 0.688726563935894
0.542 0.687675072998588
0.5425 0.686623582061281
0.543 0.685572091123974
0.5435 0.685572091123974
0.544 0.684520600186668
0.5445 0.683469109249361
0.545 0.682417618312054
0.5455 0.682417618312054
0.546 0.681366127374748
0.5465 0.680314636437441
0.547 0.679263145500134
0.5475 0.679263145500134
0.548 0.678211654562827
0.5485 0.677160163625521
0.549 0.676108672688214
0.5495 0.676108672688214
0.55 0.675057181750907
0.5505 0.674005690813601
0.551 0.674005690813601
0.5515 0.672954199876294
0.552 0.671902708938987
0.5525 0.67085121800168
0.553 0.67085121800168
0.5535 0.669799727064374
0.554 0.668748236127067
0.5545 0.66769674518976
0.555 0.66769674518976
0.5555 0.666645254252454
0.556 0.665593763315147
0.5565 0.66454227237784
0.557 0.66454227237784
0.5575 0.663490781440534
0.558 0.662439290503227
0.5585 0.66138779956592
0.559 0.66138779956592
0.5595 0.660336308628613
0.56 0.659284817691307
0.5605 0.659284817691307
0.561 0.658233326754
0.5615 0.657181835816693
0.562 0.656130344879387
0.5625 0.656130344879387
0.563 0.65507885394208
0.5635 0.654027363004773
0.564 0.652975872067466
0.5645 0.652975872067466
0.565 0.65192438113016
0.5655 0.650872890192853
0.566 0.649821399255546
0.5665 0.649821399255546
0.567 0.64876990831824
0.5675 0.647718417380933
0.568 0.647718417380933
0.5685 0.646666926443626
0.569 0.64561543550632
0.5695 0.644563944569013
0.57 0.644563944569013
0.5705 0.643512453631706
0.571 0.642460962694399
0.5715 0.641409471757093
0.572 0.641409471757093
0.5725 0.640357980819786
0.573 0.639306489882479
0.5735 0.638254998945172
0.574 0.638254998945172
0.5745 0.637203508007866
0.575 0.636152017070559
0.5755 0.636152017070559
0.576 0.635100526133252
0.5765 0.634049035195946
0.577 0.632997544258639
0.5775 0.632997544258639
0.578 0.631946053321332
0.5785 0.630894562384026
0.579 0.629843071446719
0.5795 0.629843071446719
0.58 0.628791580509412
0.5805 0.627740089572105
0.581 0.626688598634799
0.5815 0.626688598634799
0.582 0.625637107697492
0.5825 0.624585616760185
0.583 0.624585616760185
0.5835 0.623534125822879
0.584 0.622482634885572
0.5845 0.621431143948265
0.585 0.621431143948265
0.5855 0.620379653010958
0.586 0.619328162073652
0.5865 0.618276671136345
0.587 0.618276671136345
0.5875 0.617225180199038
0.588 0.616173689261732
0.5885 0.616173689261732
0.589 0.615122198324425
0.5895 0.614070707387118
0.59 0.613019216449811
0.5905 0.613019216449811
0.591 0.611967725512505
0.5915 0.610916234575198
0.592 0.609864743637891
0.5925 0.609864743637891
0.593 0.608813252700585
0.5935 0.607761761763278
0.594 0.606710270825971
0.5945 0.606710270825971
0.595 0.605658779888665
0.5955 0.604607288951358
0.596 0.604607288951358
0.5965 0.603555798014051
0.597 0.602504307076744
0.5975 0.601452816139438
0.598 0.601452816139438
0.5985 0.600401325202131
0.599 0.599349834264824
0.5995 0.598298343327518
0.6 0.598298343327518
0.6005 0.597246852390211
0.601 0.596195361452904
0.6015 0.596195361452904
0.602 0.595143870515597
0.6025 0.594092379578291
0.603 0.593040888640984
0.6035 0.593040888640984
0.604 0.591989397703677
0.6045 0.590937906766371
0.605 0.589886415829064
0.6055 0.589886415829064
0.606 0.588834924891757
0.6065 0.58778343395445
0.607 0.58778343395445
0.6075 0.586731943017144
0.608 0.585680452079837
0.6085 0.58462896114253
0.609 0.58462896114253
0.6095 0.583577470205224
0.61 0.582525979267917
0.6105 0.582525979267917
0.611 0.58147448833061
0.6115 0.580422997393303
0.612 0.579371506455997
0.6125 0.579371506455997
0.613 0.57832001551869
0.6135 0.577268524581383
0.614 0.576217033644077
0.6145 0.576217033644077
0.615 0.57516554270677
0.6155 0.574114051769463
0.616 0.574114051769463
0.6165 0.573062560832157
0.617 0.57201106989485
0.6175 0.570959578957543
0.618 0.570959578957543
0.6185 0.569908088020236
0.619 0.56885659708293
0.6195 0.567805106145623
0.62 0.567805106145623
0.6205 0.566753615208316
0.621 0.56570212427101
0.6215 0.56570212427101
0.622 0.564650633333703
0.6225 0.563599142396396
0.623 0.562547651459089
0.6235 0.562547651459089
0.624 0.561496160521783
0.6245 0.560444669584476
0.625 0.560444669584476
0.6255 0.559393178647169
0.626 0.558341687709863
0.6265 0.557290196772556
0.627 0.557290196772556
0.6275 0.556238705835249
0.628 0.555187214897942
0.6285 0.554135723960636
0.629 0.554135723960636
0.6295 0.553084233023329
0.63 0.552032742086022
0.6305 0.552032742086022
0.631 0.550981251148716
0.6315 0.549929760211409
0.632 0.548878269274102
0.6325 0.548878269274102
0.633 0.547826778336795
0.6335 0.546775287399489
0.634 0.546775287399489
0.6345 0.545723796462182
0.635 0.544672305524875
0.6355 0.543620814587569
0.636 0.543620814587569
0.6365 0.542569323650262
0.637 0.541517832712955
0.6375 0.540466341775649
0.638 0.540466341775649
0.6385 0.539414850838342
0.639 0.538363359901035
0.6395 0.538363359901035
0.64 0.537311868963728
0.6405 0.536260378026422
0.641 0.535208887089115
0.6415 0.535208887089115
0.642 0.534157396151808
0.6425 0.533105905214502
0.643 0.533105905214502
0.6435 0.532054414277195
0.644 0.531002923339888
0.6445 0.529951432402581
0.645 0.529951432402581
0.6455 0.528899941465275
0.646 0.527848450527968
0.6465 0.526796959590661
0.647 0.526796959590661
0.6475 0.525745468653355
0.648 0.524693977716048
0.6485 0.524693977716048
0.649 0.523642486778741
0.6495 0.522590995841435
0.65 0.521539504904128
0.6505 0.521539504904128
0.651 0.520488013966821
0.6515 0.519436523029514
0.652 0.519436523029514
0.6525 0.518385032092208
0.653 0.517333541154901
0.6535 0.516282050217594
0.654 0.516282050217594
0.6545 0.515230559280287
0.655 0.514179068342981
0.6555 0.514179068342981
0.656 0.513127577405674
0.6565 0.512076086468367
0.657 0.511024595531061
0.6575 0.511024595531061
0.658 0.509973104593754
0.6585 0.508921613656447
0.659 0.508921613656447
0.6595 0.507870122719141
0.66 0.506818631781834
0.6605 0.505767140844527
0.661 0.505767140844527
0.6615 0.50471564990722
0.662 0.503664158969914
0.6625 0.502612668032607
0.663 0.502612668032607
0.6635 0.5015611770953
0.664 0.500509686157994
0.6645 0.500509686157994
0.665 0.499458195220687
0.6655 0.49840670428338
0.666 0.497355213346073
0.6665 0.497355213346073
0.667 0.496303722408767
0.6675 0.49525223147146
0.668 0.49525223147146
0.6685 0.494200740534153
0.669 0.493149249596847
0.6695 0.49209775865954
0.67 0.49209775865954
0.6705 0.491046267722233
0.671 0.489994776784926
0.6715 0.489994776784926
0.672 0.48894328584762
0.6725 0.487891794910313
0.673 0.486840303973006
0.6735 0.486840303973006
0.674 0.4857888130357
0.6745 0.484737322098393
0.675 0.484737322098393
0.6755 0.483685831161086
0.676 0.48263434022378
0.6765 0.481582849286473
0.677 0.481582849286473
0.6775 0.480531358349166
0.678 0.479479867411859
0.6785 0.479479867411859
0.679 0.478428376474553
0.6795 0.477376885537246
0.68 0.476325394599939
0.6805 0.476325394599939
0.681 0.475273903662633
0.6815 0.474222412725326
0.682 0.474222412725326
0.6825 0.473170921788019
0.683 0.472119430850712
0.6835 0.471067939913406
0.684 0.471067939913406
0.6845 0.470016448976099
0.685 0.468964958038792
0.6855 0.468964958038792
0.686 0.467913467101486
0.6865 0.466861976164179
0.687 0.465810485226872
0.6875 0.465810485226872
0.688 0.464758994289565
0.6885 0.463707503352259
0.689 0.463707503352259
0.6895 0.462656012414952
0.69 0.461604521477645
0.6905 0.460553030540339
0.691 0.460553030540339
0.6915 0.459501539603032
0.692 0.458450048665725
0.6925 0.458450048665725
0.693 0.457398557728419
0.6935 0.456347066791112
0.694 0.455295575853805
0.6945 0.455295575853805
0.695 0.454244084916498
0.6955 0.453192593979192
0.696 0.453192593979192
0.6965 0.452141103041885
0.697 0.451089612104578
0.6975 0.450038121167272
0.698 0.450038121167272
0.6985 0.448986630229965
0.699 0.447935139292658
0.6995 0.447935139292658
0.7 0.446883648355351
0.7005 0.445832157418045
0.701 0.444780666480738
0.7015 0.444780666480738
0.702 0.443729175543431
0.7025 0.442677684606125
0.703 0.442677684606125
0.7035 0.441626193668818
0.704 0.440574702731511
0.7045 0.439523211794204
0.705 0.439523211794204
0.7055 0.438471720856898
0.706 0.437420229919591
0.7065 0.437420229919591
0.707 0.436368738982284
0.7075 0.435317248044978
0.708 0.434265757107671
0.7085 0.434265757107671
0.709 0.433214266170364
0.7095 0.432162775233058
0.71 0.432162775233058
0.7105 0.431111284295751
0.711 0.430059793358444
0.7115 0.429008302421137
0.712 0.429008302421137
0.7125 0.427956811483831
0.713 0.426905320546524
0.7135 0.426905320546524
0.714 0.425853829609217
0.7145 0.424802338671911
0.715 0.423750847734604
0.7155 0.423750847734604
0.716 0.422699356797297
0.7165 0.42164786585999
0.717 0.42164786585999
0.7175 0.420596374922684
0.718 0.419544883985377
0.7185 0.41849339304807
0.719 0.41849339304807
0.7195 0.417441902110764
0.72 0.416390411173457
0.7205 0.416390411173457
0.721 0.41533892023615
0.7215 0.414287429298843
0.722 0.413235938361537
0.7225 0.413235938361537
0.723 0.41218444742423
0.7235 0.411132956486923
0.724 0.411132956486923
0.7245 0.410081465549617
0.725 0.40902997461231
0.7255 0.407978483675003
0.726 0.407978483675003
0.7265 0.406926992737696
0.727 0.40587550180039
0.7275 0.40587550180039
0.728 0.404824010863083
0.7285 0.403772519925776
0.729 0.40272102898847
0.7295 0.40272102898847
0.73 0.401669538051163
0.7305 0.400618047113856
0.731 0.400618047113856
0.7315 0.39956655617655
0.732 0.398515065239243
0.7325 0.397463574301936
0.733 0.397463574301936
0.7335 0.396412083364629
0.734 0.395360592427323
0.7345 0.395360592427323
0.735 0.394309101490016
0.7355 0.393257610552709
0.736 0.392206119615403
0.7365 0.392206119615403
0.737 0.391154628678096
0.7375 0.390103137740789
0.738 0.390103137740789
0.7385 0.389051646803482
0.739 0.388000155866176
0.7395 0.388000155866176
0.74 0.386948664928869
0.7405 0.385897173991562
0.741 0.384845683054256
0.7415 0.384845683054256
0.742 0.383794192116949
0.7425 0.382742701179642
0.743 0.382742701179642
0.7435 0.381691210242335
0.744 0.380639719305029
0.7445 0.379588228367722
0.745 0.379588228367722
0.7455 0.378536737430415
0.746 0.377485246493109
0.7465 0.377485246493109
0.747 0.376433755555802
0.7475 0.375382264618495
0.748 0.374330773681189
0.7485 0.374330773681189
0.749 0.373279282743882
0.7495 0.372227791806575
0.75 0.372227791806575
0.7505 0.371176300869268
0.751 0.370124809931962
0.7515 0.369073318994655
0.752 0.369073318994655
0.7525 0.368021828057348
0.753 0.366970337120042
0.7535 0.366970337120042
0.754 0.365918846182735
0.7545 0.364867355245428
0.755 0.363815864308121
0.7555 0.363815864308121
0.756 0.362764373370815
0.7565 0.361712882433508
0.757 0.361712882433508
0.7575 0.360661391496201
0.758 0.359609900558895
0.7585 0.359609900558895
0.759 0.358558409621588
0.7595 0.357506918684281
0.76 0.356455427746974
0.7605 0.356455427746974
0.761 0.355403936809668
0.7615 0.354352445872361
0.762 0.354352445872361
0.7625 0.353300954935054
0.763 0.352249463997748
0.7635 0.351197973060441
0.764 0.351197973060441
0.7645 0.350146482123134
0.765 0.349094991185827
0.7655 0.349094991185827
0.766 0.348043500248521
0.7665 0.346992009311214
0.767 0.345940518373907
0.7675 0.345940518373907
0.768 0.344889027436601
0.7685 0.343837536499294
0.769 0.343837536499294
0.7695 0.342786045561987
0.77 0.34173455462468
0.7705 0.340683063687374
0.771 0.340683063687374
0.7715 0.339631572750067
0.772 0.33858008181276
0.7725 0.33858008181276
0.773 0.337528590875454
0.7735 0.336477099938147
0.774 0.33542560900084
0.7745 0.33542560900084
0.775 0.334374118063534
0.7755 0.333322627126227
0.776 0.333322627126227
0.7765 0.33227113618892
0.777 0.331219645251613
0.7775 0.331219645251613
0.778 0.330168154314307
0.7785 0.329116663377
0.779 0.328065172439693
0.7795 0.328065172439693
0.78 0.327013681502387
0.7805 0.32596219056508
0.781 0.32596219056508
0.7815 0.324910699627773
0.782 0.323859208690466
0.7825 0.32280771775316
0.783 0.32280771775316
0.7835 0.321756226815853
0.784 0.320704735878546
0.7845 0.320704735878546
0.785 0.31965324494124
0.7855 0.318601754003933
0.786 0.317550263066626
0.7865 0.317550263066626
0.787 0.316498772129319
0.7875 0.315447281192013
0.788 0.315447281192013
0.7885 0.314395790254706
0.789 0.313344299317399
0.7895 0.313344299317399
0.79 0.312292808380093
0.7905 0.311241317442786
0.791 0.310189826505479
0.7915 0.310189826505479
0.792 0.309138335568172
0.7925 0.308086844630866
0.793 0.308086844630866
0.7935 0.307035353693559
0.794 0.305983862756252
0.7945 0.304932371818946
0.795 0.304932371818946
0.7955 0.303880880881639
0.796 0.302829389944332
0.7965 0.302829389944332
0.797 0.301777899007026
0.7975 0.300726408069719
0.798 0.299674917132412
0.7985 0.299674917132412
0.799 0.298623426195105
0.7995 0.297571935257799
0.8 0.297571935257799
0.8005 0.296520444320492
0.801 0.295468953383185
0.8015 0.295468953383185
0.802 0.294417462445879
0.8025 0.293365971508572
0.803 0.292314480571265
0.8035 0.292314480571265
0.804 0.291262989633958
0.8045 0.290211498696652
0.805 0.290211498696652
0.8055 0.289160007759345
0.806 0.288108516822038
0.8065 0.287057025884732
0.807 0.287057025884732
0.8075 0.286005534947425
0.808 0.284954044010118
0.8085 0.284954044010118
0.809 0.283902553072811
0.8095 0.282851062135505
0.81 0.281799571198198
0.8105 0.281799571198198
0.811 0.280748080260891
0.8115 0.279696589323585
0.812 0.279696589323585
0.8125 0.278645098386278
0.813 0.277593607448971
0.8135 0.277593607448971
0.814 0.276542116511665
0.8145 0.275490625574358
0.815 0.274439134637051
0.8155 0.274439134637051
0.816 0.273387643699744
0.8165 0.272336152762438
0.817 0.272336152762438
0.8175 0.271284661825131
0.818 0.270233170887824
0.8185 0.269181679950518
0.819 0.269181679950518
0.8195 0.268130189013211
0.82 0.267078698075904
0.8205 0.267078698075904
0.821 0.266027207138597
0.8215 0.264975716201291
0.822 0.263924225263984
0.8225 0.263924225263984
0.823 0.262872734326677
0.8235 0.261821243389371
0.824 0.261821243389371
0.8245 0.260769752452064
0.825 0.259718261514757
0.8255 0.259718261514757
0.826 0.25866677057745
0.8265 0.257615279640144
0.827 0.256563788702837
0.8275 0.256563788702837
0.828 0.25551229776553
0.8285 0.254460806828224
0.829 0.254460806828224
0.8295 0.253409315890917
0.83 0.25235782495361
0.8305 0.251306334016303
0.831 0.251306334016303
0.8315 0.250254843078997
0.832 0.24920335214169
0.8325 0.24920335214169
0.833 0.248151861204383
0.8335 0.247100370267077
0.834 0.24604887932977
0.8345 0.24604887932977
0.835 0.244997388392463
0.8355 0.243945897455157
0.836 0.243945897455157
0.8365 0.24289440651785
0.837 0.241842915580543
0.8375 0.241842915580543
0.838 0.240791424643236
0.8385 0.23973993370593
0.839 0.238688442768623
0.8395 0.238688442768623
0.84 0.237636951831316
0.8405 0.23658546089401
0.841 0.23658546089401
0.8415 0.235533969956703
0.842 0.234482479019396
0.8425 0.233430988082089
0.843 0.233430988082089
0.8435 0.232379497144783
0.844 0.231328006207476
0.8445 0.231328006207476
0.845 0.230276515270169
0.8455 0.229225024332863
0.846 0.229225024332863
0.8465 0.228173533395556
0.847 0.227122042458249
0.8475 0.226070551520942
0.848 0.226070551520942
0.8485 0.225019060583636
0.849 0.223967569646329
0.8495 0.223967569646329
0.85 0.222916078709022
0.8505 0.221864587771716
0.851 0.220813096834409
0.8515 0.220813096834409
0.852 0.219761605897102
0.8525 0.218710114959796
0.853 0.218710114959796
0.8535 0.217658624022489
0.854 0.216607133085182
0.8545 0.215555642147875
0.855 0.215555642147875
0.8555 0.214504151210569
0.856 0.213452660273262
0.8565 0.213452660273262
0.857 0.212401169335955
0.8575 0.211349678398649
0.858 0.211349678398649
0.8585 0.210298187461342
0.859 0.209246696524035
0.8595 0.208195205586728
0.86 0.208195205586728
0.8605 0.207143714649422
0.861 0.206092223712115
0.8615 0.206092223712115
0.862 0.205040732774808
0.8625 0.203989241837502
0.863 0.202937750900195
0.8635 0.202937750900195
0.864 0.201886259962888
0.8645 0.200834769025581
0.865 0.200834769025581
0.8655 0.199783278088275
0.866 0.198731787150968
0.8665 0.198731787150968
0.867 0.197680296213661
0.8675 0.196628805276355
0.868 0.195577314339048
0.8685 0.195577314339048
0.869 0.194525823401741
0.8695 0.193474332464434
0.87 0.193474332464434
0.8705 0.192422841527128
0.871 0.191371350589821
0.8715 0.190319859652514
0.872 0.190319859652514
0.8725 0.189268368715208
0.873 0.188216877777901
0.8735 0.188216877777901
0.874 0.187165386840594
0.8745 0.186113895903288
0.875 0.186113895903288
0.8755 0.185062404965981
0.876 0.184010914028674
0.8765 0.182959423091367
0.877 0.182959423091367
0.8775 0.181907932154061
0.878 0.180856441216754
0.8785 0.180856441216754
0.879 0.179804950279447
0.8795 0.178753459342141
0.88 0.177701968404834
0.8805 0.177701968404834
0.881 0.176650477467527
0.8815 0.17559898653022
0.882 0.17559898653022
0.8825 0.174547495592914
0.883 0.173496004655607
0.8835 0.173496004655607
0.884 0.1724445137183
0.8845 0.171393022780994
0.885 0.170341531843687
0.8855 0.170341531843687
0.886 0.16929004090638
0.8865 0.168238549969073
0.887 0.168238549969073
0.8875 0.167187059031767
0.888 0.16613556809446
0.8885 0.165084077157153
0.889 0.165084077157153
0.8895 0.164032586219847
0.89 0.16298109528254
0.8905 0.16298109528254
0.891 0.161929604345233
0.8915 0.160878113407927
0.892 0.15982662247062
0.8925 0.15982662247062
0.893 0.158775131533313
0.8935 0.157723640596006
0.894 0.157723640596006
0.8945 0.1566721496587
0.895 0.155620658721393
0.8955 0.155620658721393
0.896 0.154569167784086
0.8965 0.15351767684678
0.897 0.152466185909473
0.8975 0.152466185909473
0.898 0.151414694972166
0.8985 0.150363204034859
0.899 0.150363204034859
0.8995 0.149311713097553
0.9 0.148260222160246
0.9005 0.147208731222939
0.901 0.147208731222939
0.9015 0.146157240285633
0.902 0.145105749348326
0.9025 0.145105749348326
0.903 0.144054258411019
0.9035 0.143002767473712
0.904 0.143002767473712
0.9045 0.141951276536406
0.905 0.140899785599099
0.9055 0.139848294661792
0.906 0.139848294661792
0.9065 0.138796803724486
0.907 0.137745312787179
0.9075 0.137745312787179
0.908 0.136693821849872
0.9085 0.135642330912566
0.909 0.134590839975259
0.9095 0.134590839975259
0.91 0.133539349037952
0.9105 0.132487858100645
0.911 0.132487858100645
0.9115 0.131436367163339
0.912 0.130384876226032
0.9125 0.130384876226032
0.913 0.129333385288725
0.9135 0.128281894351419
0.914 0.127230403414112
0.9145 0.127230403414112
0.915 0.126178912476805
0.9155 0.125127421539498
0.916 0.125127421539498
0.9165 0.124075930602192
0.917 0.123024439664885
0.9175 0.121972948727578
0.918 0.121972948727578
0.9185 0.120921457790272
0.919 0.119869966852965
0.9195 0.119869966852965
0.92 0.118818475915658
0.9205 0.117766984978351
0.921 0.117766984978351
0.9215 0.116715494041045
0.922 0.115664003103738
0.9225 0.114612512166431
0.923 0.114612512166431
0.9235 0.113561021229125
0.924 0.112509530291818
0.9245 0.112509530291818
0.925 0.111458039354511
0.9255 0.110406548417204
0.926 0.109355057479898
0.9265 0.109355057479898
0.927 0.108303566542591
0.9275 0.107252075605284
0.928 0.107252075605284
0.9285 0.106200584667978
0.929 0.105149093730671
0.9295 0.105149093730671
0.93 0.104097602793364
0.9305 0.103046111856057
0.931 0.101994620918751
0.9315 0.101994620918751
0.932 0.100943129981444
0.9325 0.0998916390441374
0.933 0.0998916390441374
0.9335 0.0988401481068307
0.934 0.097788657169524
0.9345 0.0967371662322172
0.935 0.0967371662322172
0.9355 0.0956856752949105
0.936 0.0946341843576038
0.9365 0.0946341843576038
0.937 0.0935826934202971
0.9375 0.0925312024829904
0.938 0.0925312024829904
0.9385 0.0914797115456837
0.939 0.090428220608377
0.9395 0.0893767296710703
0.94 0.0893767296710703
0.9405 0.0883252387337636
0.941 0.0872737477964569
0.9415 0.0872737477964569
0.942 0.0862222568591502
0.9425 0.0851707659218434
0.943 0.0841192749845367
0.9435 0.0841192749845367
0.944 0.08306778404723
0.9445 0.0820162931099233
0.945 0.0820162931099233
0.9455 0.0809648021726166
0.946 0.0799133112353099
0.9465 0.0799133112353099
0.947 0.0788618202980032
0.9475 0.0778103293606965
0.948 0.0767588384233898
0.9485 0.0767588384233898
0.949 0.0757073474860831
0.9495 0.0746558565487764
0.95 0.0746558565487764
0.9505 0.0736043656114696
0.951 0.0725528746741629
0.9515 0.0715013837368562
0.952 0.0715013837368562
0.9525 0.0704498927995495
0.953 0.0693984018622428
0.9535 0.0693984018622428
0.954 0.0683469109249361
0.9545 0.0672954199876294
0.955 0.0672954199876294
0.9555 0.0662439290503227
0.956 0.065192438113016
0.9565 0.0641409471757093
0.957 0.0641409471757093
0.9575 0.0630894562384025
0.958 0.0620379653010958
0.9585 0.0620379653010958
0.959 0.0609864743637891
0.9595 0.0599349834264824
0.96 0.0588834924891757
0.9605 0.0588834924891757
0.961 0.057832001551869
0.9615 0.0567805106145623
0.962 0.0567805106145623
0.9625 0.0557290196772556
0.963 0.0546775287399489
0.9635 0.0546775287399489
0.964 0.0536260378026422
0.9645 0.0525745468653355
0.965 0.0515230559280287
0.9655 0.0515230559280287
0.966 0.050471564990722
0.9665 0.0494200740534153
0.967 0.0494200740534153
0.9675 0.0483685831161086
0.968 0.0473170921788019
0.9685 0.0462656012414952
0.969 0.0462656012414952
0.9695 0.0452141103041885
0.97 0.0441626193668818
0.9705 0.0441626193668818
0.971 0.0431111284295751
0.9715 0.0420596374922684
0.972 0.0420596374922684
0.9725 0.0410081465549617
0.973 0.0399566556176549
0.9735 0.0389051646803482
0.974 0.0389051646803482
0.9745 0.0378536737430415
0.975 0.0368021828057348
0.9755 0.0368021828057348
0.976 0.0357506918684281
0.9765 0.0346992009311214
0.977 0.0336477099938147
0.9775 0.0336477099938147
0.978 0.032596219056508
0.9785 0.0315447281192013
0.979 0.0315447281192013
0.9795 0.0304932371818946
0.98 0.0294417462445879
0.9805 0.0294417462445879
0.981 0.0283902553072811
0.9815 0.0273387643699744
0.982 0.0262872734326677
0.9825 0.0262872734326677
0.983 0.025235782495361
0.9835 0.0241842915580543
0.984 0.0241842915580543
0.9845 0.0231328006207476
0.985 0.0220813096834409
0.9855 0.0210298187461342
0.986 0.0210298187461342
0.9865 0.0199783278088275
0.987 0.0189268368715208
0.9875 0.0189268368715208
0.988 0.0178753459342141
0.9885 0.0168238549969073
0.989 0.0168238549969073
0.9895 0.0157723640596006
0.99 0.0147208731222939
0.9905 0.0136693821849872
0.991 0.0136693821849872
0.9915 0.0126178912476805
0.992 0.0115664003103738
0.9925 0.0115664003103738
0.993 0.0105149093730671
0.9935 0.00946341843576038
0.994 0.00841192749845367
0.9945 0.00841192749845367
0.995 0.00736043656114696
0.9955 0.00630894562384026
0.996 0.00630894562384026
0.9965 0.00525745468653355
0.997 0.00420596374922684
0.9975 0.00420596374922684
0.998 0.00315447281192013
0.9985 0.00210298187461342
0.999 0.00105149093730671
0.9995 0.00105149093730671
1 0
