"EPS" "T"
5e-04 2.62245245771793
0.001 2.42941735759866
0.0015 2.312183845575
0.002 2.2269659111321
0.0025 2.15963903474904
0.003 2.10408259130008
0.0035 2.0565300422463
0.004 2.0146273010009
0.0045 1.9779035502465
0.005 1.94447552071365
0.0055 1.91387239508499
0.006 1.88609417336051
0.0065 1.86019922090548
0.007 1.83618753771991
0.0075 1.8140591238038
0.008 1.79287234452242
0.0085 1.77309801719313
0.009 1.75426532449856
0.0095 1.73637426643873
0.01 1.71942484301362
0.0105 1.70294623690588
0.011 1.68740926543287
0.0115 1.67281392859458
0.012 1.65821859175629
0.0125 1.64456488955273
0.013 1.63138200466654
0.0135 1.61866993709771
0.014 1.60642868684624
0.0145 1.59465825391214
0.015 1.58288782097804
0.0155 1.5715882053613
0.016 1.56075940706193
0.0165 1.55040142607992
0.017 1.54004344509791
0.0175 1.53015628143326
0.018 1.52073993508598
0.0185 1.5113235887387
0.019 1.50190724239142
0.0195 1.4929617133615
0.02 1.48401618433158
0.0205 1.47554147261903
0.021 1.46706676090648
0.0215 1.45906286651129
0.022 1.4510589721161
0.0225 1.44305507772091
0.023 1.43552200064308
0.0235 1.42798892356526
0.024 1.4209266638048
0.0245 1.41339358672697
0.025 1.40633132696651
0.0255 1.39926906720605
0.026 1.39267762476295
0.0265 1.38608618231985
0.027 1.37949473987676
0.0275 1.37290329743366
0.028 1.36631185499056
0.0285 1.36019122986483
0.029 1.3540706047391
0.0295 1.34794997961336
0.03 1.34230017180499
0.0305 1.33617954667926
0.031 1.33052973887089
0.0315 1.32487993106252
0.032 1.31923012325415
0.0325 1.31358031544579
0.033 1.30840132495478
0.0335 1.30275151714641
0.034 1.29757252665541
0.0345 1.2923935361644
0.035 1.2872145456734
0.0355 1.28203555518239
0.036 1.27732738200875
0.0365 1.27214839151775
0.037 1.26744021834411
0.0375 1.2622612278531
0.038 1.25755305467946
0.0385 1.25284488150582
0.039 1.24860752564954
0.0395 1.2438993524759
0.04 1.23919117930226
0.0405 1.23495382344598
0.041 1.23024565027234
0.0415 1.22600829441607
0.042 1.22177093855979
0.0425 1.21753358270351
0.043 1.21329622684724
0.0435 1.20905887099096
0.044 1.20482151513468
0.0445 1.20058415927841
0.045 1.19681762073949
0.0455 1.19258026488322
0.046 1.1888137263443
0.0465 1.18457637048803
0.047 1.18080983194911
0.0475 1.1770432934102
0.048 1.17327675487129
0.0485 1.16951021633238
0.049 1.16574367779346
0.0495 1.16197713925455
0.05 1.15821060071564
0.0505 1.15491487949409
0.051 1.15114834095518
0.0515 1.14738180241626
0.052 1.14408608119472
0.0525 1.1403195426558
0.053 1.13702382143425
0.0535 1.13372810021271
0.054 1.13043237899116
0.0545 1.12666584045225
0.055 1.1233701192307
0.0555 1.12007439800915
0.056 1.1167786767876
0.0565 1.11348295556605
0.057 1.1101872343445
0.0575 1.10736233044032
0.058 1.10406660921877
0.0585 1.10077088799722
0.059 1.09794598409304
0.0595 1.09465026287149
0.06 1.09135454164994
0.0605 1.08852963774575
0.061 1.08523391652421
0.0615 1.08240901262002
0.062 1.07958410871584
0.0625 1.07628838749429
0.063 1.0734634835901
0.0635 1.07063857968592
0.064 1.06781367578174
0.0645 1.06498877187755
0.065 1.06216386797337
0.0655 1.05933896406918
0.066 1.056514060165
0.0665 1.05368915626081
0.067 1.05086425235663
0.0675 1.04803934845244
0.068 1.04521444454826
0.0685 1.04238954064407
0.069 1.04003545405725
0.0695 1.03721055015307
0.07 1.03438564624889
0.0705 1.03203155966206
0.071 1.02920665575788
0.0715 1.02685256917106
0.072 1.02402766526688
0.0725 1.02167357868006
0.073 1.01884867477587
0.0735 1.01649458818905
0.074 1.01414050160223
0.0745 1.01131559769805
0.075 1.00896151111122
0.0755 1.0066074245244
0.076 1.00378252062022
0.0765 1.0014284340334
0.077 0.999074347446579
0.0775 0.996720260859759
0.078 0.994366174272938
0.0785 0.992012087686118
0.079 0.989658001099298
0.0795 0.987303914512477
0.08 0.984949827925657
0.0805 0.982595741338836
0.081 0.980241654752016
0.0815 0.977887568165196
0.082 0.975533481578375
0.0825 0.973179394991555
0.083 0.971296125722099
0.0835 0.968942039135278
0.084 0.966587952548458
0.0845 0.964233865961637
0.085 0.962350596692181
0.0855 0.959996510105361
0.086 0.95764242351854
0.0865 0.955759154249084
0.087 0.953405067662263
0.0875 0.951521798392807
0.088 0.949167711805987
0.0885 0.94728444253653
0.089 0.94493035594971
0.0895 0.943047086680254
0.09 0.940693000093433
0.0905 0.938809730823977
0.091 0.936455644237157
0.0915 0.9345723749677
0.092 0.932689105698244
0.0925 0.930335019111423
0.093 0.928451749841967
0.0935 0.926568480572511
0.094 0.92421439398569
0.0945 0.922331124716234
0.095 0.920447855446778
0.0955 0.918564586177322
0.096 0.916681316907865
0.0965 0.914327230321045
0.097 0.912443961051588
0.0975 0.910560691782132
0.098 0.908677422512676
0.0985 0.906794153243219
0.099 0.904910883973763
0.0995 0.903027614704307
0.1 0.90114434543485
0.1005 0.899261076165394
0.101 0.897377806895938
0.1015 0.895494537626481
0.102 0.893611268357025
0.1025 0.891727999087569
0.103 0.889844729818113
0.1035 0.887961460548656
0.104 0.8860781912792
0.1045 0.884665739327108
0.105 0.882782470057651
0.1055 0.880899200788195
0.106 0.879015931518739
0.1065 0.877132662249282
0.107 0.87572021029719
0.1075 0.873836941027734
0.108 0.871953671758277
0.1085 0.870070402488821
0.109 0.868657950536729
0.1095 0.866774681267273
0.11 0.864891411997816
0.1105 0.863478960045724
0.111 0.861595690776268
0.1115 0.859712421506811
0.112 0.858299969554719
0.1125 0.856416700285263
0.113 0.855004248333171
0.1135 0.853120979063714
0.114 0.851708527111622
0.1145 0.849825257842166
0.115 0.848412805890073
0.1155 0.846529536620617
0.116 0.845117084668525
0.1165 0.843233815399068
0.117 0.841821363446976
0.1175 0.83993809417752
0.118 0.838525642225428
0.1185 0.836642372955971
0.119 0.835229921003879
0.1195 0.833817469051787
0.12 0.831934199782331
0.1205 0.830521747830238
0.121 0.829109295878146
0.1215 0.82722602660869
0.122 0.825813574656598
0.1225 0.824401122704505
0.123 0.822517853435049
0.1235 0.821105401482957
0.124 0.819692949530864
0.1245 0.817809680261408
0.125 0.816397228309316
0.1255 0.814984776357224
0.126 0.813572324405131
0.1265 0.812159872453039
0.127 0.810276603183583
0.1275 0.808864151231491
0.128 0.807451699279398
0.1285 0.806039247327306
0.129 0.804626795375214
0.1295 0.803214343423122
0.13 0.801331074153665
0.1305 0.799918622201573
0.131 0.798506170249481
0.1315 0.797093718297389
0.132 0.795681266345296
0.1325 0.794268814393204
0.133 0.792856362441112
0.1335 0.79144391048902
0.134 0.790031458536927
0.1345 0.788619006584835
0.135 0.787206554632743
0.1355 0.785794102680651
0.136 0.784381650728558
0.1365 0.782969198776466
0.137 0.781556746824374
0.1375 0.780144294872282
0.138 0.778731842920189
0.1385 0.777319390968097
0.139 0.775906939016005
0.1395 0.774494487063913
0.14 0.77308203511182
0.1405 0.771669583159728
0.141 0.770727948525
0.1415 0.769315496572908
0.142 0.767903044620816
0.1425 0.766490592668723
0.143 0.765078140716631
0.1435 0.763665688764539
0.144 0.762253236812447
0.1445 0.761311602177719
0.145 0.759899150225626
0.1455 0.758486698273534
0.146 0.757074246321442
0.1465 0.75566179436935
0.147 0.754720159734621
0.1475 0.753307707782529
0.148 0.751895255830437
0.1485 0.750482803878345
0.149 0.749541169243616
0.1495 0.748128717291524
0.15 0.746716265339432
0.1505 0.74530381338734
0.151 0.744362178752612
0.1515 0.742949726800519
0.152 0.741537274848427
0.1525 0.740595640213699
0.153 0.739183188261607
0.1535 0.737770736309515
0.154 0.736829101674786
0.1545 0.735416649722694
0.155 0.734004197770602
0.1555 0.733062563135874
0.156 0.731650111183781
0.1565 0.730708476549053
0.157 0.729296024596961
0.1575 0.727883572644869
0.158 0.726941938010141
0.1585 0.725529486058048
0.159 0.72458785142332
0.1595 0.723175399471228
0.16 0.721762947519136
0.1605 0.720821312884408
0.161 0.719408860932315
0.1615 0.718467226297587
0.162 0.717054774345495
0.1625 0.716113139710767
0.163 0.714700687758675
0.1635 0.713759053123946
0.164 0.712346601171854
0.1645 0.711404966537126
0.165 0.709992514585034
0.1655 0.709050879950306
0.166 0.707638427998213
0.1665 0.706696793363485
0.167 0.705284341411393
0.1675 0.704342706776665
0.168 0.703401072141937
0.1685 0.701988620189844
0.169 0.701046985555116
0.1695 0.699634533603024
0.17 0.698692898968296
0.1705 0.697280447016204
0.171 0.696338812381475
0.1715 0.695397177746747
0.172 0.693984725794655
0.1725 0.693043091159927
0.173 0.692101456525199
0.1735 0.690689004573106
0.174 0.689747369938378
0.1745 0.688334917986286
0.175 0.687393283351558
0.1755 0.68645164871683
0.176 0.685039196764737
0.1765 0.684097562130009
0.177 0.683155927495281
0.1775 0.682214292860553
0.178 0.680801840908461
0.1785 0.679860206273733
0.179 0.678918571639004
0.1795 0.677506119686912
0.18 0.676564485052184
0.1805 0.675622850417456
0.181 0.674210398465364
0.1815 0.673268763830635
0.182 0.672327129195907
0.1825 0.671385494561179
0.183 0.669973042609087
0.1835 0.669031407974359
0.184 0.66808977333963
0.1845 0.667148138704902
0.185 0.666206504070174
0.1855 0.664794052118082
0.186 0.663852417483354
0.1865 0.662910782848626
0.187 0.661969148213898
0.1875 0.661027513579169
0.188 0.659615061627077
0.1885 0.658673426992349
0.189 0.657731792357621
0.1895 0.656790157722893
0.19 0.655848523088164
0.1905 0.654436071136072
0.191 0.653494436501344
0.1915 0.652552801866616
0.192 0.651611167231888
0.1925 0.65066953259716
0.193 0.649727897962431
0.1935 0.648786263327703
0.194 0.647844628692975
0.1945 0.646432176740883
0.195 0.645490542106155
0.1955 0.644548907471426
0.196 0.643607272836698
0.1965 0.64266563820197
0.197 0.641724003567242
0.1975 0.640782368932514
0.198 0.639840734297786
0.1985 0.638899099663057
0.199 0.637957465028329
0.1995 0.636545013076237
0.2 0.635603378441509
0.2005 0.634661743806781
0.201 0.633720109172053
0.2015 0.632778474537324
0.202 0.631836839902596
0.2025 0.630895205267868
0.203 0.62995357063314
0.2035 0.629011935998412
0.204 0.628070301363684
0.2045 0.627128666728956
0.205 0.626187032094227
0.2055 0.625245397459499
0.206 0.624303762824771
0.2065 0.623362128190043
0.207 0.622420493555315
0.2075 0.621478858920587
0.208 0.620537224285858
0.2085 0.61959558965113
0.209 0.618653955016402
0.2095 0.617712320381674
0.21 0.616770685746946
0.2105 0.615829051112218
0.211 0.614887416477489
0.2115 0.613945781842761
0.212 0.613004147208033
0.2125 0.612062512573305
0.213 0.611591695255941
0.2135 0.610650060621213
0.214 0.609708425986485
0.2145 0.608766791351756
0.215 0.607825156717028
0.2155 0.6068835220823
0.216 0.605941887447572
0.2165 0.605000252812844
0.217 0.604058618178116
0.2175 0.603116983543387
0.218 0.602175348908659
0.2185 0.601233714273931
0.219 0.600762896956567
0.2195 0.599821262321839
0.22 0.598879627687111
0.2205 0.597937993052382
0.221 0.596996358417654
0.2215 0.596054723782926
0.222 0.595113089148198
0.2225 0.59417145451347
0.223 0.593700637196106
0.2235 0.592759002561378
0.224 0.591817367926649
0.2245 0.590875733291921
0.225 0.589934098657193
0.2255 0.588992464022465
0.226 0.588521646705101
0.2265 0.587580012070373
0.227 0.586638377435645
0.2275 0.585696742800916
0.228 0.584755108166188
0.2285 0.58381347353146
0.229 0.583342656214096
0.2295 0.582401021579368
0.23 0.58145938694464
0.2305 0.580517752309912
0.231 0.579576117675183
0.2315 0.579105300357819
0.232 0.578163665723091
0.2325 0.577222031088363
0.233 0.576280396453635
0.2335 0.575809579136271
0.234 0.574867944501543
0.2345 0.573926309866814
0.235 0.572984675232086
0.2355 0.572513857914722
0.236 0.571572223279994
0.2365 0.570630588645266
0.237 0.569688954010538
0.2375 0.569218136693174
0.238 0.568276502058445
0.2385 0.567334867423717
0.239 0.566393232788989
0.2395 0.565922415471625
0.24 0.564980780836897
0.2405 0.564039146202169
0.241 0.56309751156744
0.2415 0.562626694250076
0.242 0.561685059615348
0.2425 0.56074342498062
0.243 0.560272607663256
0.2435 0.559330973028528
0.244 0.5583893383938
0.2445 0.557447703759072
0.245 0.556976886441708
0.2455 0.556035251806979
0.246 0.555093617172251
0.2465 0.554622799854887
0.247 0.553681165220159
0.2475 0.552739530585431
0.248 0.552268713268067
0.2485 0.551327078633339
0.249 0.55038544399861
0.2495 0.549914626681246
0.25 0.548972992046518
0.2505 0.54803135741179
0.251 0.547560540094426
0.2515 0.546618905459698
0.252 0.54567727082497
0.2525 0.545206453507605
0.253 0.544264818872877
0.2535 0.543323184238149
0.254 0.542852366920785
0.2545 0.541910732286057
0.255 0.541439914968693
0.2555 0.540498280333965
0.256 0.539556645699236
0.2565 0.539085828381872
0.257 0.538144193747144
0.2575 0.537202559112416
0.258 0.536731741795052
0.2585 0.535790107160324
0.259 0.53531928984296
0.2595 0.534377655208232
0.26 0.533436020573503
0.2605 0.532965203256139
0.261 0.532023568621411
0.2615 0.531552751304047
0.262 0.530611116669319
0.2625 0.529669482034591
0.263 0.529198664717227
0.2635 0.528257030082499
0.264 0.527786212765134
0.2645 0.526844578130406
0.265 0.526373760813042
0.2655 0.525432126178314
0.266 0.524490491543586
0.2665 0.524019674226222
0.267 0.523078039591494
0.2675 0.52260722227413
0.268 0.521665587639401
0.2685 0.521194770322037
0.269 0.520253135687309
0.2695 0.519782318369945
0.27 0.518840683735217
0.2705 0.518369866417853
0.271 0.517428231783125
0.2715 0.516486597148397
0.272 0.516015779831032
0.2725 0.515074145196304
0.273 0.51460332787894
0.2735 0.513661693244212
0.274 0.513190875926848
0.2745 0.51224924129212
0.275 0.511778423974756
0.2755 0.510836789340028
0.276 0.510365972022664
0.2765 0.509424337387935
0.277 0.508953520070571
0.2775 0.508011885435843
0.278 0.507541068118479
0.2785 0.506599433483751
0.279 0.506128616166387
0.2795 0.505186981531659
0.28 0.504716164214295
0.2805 0.503774529579566
0.281 0.503303712262202
0.2815 0.502362077627474
0.282 0.50189126031011
0.2825 0.500949625675382
0.283 0.500478808358018
0.2835 0.500007991040654
0.284 0.499066356405926
0.2845 0.498595539088561
0.285 0.497653904453833
0.2855 0.497183087136469
0.286 0.496241452501741
0.2865 0.495770635184377
0.287 0.494829000549649
0.2875 0.494358183232285
0.288 0.493416548597557
0.2885 0.492945731280192
0.289 0.492474913962828
0.2895 0.4915332793281
0.29 0.491062462010736
0.2905 0.490120827376008
0.291 0.489650010058644
0.2915 0.488708375423916
0.292 0.488237558106552
0.2925 0.487295923471824
0.293 0.486825106154459
0.2935 0.486354288837095
0.294 0.485412654202367
0.2945 0.484941836885003
0.295 0.484000202250275
0.2955 0.483529384932911
0.296 0.483058567615547
0.2965 0.482116932980819
0.297 0.481646115663455
0.2975 0.480704481028726
0.298 0.480233663711362
0.2985 0.479762846393998
0.299 0.47882121175927
0.2995 0.478350394441906
0.3 0.477408759807178
0.3005 0.476937942489814
0.301 0.47646712517245
0.3015 0.475525490537722
0.302 0.475054673220357
0.3025 0.474113038585629
0.303 0.473642221268265
0.3035 0.473171403950901
0.304 0.472229769316173
0.3045 0.471758951998809
0.305 0.471288134681445
0.3055 0.470346500046717
0.306 0.469875682729353
0.3065 0.469404865411988
0.307 0.46846323077726
0.3075 0.467992413459896
0.308 0.467050778825168
0.3085 0.466579961507804
0.309 0.46610914419044
0.3095 0.465167509555712
0.31 0.464696692238348
0.3105 0.464225874920984
0.311 0.463284240286255
0.3115 0.462813422968891
0.312 0.462342605651527
0.3125 0.461400971016799
0.313 0.460930153699435
0.3135 0.460459336382071
0.314 0.459517701747343
0.3145 0.459046884429979
0.315 0.458576067112615
0.3155 0.457634432477886
0.316 0.457163615160522
0.3165 0.456692797843158
0.317 0.45575116320843
0.3175 0.455280345891066
0.318 0.454809528573702
0.3185 0.453867893938974
0.319 0.45339707662161
0.3195 0.452926259304246
0.32 0.452455441986882
0.3205 0.451513807352153
0.321 0.451042990034789
0.3215 0.450572172717425
0.322 0.449630538082697
0.3225 0.449159720765333
0.323 0.448688903447969
0.3235 0.447747268813241
0.324 0.447276451495877
0.3245 0.446805634178513
0.325 0.446334816861149
0.3255 0.44539318222642
0.326 0.444922364909056
0.3265 0.444451547591692
0.327 0.443509912956964
0.3275 0.4430390956396
0.328 0.442568278322236
0.3285 0.442097461004872
0.329 0.441155826370144
0.3295 0.44068500905278
0.33 0.440214191735415
0.3305 0.439743374418051
0.331 0.438801739783323
0.3315 0.438330922465959
0.332 0.437860105148595
0.3325 0.437389287831231
0.333 0.436447653196503
0.3335 0.435976835879139
0.334 0.435506018561775
0.3345 0.435035201244411
0.335 0.434093566609682
0.3355 0.433622749292318
0.336 0.433151931974954
0.3365 0.43268111465759
0.337 0.431739480022862
0.3375 0.431268662705498
0.338 0.430797845388134
0.3385 0.43032702807077
0.339 0.429385393436042
0.3395 0.428914576118678
0.34 0.428443758801313
0.3405 0.427972941483949
0.341 0.427031306849221
0.3415 0.426560489531857
0.342 0.426089672214493
0.3425 0.425618854897129
0.343 0.425148037579765
0.3435 0.424206402945037
0.344 0.423735585627673
0.3445 0.423264768310309
0.345 0.422793950992944
0.3455 0.421852316358216
0.346 0.421381499040852
0.3465 0.420910681723488
0.347 0.420439864406124
0.3475 0.41996904708876
0.348 0.419027412454032
0.3485 0.418556595136668
0.349 0.418085777819304
0.3495 0.41761496050194
0.35 0.417144143184575
0.3505 0.416202508549847
0.351 0.415731691232483
0.3515 0.415260873915119
0.352 0.414790056597755
0.3525 0.414319239280391
0.353 0.413377604645663
0.3535 0.412906787328299
0.354 0.412435970010935
0.3545 0.411965152693571
0.355 0.411494335376207
0.3555 0.411023518058842
0.356 0.410081883424114
0.3565 0.40961106610675
0.357 0.409140248789386
0.3575 0.408669431472022
0.358 0.408198614154658
0.3585 0.407727796837294
0.359 0.406786162202566
0.3595 0.406315344885202
0.36 0.405844527567838
0.3605 0.405373710250473
0.361 0.404902892933109
0.3615 0.404432075615745
0.362 0.403490440981017
0.3625 0.403019623663653
0.363 0.402548806346289
0.3635 0.402077989028925
0.364 0.401607171711561
0.3645 0.401136354394197
0.365 0.400665537076833
0.3655 0.399723902442105
0.366 0.39925308512474
0.3665 0.398782267807376
0.367 0.398311450490012
0.3675 0.397840633172648
0.368 0.397369815855284
0.3685 0.39689899853792
0.369 0.395957363903192
0.3695 0.395486546585828
0.37 0.395015729268464
0.3705 0.3945449119511
0.371 0.394074094633736
0.3715 0.393603277316371
0.372 0.393132459999007
0.3725 0.392190825364279
0.373 0.391720008046915
0.3735 0.391249190729551
0.374 0.390778373412187
0.3745 0.390307556094823
0.375 0.389836738777459
0.3755 0.389365921460095
0.376 0.388895104142731
0.3765 0.388424286825367
0.377 0.387482652190638
0.3775 0.387011834873274
0.378 0.38654101755591
0.3785 0.386070200238546
0.379 0.385599382921182
0.3795 0.385128565603818
0.38 0.384657748286454
0.3805 0.38418693096909
0.381 0.383716113651726
0.3815 0.382774479016998
0.382 0.382303661699634
0.3825 0.381832844382269
0.383 0.381362027064905
0.3835 0.380891209747541
0.384 0.380420392430177
0.3845 0.379949575112813
0.385 0.379478757795449
0.3855 0.379007940478085
0.386 0.378537123160721
0.3865 0.378066305843357
0.387 0.377124671208629
0.3875 0.376653853891265
0.388 0.376183036573901
0.3885 0.375712219256536
0.389 0.375241401939172
0.3895 0.374770584621808
0.39 0.374299767304444
0.3905 0.37382894998708
0.391 0.373358132669716
0.3915 0.372887315352352
0.392 0.372416498034988
0.3925 0.371945680717624
0.393 0.37147486340026
0.3935 0.370533228765532
0.394 0.370062411448167
0.3945 0.369591594130803
0.395 0.369120776813439
0.3955 0.368649959496075
0.396 0.368179142178711
0.3965 0.367708324861347
0.397 0.367237507543983
0.3975 0.366766690226619
0.398 0.366295872909255
0.3985 0.365825055591891
0.399 0.365354238274527
0.3995 0.364883420957163
0.4 0.364412603639798
0.4005 0.363941786322434
0.401 0.36347096900507
0.4015 0.363000151687706
0.402 0.362529334370342
0.4025 0.362058517052978
0.403 0.36111688241825
0.4035 0.360646065100886
0.404 0.360175247783522
0.4045 0.359704430466158
0.405 0.359233613148794
0.4055 0.35876279583143
0.406 0.358291978514065
0.4065 0.357821161196701
0.407 0.357350343879337
0.4075 0.356879526561973
0.408 0.356408709244609
0.4085 0.355937891927245
0.409 0.355467074609881
0.4095 0.354996257292517
0.41 0.354525439975153
0.4105 0.354054622657789
0.411 0.353583805340425
0.4115 0.353112988023061
0.412 0.352642170705696
0.4125 0.352171353388332
0.413 0.351700536070968
0.4135 0.351229718753604
0.414 0.35075890143624
0.4145 0.350288084118876
0.415 0.349817266801512
0.4155 0.349346449484148
0.416 0.348875632166784
0.4165 0.34840481484942
0.417 0.347933997532056
0.4175 0.347463180214692
0.418 0.346992362897327
0.4185 0.346521545579963
0.419 0.346050728262599
0.4195 0.345579910945235
0.42 0.345109093627871
0.4205 0.344638276310507
0.421 0.344167458993143
0.4215 0.343696641675779
0.422 0.343225824358415
0.4225 0.342755007041051
0.423 0.342284189723687
0.4235 0.341813372406323
0.424 0.341342555088958
0.4245 0.340871737771594
0.425 0.34040092045423
0.4255 0.339930103136866
0.426 0.339459285819502
0.4265 0.338988468502138
0.427 0.338517651184774
0.4275 0.33804683386741
0.428 0.337576016550046
0.4285 0.337105199232682
0.429 0.336634381915318
0.4295 0.336163564597954
0.43 0.33569274728059
0.4305 0.335221929963225
0.431 0.334751112645861
0.4315 0.334280295328497
0.432 0.333809478011133
0.4325 0.333338660693769
0.433 0.332867843376405
0.4335 0.332397026059041
0.434 0.331926208741677
0.4345 0.331455391424313
0.435 0.330984574106949
0.4355 0.330513756789585
0.436 0.330042939472221
0.4365 0.329572122154856
0.437 0.329101304837492
0.4375 0.328630487520128
0.438 0.328630487520128
0.4385 0.328159670202764
0.439 0.3276888528854
0.4395 0.327218035568036
0.44 0.326747218250672
0.4405 0.326276400933308
0.441 0.325805583615944
0.4415 0.32533476629858
0.442 0.324863948981216
0.4425 0.324393131663852
0.443 0.323922314346488
0.4435 0.323451497029123
0.444 0.322980679711759
0.4445 0.322509862394395
0.445 0.322039045077031
0.4455 0.321568227759667
0.446 0.321097410442303
0.4465 0.320626593124939
0.447 0.320155775807575
0.4475 0.319684958490211
0.448 0.319684958490211
0.4485 0.319214141172847
0.449 0.318743323855483
0.4495 0.318272506538119
0.45 0.317801689220754
0.4505 0.31733087190339
0.451 0.316860054586026
0.4515 0.316389237268662
0.452 0.315918419951298
0.4525 0.315447602633934
0.453 0.31497678531657
0.4535 0.314505967999206
0.454 0.314035150681842
0.4545 0.313564333364478
0.455 0.313093516047114
0.4555 0.313093516047114
0.456 0.31262269872975
0.4565 0.312151881412386
0.457 0.311681064095021
0.4575 0.311210246777657
0.458 0.310739429460293
0.4585 0.310268612142929
0.459 0.309797794825565
0.4595 0.309326977508201
0.46 0.308856160190837
0.4605 0.308385342873473
0.461 0.307914525556109
0.4615 0.307914525556109
0.462 0.307443708238745
0.4625 0.306972890921381
0.463 0.306502073604017
0.4635 0.306031256286652
0.464 0.305560438969288
0.4645 0.305089621651924
0.465 0.30461880433456
0.4655 0.304147987017196
0.466 0.303677169699832
0.4665 0.303206352382468
0.467 0.303206352382468
0.4675 0.302735535065104
0.468 0.30226471774774
0.4685 0.301793900430376
0.469 0.301323083113012
0.4695 0.300852265795648
0.47 0.300381448478284
0.4705 0.299910631160919
0.471 0.299439813843555
0.4715 0.299439813843555
0.472 0.298968996526191
0.4725 0.298498179208827
0.473 0.298027361891463
0.4735 0.297556544574099
0.474 0.297085727256735
0.4745 0.296614909939371
0.475 0.296144092622007
0.4755 0.295673275304643
0.476 0.295673275304643
0.4765 0.295202457987279
0.477 0.294731640669915
0.4775 0.29426082335255
0.478 0.293790006035186
0.4785 0.293319188717822
0.479 0.292848371400458
0.4795 0.292377554083094
0.48 0.29190673676573
0.4805 0.29190673676573
0.481 0.291435919448366
0.4815 0.290965102131002
0.482 0.290494284813638
0.4825 0.290023467496274
0.483 0.28955265017891
0.4835 0.289081832861546
0.484 0.288611015544181
0.4845 0.288611015544181
0.485 0.288140198226817
0.4855 0.287669380909453
0.486 0.287198563592089
0.4865 0.286727746274725
0.487 0.286256928957361
0.4875 0.285786111639997
0.488 0.285786111639997
0.4885 0.285315294322633
0.489 0.284844477005269
0.4895 0.284373659687905
0.49 0.283902842370541
0.4905 0.283432025053177
0.491 0.282961207735813
0.4915 0.282961207735813
0.492 0.282490390418448
0.4925 0.282019573101084
0.493 0.28154875578372
0.4935 0.281077938466356
0.494 0.280607121148992
0.4945 0.280136303831628
0.495 0.280136303831628
0.4955 0.279665486514264
0.496 0.2791946691969
0.4965 0.278723851879536
0.497 0.278253034562172
0.4975 0.277782217244808
0.498 0.277311399927444
0.4985 0.277311399927444
0.499 0.276840582610079
0.4995 0.276369765292715
0.5 0.275898947975351
0.5005 0.275428130657987
0.501 0.274957313340623
0.5015 0.274957313340623
0.502 0.274486496023259
0.5025 0.274015678705895
0.503 0.273544861388531
0.5035 0.273074044071167
0.504 0.272603226753803
0.5045 0.272603226753803
0.505 0.272132409436439
0.5055 0.271661592119075
0.506 0.27119077480171
0.5065 0.270719957484346
0.507 0.270249140166982
0.5075 0.270249140166982
0.508 0.269778322849618
0.5085 0.269307505532254
0.509 0.26883668821489
0.5095 0.268365870897526
0.51 0.267895053580162
0.5105 0.267895053580162
0.511 0.267424236262798
0.5115 0.266953418945434
0.512 0.26648260162807
0.5125 0.266011784310706
0.513 0.265540966993342
0.5135 0.265540966993342
0.514 0.265070149675977
0.5145 0.264599332358613
0.515 0.264128515041249
0.5155 0.263657697723885
0.516 0.263657697723885
0.5165 0.263186880406521
0.517 0.262716063089157
0.5175 0.262245245771793
0.518 0.261774428454429
0.5185 0.261303611137065
0.519 0.261303611137065
0.5195 0.260832793819701
0.52 0.260361976502337
0.5205 0.259891159184973
0.521 0.259420341867608
0.5215 0.259420341867608
0.522 0.258949524550244
0.5225 0.25847870723288
0.523 0.258007889915516
0.5235 0.257537072598152
0.524 0.257537072598152
0.5245 0.257066255280788
0.525 0.256595437963424
0.5255 0.25612462064606
0.526 0.255653803328696
0.5265 0.255653803328696
0.527 0.255182986011332
0.5275 0.254712168693968
0.528 0.254241351376604
0.5285 0.253770534059239
0.529 0.253770534059239
0.5295 0.253299716741875
0.53 0.252828899424511
0.5305 0.252358082107147
0.531 0.251887264789783
0.5315 0.251887264789783
0.532 0.251416447472419
0.5325 0.250945630155055
0.533 0.250474812837691
0.5335 0.250003995520327
0.534 0.250003995520327
0.5345 0.249533178202963
0.535 0.249062360885599
0.5355 0.248591543568235
0.536 0.248120726250871
0.5365 0.248120726250871
0.537 0.247649908933506
0.5375 0.247179091616142
0.538 0.246708274298778
0.5385 0.246708274298778
0.539 0.246237456981414
0.5395 0.24576663966405
0.54 0.245295822346686
0.5405 0.244825005029322
0.541 0.244825005029322
0.5415 0.244354187711958
0.542 0.243883370394594
0.5425 0.24341255307723
0.543 0.24341255307723
0.5435 0.242941735759866
0.544 0.242470918442502
0.5445 0.242000101125137
0.545 0.241529283807773
0.5455 0.241529283807773
0.546 0.241058466490409
0.5465 0.240587649173045
0.547 0.240116831855681
0.5475 0.240116831855681
0.548 0.239646014538317
0.5485 0.239175197220953
0.549 0.238704379903589
0.5495 0.238233562586225
0.55 0.238233562586225
0.5505 0.237762745268861
0.551 0.237291927951497
0.5515 0.236821110634133
0.552 0.236821110634133
0.5525 0.236350293316769
0.553 0.235879475999404
0.5535 0.23540865868204
0.554 0.23540865868204
0.5545 0.234937841364676
0.555 0.234467024047312
0.5555 0.233996206729948
0.556 0.233996206729948
0.5565 0.233525389412584
0.557 0.23305457209522
0.5575 0.232583754777856
0.558 0.232583754777856
0.5585 0.232112937460492
0.559 0.231642120143128
0.5595 0.231171302825764
0.56 0.231171302825764
0.5605 0.2307004855084
0.561 0.230229668191035
0.5615 0.229758850873671
0.562 0.229758850873671
0.5625 0.229288033556307
0.563 0.228817216238943
0.5635 0.228346398921579
0.564 0.228346398921579
0.5645 0.227875581604215
0.565 0.227404764286851
0.5655 0.226933946969487
0.566 0.226933946969487
0.5665 0.226463129652123
0.567 0.225992312334759
0.5675 0.225521495017395
0.568 0.225521495017395
0.5685 0.225050677700031
0.569 0.224579860382667
0.5695 0.224109043065302
0.57 0.224109043065302
0.5705 0.223638225747938
0.571 0.223167408430574
0.5715 0.22269659111321
0.572 0.22269659111321
0.5725 0.222225773795846
0.573 0.221754956478482
0.5735 0.221284139161118
0.574 0.221284139161118
0.5745 0.220813321843754
0.575 0.22034250452639
0.5755 0.219871687209026
0.576 0.219871687209026
0.5765 0.219400869891662
0.577 0.218930052574298
0.5775 0.218930052574298
0.578 0.218459235256933
0.5785 0.217988417939569
0.579 0.217517600622205
0.5795 0.217517600622205
0.58 0.217046783304841
0.5805 0.216575965987477
0.581 0.216105148670113
0.5815 0.216105148670113
0.582 0.215634331352749
0.5825 0.215163514035385
0.583 0.215163514035385
0.5835 0.214692696718021
0.584 0.214221879400657
0.5845 0.213751062083293
0.585 0.213751062083293
0.5855 0.213280244765929
0.586 0.212809427448564
0.5865 0.2123386101312
0.587 0.2123386101312
0.5875 0.211867792813836
0.588 0.211396975496472
0.5885 0.211396975496472
0.589 0.210926158179108
0.5895 0.210455340861744
0.59 0.20998452354438
0.5905 0.20998452354438
0.591 0.209513706227016
0.5915 0.209042888909652
0.592 0.209042888909652
0.5925 0.208572071592288
0.593 0.208101254274924
0.5935 0.20763043695756
0.594 0.20763043695756
0.5945 0.207159619640196
0.595 0.206688802322831
0.5955 0.206688802322831
0.596 0.206217985005467
0.5965 0.205747167688103
0.597 0.205747167688103
0.5975 0.205276350370739
0.598 0.204805533053375
0.5985 0.204334715736011
0.599 0.204334715736011
0.5995 0.203863898418647
0.6 0.203393081101283
0.6005 0.203393081101283
0.601 0.202922263783919
0.6015 0.202451446466555
0.602 0.201980629149191
0.6025 0.201980629149191
0.603 0.201509811831827
0.6035 0.201038994514462
0.604 0.201038994514462
0.6045 0.200568177197098
0.605 0.200097359879734
0.6055 0.200097359879734
0.606 0.19962654256237
0.6065 0.199155725245006
0.607 0.198684907927642
0.6075 0.198684907927642
0.608 0.198214090610278
0.6085 0.197743273292914
0.609 0.197743273292914
0.6095 0.19727245597555
0.61 0.196801638658186
0.6105 0.196801638658186
0.611 0.196330821340822
0.6115 0.195860004023458
0.612 0.195860004023458
0.6125 0.195389186706093
0.613 0.194918369388729
0.6135 0.194447552071365
0.614 0.194447552071365
0.6145 0.193976734754001
0.615 0.193505917436637
0.6155 0.193505917436637
0.616 0.193035100119273
0.6165 0.192564282801909
0.617 0.192564282801909
0.6175 0.192093465484545
0.618 0.191622648167181
0.6185 0.191622648167181
0.619 0.191151830849817
0.6195 0.190681013532453
0.62 0.190681013532453
0.6205 0.190210196215089
0.621 0.189739378897725
0.6215 0.189739378897725
0.622 0.18926856158036
0.6225 0.188797744262996
0.623 0.188797744262996
0.6235 0.188326926945632
0.624 0.187856109628268
0.6245 0.187385292310904
0.625 0.187385292310904
0.6255 0.18691447499354
0.626 0.186443657676176
0.6265 0.186443657676176
0.627 0.185972840358812
0.6275 0.185502023041448
0.628 0.185502023041448
0.6285 0.185031205724084
0.629 0.18456038840672
0.6295 0.18456038840672
0.63 0.184089571089356
0.6305 0.183618753771991
0.631 0.183618753771991
0.6315 0.183147936454627
0.632 0.182677119137263
0.6325 0.182677119137263
0.633 0.182206301819899
0.6335 0.181735484502535
0.634 0.181735484502535
0.6345 0.181264667185171
0.635 0.180793849867807
0.6355 0.180793849867807
0.636 0.180323032550443
0.6365 0.179852215233079
0.637 0.179852215233079
0.6375 0.179381397915715
0.638 0.178910580598351
0.6385 0.178910580598351
0.639 0.178439763280987
0.6395 0.177968945963623
0.64 0.177968945963623
0.6405 0.177498128646258
0.641 0.177027311328894
0.6415 0.177027311328894
0.642 0.17655649401153
0.6425 0.176085676694166
0.643 0.176085676694166
0.6435 0.175614859376802
0.644 0.175144042059438
0.6445 0.175144042059438
0.645 0.174673224742074
0.6455 0.174673224742074
0.646 0.17420240742471
0.6465 0.173731590107346
0.647 0.173731590107346
0.6475 0.173260772789982
0.648 0.172789955472618
0.6485 0.172789955472618
0.649 0.172319138155254
0.6495 0.171848320837889
0.65 0.171848320837889
0.6505 0.171377503520525
0.651 0.170906686203161
0.6515 0.170906686203161
0.652 0.170435868885797
0.6525 0.169965051568433
0.653 0.169965051568433
0.6535 0.169494234251069
0.654 0.169023416933705
0.6545 0.169023416933705
0.655 0.168552599616341
0.6555 0.168552599616341
0.656 0.168081782298977
0.6565 0.167610964981613
0.657 0.167610964981613
0.6575 0.167140147664249
0.658 0.166669330346885
0.6585 0.166669330346885
0.659 0.16619851302952
0.6595 0.165727695712156
0.66 0.165727695712156
0.6605 0.165256878394792
0.661 0.164786061077428
0.6615 0.164786061077428
0.662 0.164315243760064
0.6625 0.164315243760064
0.663 0.1638444264427
0.6635 0.163373609125336
0.664 0.163373609125336
0.6645 0.162902791807972
0.665 0.162431974490608
0.6655 0.162431974490608
0.666 0.161961157173244
0.6665 0.16149033985588
0.667 0.16149033985588
0.6675 0.161019522538516
0.668 0.161019522538516
0.6685 0.160548705221152
0.669 0.160077887903787
0.6695 0.160077887903787
0.67 0.159607070586423
0.6705 0.159136253269059
0.671 0.159136253269059
0.6715 0.158665435951695
0.672 0.158665435951695
0.6725 0.158194618634331
0.673 0.157723801316967
0.6735 0.157723801316967
0.674 0.157252983999603
0.6745 0.156782166682239
0.675 0.156782166682239
0.6755 0.156311349364875
0.676 0.155840532047511
0.6765 0.155840532047511
0.677 0.155369714730147
0.6775 0.155369714730147
0.678 0.154898897412783
0.6785 0.154428080095418
0.679 0.154428080095418
0.6795 0.153957262778054
0.68 0.15348644546069
0.6805 0.15348644546069
0.681 0.153015628143326
0.6815 0.153015628143326
0.682 0.152544810825962
0.6825 0.152073993508598
0.683 0.152073993508598
0.6835 0.151603176191234
0.684 0.151603176191234
0.6845 0.15113235887387
0.685 0.150661541556506
0.6855 0.150661541556506
0.686 0.150190724239142
0.6865 0.149719906921778
0.687 0.149719906921778
0.6875 0.149249089604414
0.688 0.149249089604414
0.6885 0.14877827228705
0.689 0.148307454969685
0.6895 0.148307454969685
0.69 0.147836637652321
0.6905 0.147836637652321
0.691 0.147365820334957
0.6915 0.146895003017593
0.692 0.146895003017593
0.6925 0.146424185700229
0.693 0.145953368382865
0.6935 0.145953368382865
0.694 0.145482551065501
0.6945 0.145482551065501
0.695 0.145011733748137
0.6955 0.144540916430773
0.696 0.144540916430773
0.6965 0.144070099113409
0.697 0.144070099113409
0.6975 0.143599281796045
0.698 0.143128464478681
0.6985 0.143128464478681
0.699 0.142657647161316
0.6995 0.142657647161316
0.7 0.142186829843952
0.7005 0.141716012526588
0.701 0.141716012526588
0.7015 0.141245195209224
0.702 0.141245195209224
0.7025 0.14077437789186
0.703 0.140303560574496
0.7035 0.140303560574496
0.704 0.139832743257132
0.7045 0.139832743257132
0.705 0.139361925939768
0.7055 0.138891108622404
0.706 0.138891108622404
0.7065 0.13842029130504
0.707 0.13842029130504
0.7075 0.137949473987676
0.708 0.137478656670312
0.7085 0.137478656670312
0.709 0.137007839352947
0.7095 0.137007839352947
0.71 0.136537022035583
0.7105 0.136066204718219
0.711 0.136066204718219
0.7115 0.135595387400855
0.712 0.135595387400855
0.7125 0.135124570083491
0.713 0.134653752766127
0.7135 0.134653752766127
0.714 0.134182935448763
0.7145 0.134182935448763
0.715 0.133712118131399
0.7155 0.133241300814035
0.716 0.133241300814035
0.7165 0.132770483496671
0.717 0.132770483496671
0.7175 0.132299666179307
0.718 0.132299666179307
0.7185 0.131828848861943
0.719 0.131358031544579
0.7195 0.131358031544579
0.72 0.130887214227214
0.7205 0.130887214227214
0.721 0.13041639690985
0.7215 0.129945579592486
0.722 0.129945579592486
0.7225 0.129474762275122
0.723 0.129474762275122
0.7235 0.129003944957758
0.724 0.128533127640394
0.7245 0.128533127640394
0.725 0.12806231032303
0.7255 0.12806231032303
0.726 0.127591493005666
0.7265 0.127591493005666
0.727 0.127120675688302
0.7275 0.126649858370938
0.728 0.126649858370938
0.7285 0.126179041053574
0.729 0.126179041053574
0.7295 0.12570822373621
0.73 0.125237406418845
0.7305 0.125237406418845
0.731 0.124766589101481
0.7315 0.124766589101481
0.732 0.124295771784117
0.7325 0.124295771784117
0.733 0.123824954466753
0.7335 0.123354137149389
0.734 0.123354137149389
0.7345 0.122883319832025
0.735 0.122883319832025
0.7355 0.122412502514661
0.736 0.122412502514661
0.7365 0.121941685197297
0.737 0.121470867879933
0.7375 0.121470867879933
0.738 0.121000050562569
0.7385 0.121000050562569
0.739 0.120529233245205
0.7395 0.120529233245205
0.74 0.120058415927841
0.7405 0.119587598610477
0.741 0.119587598610477
0.7415 0.119116781293112
0.742 0.119116781293112
0.7425 0.118645963975748
0.743 0.118645963975748
0.7435 0.118175146658384
0.744 0.11770432934102
0.7445 0.11770432934102
0.745 0.117233512023656
0.7455 0.117233512023656
0.746 0.116762694706292
0.7465 0.116762694706292
0.747 0.116291877388928
0.7475 0.115821060071564
0.748 0.115821060071564
0.7485 0.1153502427542
0.749 0.1153502427542
0.7495 0.114879425436836
0.75 0.114879425436836
0.7505 0.114408608119472
0.751 0.113937790802108
0.7515 0.113937790802108
0.752 0.113466973484743
0.7525 0.113466973484743
0.753 0.112996156167379
0.7535 0.112996156167379
0.754 0.112525338850015
0.7545 0.112525338850015
0.755 0.112054521532651
0.7555 0.111583704215287
0.756 0.111583704215287
0.7565 0.111112886897923
0.757 0.111112886897923
0.7575 0.110642069580559
0.758 0.110642069580559
0.7585 0.110171252263195
0.759 0.110171252263195
0.7595 0.109700434945831
0.76 0.109229617628467
0.7605 0.109229617628467
0.761 0.108758800311103
0.7615 0.108758800311103
0.762 0.108287982993739
0.7625 0.108287982993739
0.763 0.107817165676374
0.7635 0.107817165676374
0.764 0.10734634835901
0.7645 0.106875531041646
0.765 0.106875531041646
0.7655 0.106404713724282
0.766 0.106404713724282
0.7665 0.105933896406918
0.767 0.105933896406918
0.7675 0.105463079089554
0.768 0.105463079089554
0.7685 0.10499226177219
0.769 0.104521444454826
0.7695 0.104521444454826
0.77 0.104050627137462
0.7705 0.104050627137462
0.771 0.103579809820098
0.7715 0.103579809820098
0.772 0.103108992502734
0.7725 0.103108992502734
0.773 0.10263817518537
0.7735 0.102167357868006
0.774 0.102167357868006
0.7745 0.101696540550641
0.775 0.101696540550641
0.7755 0.101225723233277
0.776 0.101225723233277
0.7765 0.100754905915913
0.777 0.100754905915913
0.7775 0.100284088598549
0.778 0.100284088598549
0.7785 0.0998132712811851
0.779 0.099342453963821
0.7795 0.099342453963821
0.78 0.0988716366464569
0.7805 0.0988716366464569
0.781 0.0984008193290929
0.7815 0.0984008193290929
0.782 0.0979300020117288
0.7825 0.0979300020117288
0.783 0.0974591846943647
0.7835 0.0974591846943647
0.784 0.0969883673770006
0.7845 0.0969883673770006
0.785 0.0965175500596365
0.7855 0.0960467327422725
0.786 0.0960467327422725
0.7865 0.0955759154249084
0.787 0.0955759154249084
0.7875 0.0951050981075443
0.788 0.0951050981075443
0.7885 0.0946342807901802
0.789 0.0946342807901802
0.7895 0.0941634634728161
0.79 0.0941634634728161
0.7905 0.0936926461554521
0.791 0.0936926461554521
0.7915 0.093221828838088
0.792 0.0927510115207239
0.7925 0.0927510115207239
0.793 0.0922801942033598
0.7935 0.0922801942033598
0.794 0.0918093768859957
0.7945 0.0918093768859957
0.795 0.0913385595686317
0.7955 0.0913385595686317
0.796 0.0908677422512676
0.7965 0.0908677422512676
0.797 0.0903969249339035
0.7975 0.0903969249339035
0.798 0.0899261076165394
0.7985 0.0899261076165394
0.799 0.0894552902991753
0.7995 0.0894552902991753
0.8 0.0889844729818113
0.8005 0.0885136556644472
0.801 0.0885136556644472
0.8015 0.0880428383470831
0.802 0.0880428383470831
0.8025 0.087572021029719
0.803 0.087572021029719
0.8035 0.0871012037123549
0.804 0.0871012037123549
0.8045 0.0866303863949908
0.805 0.0866303863949908
0.8055 0.0861595690776268
0.806 0.0861595690776268
0.8065 0.0856887517602627
0.807 0.0856887517602627
0.8075 0.0852179344428986
0.808 0.0852179344428986
0.8085 0.0847471171255345
0.809 0.0847471171255345
0.8095 0.0842762998081704
0.81 0.0838054824908064
0.8105 0.0838054824908064
0.811 0.0833346651734423
0.8115 0.0833346651734423
0.812 0.0828638478560782
0.8125 0.0828638478560782
0.813 0.0823930305387141
0.8135 0.0823930305387141
0.814 0.08192221322135
0.8145 0.08192221322135
0.815 0.081451395903986
0.8155 0.081451395903986
0.816 0.0809805785866219
0.8165 0.0809805785866219
0.817 0.0805097612692578
0.8175 0.0805097612692578
0.818 0.0800389439518937
0.8185 0.0800389439518937
0.819 0.0795681266345296
0.8195 0.0795681266345296
0.82 0.0790973093171656
0.8205 0.0790973093171656
0.821 0.0786264919998015
0.8215 0.0786264919998015
0.822 0.0781556746824374
0.8225 0.0776848573650733
0.823 0.0776848573650733
0.8235 0.0772140400477092
0.824 0.0772140400477092
0.8245 0.0767432227303452
0.825 0.0767432227303452
0.8255 0.0762724054129811
0.826 0.0762724054129811
0.8265 0.075801588095617
0.827 0.075801588095617
0.8275 0.0753307707782529
0.828 0.0753307707782529
0.8285 0.0748599534608888
0.829 0.0748599534608888
0.8295 0.0743891361435248
0.83 0.0743891361435248
0.8305 0.0739183188261607
0.831 0.0739183188261607
0.8315 0.0734475015087966
0.832 0.0734475015087966
0.8325 0.0729766841914325
0.833 0.0729766841914325
0.8335 0.0725058668740684
0.834 0.0725058668740684
0.8345 0.0720350495567044
0.835 0.0720350495567044
0.8355 0.0715642322393403
0.836 0.0715642322393403
0.8365 0.0710934149219762
0.837 0.0710934149219762
0.8375 0.0706225976046121
0.838 0.0706225976046121
0.8385 0.070151780287248
0.839 0.070151780287248
0.8395 0.069680962969884
0.84 0.069680962969884
0.8405 0.0692101456525199
0.841 0.0692101456525199
0.8415 0.0687393283351558
0.842 0.0687393283351558
0.8425 0.0682685110177917
0.843 0.0682685110177917
0.8435 0.0677976937004276
0.844 0.0677976937004276
0.8445 0.0673268763830635
0.845 0.0673268763830635
0.8455 0.0668560590656995
0.846 0.0668560590656995
0.8465 0.0663852417483354
0.847 0.0663852417483354
0.8475 0.0659144244309713
0.848 0.0659144244309713
0.8485 0.0654436071136072
0.849 0.0654436071136072
0.8495 0.0649727897962431
0.85 0.0649727897962431
0.8505 0.0645019724788791
0.851 0.0645019724788791
0.8515 0.064031155161515
0.852 0.064031155161515
0.8525 0.0635603378441509
0.853 0.0635603378441509
0.8535 0.0630895205267868
0.854 0.0630895205267868
0.8545 0.0626187032094227
0.855 0.0626187032094227
0.8555 0.0621478858920587
0.856 0.0621478858920587
0.8565 0.0616770685746946
0.857 0.0616770685746946
0.8575 0.0612062512573305
0.858 0.0612062512573305
0.8585 0.0607354339399664
0.859 0.0607354339399664
0.8595 0.0602646166226023
0.86 0.0602646166226023
0.8605 0.0597937993052383
0.861 0.0597937993052383
0.8615 0.0593229819878742
0.862 0.0593229819878742
0.8625 0.0588521646705101
0.863 0.0588521646705101
0.8635 0.058381347353146
0.864 0.058381347353146
0.8645 0.0579105300357819
0.865 0.0579105300357819
0.8655 0.0574397127184178
0.866 0.0574397127184178
0.8665 0.0569688954010538
0.867 0.0569688954010538
0.8675 0.0564980780836897
0.868 0.0564980780836897
0.8685 0.0560272607663256
0.869 0.0560272607663256
0.8695 0.0555564434489615
0.87 0.0555564434489615
0.8705 0.0550856261315974
0.871 0.0550856261315974
0.8715 0.0546148088142334
0.872 0.0546148088142334
0.8725 0.0546148088142334
0.873 0.0541439914968693
0.8735 0.0541439914968693
0.874 0.0536731741795052
0.8745 0.0536731741795052
0.875 0.0532023568621411
0.8755 0.0532023568621411
0.876 0.052731539544777
0.8765 0.052731539544777
0.877 0.052260722227413
0.8775 0.052260722227413
0.878 0.0517899049100489
0.8785 0.0517899049100489
0.879 0.0513190875926848
0.8795 0.0513190875926848
0.88 0.0508482702753207
0.8805 0.0508482702753207
0.881 0.0503774529579566
0.8815 0.0503774529579566
0.882 0.0499066356405926
0.8825 0.0499066356405926
0.883 0.0494358183232285
0.8835 0.0494358183232285
0.884 0.0489650010058644
0.8845 0.0489650010058644
0.885 0.0484941836885003
0.8855 0.0484941836885003
0.886 0.0484941836885003
0.8865 0.0480233663711362
0.887 0.0480233663711362
0.8875 0.0475525490537722
0.888 0.0475525490537722
0.8885 0.0470817317364081
0.889 0.0470817317364081
0.8895 0.046610914419044
0.89 0.046610914419044
0.8905 0.0461400971016799
0.891 0.0461400971016799
0.8915 0.0456692797843158
0.892 0.0456692797843158
0.8925 0.0451984624669517
0.893 0.0451984624669517
0.8935 0.0447276451495877
0.894 0.0447276451495877
0.8945 0.0442568278322236
0.895 0.0442568278322236
0.8955 0.0437860105148595
0.896 0.0437860105148595
0.8965 0.0437860105148595
0.897 0.0433151931974954
0.8975 0.0433151931974954
0.898 0.0428443758801313
0.8985 0.0428443758801313
0.899 0.0423735585627673
0.8995 0
0.9 0
0.9005 0
0.901 0
0.9015 0
0.902 0
0.9025 0
0.903 0
0.9035 0
0.904 0
0.9045 0
0.905 0
0.9055 0
0.906 0
0.9065 0
0.907 0
0.9075 0
0.908 0
0.9085 0
0.909 0
0.9095 0
0.91 0
0.9105 0
0.911 0
0.9115 0
0.912 0
0.9125 0
0.913 0
0.9135 0
0.914 0
0.9145 0
0.915 0
0.9155 0
0.916 0
0.9165 0
0.917 0
0.9175 0
0.918 0
0.9185 0
0.919 0
0.9195 0
0.92 0
0.9205 0
0.921 0
0.9215 0
0.922 0
0.9225 0
0.923 0
0.9235 0
0.924 0
0.9245 0
0.925 0
0.9255 0
0.926 0
0.9265 0
0.927 0
0.9275 0
0.928 0
0.9285 0
0.929 0
0.9295 0
0.93 0
0.9305 0
0.931 0
0.9315 0
0.932 0
0.9325 0
0.933 0
0.9335 0
0.934 0
0.9345 0
0.935 0
0.9355 0
0.936 0
0.9365 0
0.937 0
0.9375 0
0.938 0
0.9385 0
0.939 0
0.9395 0
0.94 0
0.9405 0
0.941 0
0.9415 0
0.942 0
0.9425 0
0.943 0
0.9435 0
0.944 0
0.9445 0
0.945 0
0.9455 0
0.946 0
0.9465 0
0.947 0
0.9475 0
0.948 0
0.9485 0
0.949 0
0.9495 0
0.95 0
0.9505 0
0.951 0
0.9515 0
0.952 0
0.9525 0
0.953 0
0.9535 0
0.954 0
0.9545 0
0.955 0
0.9555 0
0.956 0
0.9565 0
0.957 0
0.9575 0
0.958 0
0.9585 0
0.959 0
0.9595 0
0.96 0
0.9605 0
0.961 0
0.9615 0
0.962 0
0.9625 0
0.963 0
0.9635 0
0.964 0
0.9645 0
0.965 0
0.9655 0
0.966 0
0.9665 0
0.967 0
0.9675 0
0.968 0
0.9685 0
0.969 0
0.9695 0
0.97 0
0.9705 0
0.971 0
0.9715 0
0.972 0
0.9725 0
0.973 0
0.9735 0
0.974 0
0.9745 0
0.975 0
0.9755 0
0.976 0
0.9765 0
0.977 0
0.9775 0
0.978 0
0.9785 0
0.979 0
0.9795 0
0.98 0
0.9805 0
0.981 0
0.9815 0
0.982 0
0.9825 0
0.983 0
0.9835 0
0.984 0
0.9845 0
0.985 0
0.9855 0
0.986 0
0.9865 0
0.987 0
0.9875 0
0.988 0
0.9885 0
0.989 0
0.9895 0
0.99 0
0.9905 0
0.991 0
0.9915 0
0.992 0
0.9925 0
0.993 0
0.9935 0
0.994 0
0.9945 0
0.995 0
0.9955 0
0.996 0
0.9965 0
0.997 0
0.9975 0
0.998 0
0.9985 0
0.999 0
0.9995 0
1 0
