"EPS" "T"
5e-04 2.97826490723028
0.001 2.80476528295076
0.0015 2.69839867912111
0.002 2.62080336976997
0.0025 2.55977335117918
0.003 2.50833376408124
0.0035 2.46474089365925
0.004 2.42725102509634
0.0045 2.39237672875875
0.005 2.36186171946335
0.0055 2.33396228239328
0.006 2.30867841754853
0.0065 2.28426641011221
0.007 2.26246997490122
0.0075 2.24154539709867
0.008 2.22236453411299
0.0085 2.20318367112732
0.009 2.18574652295852
0.0095 2.16918123219816
0.01 2.15348779884625
0.0105 2.13866622290277
0.011 2.1238446469593
0.0115 2.10989492842426
0.012 2.09681706729766
0.0125 2.08373920617107
0.013 2.07153320245291
0.0135 2.05932719873475
0.014 2.04799305242504
0.0145 2.03665890611532
0.015 2.02619661721404
0.0155 2.01573432831276
0.016 2.00527203941149
0.0165 1.99568160791865
0.017 1.98609117642581
0.0175 1.97650074493297
0.018 1.96691031344014
0.0185 1.95819173935574
0.019 1.94947316527134
0.0195 1.94075459118694
0.02 1.93290787451098
0.0205 1.92506115783503
0.021 1.91721444115907
0.0215 1.90936772448311
0.022 1.90152100780715
0.0225 1.89367429113119
0.023 1.88669943186368
0.0235 1.87972457259616
0.024 1.87274971332864
0.0245 1.86577485406112
0.025 1.8587999947936
0.0255 1.85182513552609
0.026 1.84572213366701
0.0265 1.83961913180793
0.027 1.83264427254041
0.0275 1.82654127068133
0.028 1.82043826882225
0.0285 1.81433526696318
0.029 1.80910412251254
0.0295 1.80300112065346
0.03 1.79689811879438
0.0305 1.79166697434374
0.031 1.78556397248466
0.0315 1.78033282803402
0.032 1.77510168358339
0.0325 1.76987053913275
0.033 1.76463939468211
0.0335 1.75940825023147
0.034 1.75417710578083
0.0345 1.74894596133019
0.035 1.74371481687955
0.0355 1.73935552983735
0.036 1.73412438538672
0.0365 1.72976509834452
0.037 1.72453395389388
0.0375 1.72017466685168
0.038 1.71494352240104
0.0385 1.71058423535884
0.039 1.70622494831664
0.0395 1.70186566127444
0.04 1.69750637423225
0.0405 1.69314708719005
0.041 1.68878780014785
0.0415 1.68442851310565
0.042 1.68006922606345
0.0425 1.67570993902125
0.043 1.67135065197905
0.0435 1.66786322234529
0.044 1.66350393530309
0.0445 1.65914464826089
0.045 1.65565721862714
0.0455 1.65129793158494
0.046 1.64781050195118
0.0465 1.64345121490898
0.047 1.63996378527522
0.0475 1.63647635564146
0.048 1.63211706859926
0.0485 1.6286296389655
0.049 1.62514220933174
0.0495 1.62165477969798
0.05 1.61729549265579
0.0505 1.61380806302203
0.051 1.61032063338827
0.0515 1.60683320375451
0.052 1.60334577412075
0.0525 1.59985834448699
0.053 1.59637091485323
0.0535 1.59288348521947
0.054 1.58939605558571
0.0545 1.58678048336039
0.055 1.58329305372663
0.0555 1.57980562409288
0.056 1.57631819445912
0.0565 1.57283076482536
0.057 1.57021519260004
0.0575 1.56672776296628
0.058 1.56324033333252
0.0585 1.5606247611072
0.059 1.55713733147344
0.0595 1.55452175924812
0.06 1.55103432961436
0.0605 1.5475468999806
0.061 1.54493132775528
0.0615 1.54144389812153
0.062 1.53882832589621
0.0625 1.53621275367089
0.063 1.53272532403713
0.0635 1.53010975181181
0.064 1.52662232217805
0.0645 1.52400674995273
0.065 1.52139117772741
0.0655 1.51790374809365
0.066 1.51528817586833
0.0665 1.51267260364301
0.067 1.51005703141769
0.0675 1.50744145919237
0.068 1.50395402955861
0.0685 1.5013384573333
0.069 1.49872288510798
0.0695 1.49610731288266
0.07 1.49349174065734
0.0705 1.49087616843202
0.071 1.4882605962067
0.0715 1.48564502398138
0.072 1.48302945175606
0.0725 1.48041387953074
0.073 1.47779830730542
0.0735 1.4751827350801
0.074 1.47256716285478
0.0745 1.46995159062946
0.075 1.46733601840414
0.0755 1.46472044617882
0.076 1.46210487395351
0.0765 1.45948930172819
0.077 1.45687372950287
0.0775 1.45425815727755
0.078 1.45164258505223
0.0785 1.44989887023535
0.079 1.44728329801003
0.0795 1.44466772578471
0.08 1.44205215355939
0.0805 1.44030843874251
0.081 1.43769286651719
0.0815 1.43507729429187
0.082 1.43246172206655
0.0825 1.43071800724967
0.083 1.42810243502435
0.0835 1.42548686279903
0.084 1.42374314798216
0.0845 1.42112757575684
0.085 1.41851200353152
0.0855 1.41676828871464
0.086 1.41415271648932
0.0865 1.41240900167244
0.087 1.40979342944712
0.0875 1.4071778572218
0.088 1.40543414240492
0.0885 1.4028185701796
0.089 1.40107485536272
0.0895 1.3984592831374
0.09 1.39671556832052
0.0905 1.3940999960952
0.091 1.39235628127832
0.0915 1.389740709053
0.092 1.38799699423612
0.0925 1.38538142201081
0.093 1.38363770719393
0.0935 1.38102213496861
0.094 1.37927842015173
0.0945 1.37753470533485
0.095 1.37491913310953
0.0955 1.37317541829265
0.096 1.37143170347577
0.0965 1.36881613125045
0.097 1.36707241643357
0.0975 1.36445684420825
0.098 1.36271312939137
0.0985 1.36096941457449
0.099 1.35835384234917
0.0995 1.35661012753229
0.1 1.35486641271541
0.1005 1.35312269789853
0.101 1.35050712567321
0.1015 1.34876341085633
0.102 1.34701969603945
0.1025 1.34527598122258
0.103 1.34266040899726
0.1035 1.34091669418038
0.104 1.3391729793635
0.1045 1.33742926454662
0.105 1.3348136923213
0.1055 1.33306997750442
0.106 1.33132626268754
0.1065 1.32958254787066
0.107 1.32783883305378
0.1075 1.32522326082846
0.108 1.32347954601158
0.1085 1.3217358311947
0.109 1.31999211637782
0.1095 1.31824840156094
0.11 1.31650468674406
0.1105 1.31476097192718
0.111 1.3130172571103
0.1115 1.31040168488498
0.112 1.3086579700681
0.1125 1.30691425525123
0.113 1.30517054043435
0.1135 1.30342682561747
0.114 1.30168311080059
0.1145 1.29993939598371
0.115 1.29819568116683
0.1155 1.29645196634995
0.116 1.29470825153307
0.1165 1.29296453671619
0.117 1.29122082189931
0.1175 1.28947710708243
0.118 1.28773339226555
0.1185 1.28598967744867
0.119 1.28424596263179
0.1195 1.28250224781491
0.12 1.28075853299803
0.1205 1.27901481818115
0.121 1.27727110336427
0.1215 1.27552738854739
0.122 1.27378367373051
0.1225 1.27203995891363
0.123 1.27029624409675
0.1235 1.26855252927987
0.124 1.266808814463
0.1245 1.26506509964612
0.125 1.26419324223768
0.1255 1.2624495274208
0.126 1.26070581260392
0.1265 1.25896209778704
0.127 1.25721838297016
0.1275 1.25547466815328
0.128 1.2537309533364
0.1285 1.25198723851952
0.129 1.25024352370264
0.1295 1.2493716662942
0.13 1.24762795147732
0.1305 1.24588423666044
0.131 1.24414052184356
0.1315 1.24239680702668
0.132 1.2406530922098
0.1325 1.23978123480136
0.133 1.23803751998448
0.1335 1.2362938051676
0.134 1.23455009035072
0.1345 1.23280637553384
0.135 1.23106266071696
0.1355 1.23019080330852
0.136 1.22844708849165
0.1365 1.22670337367477
0.137 1.22495965885789
0.1375 1.22408780144945
0.138 1.22234408663257
0.1385 1.22060037181569
0.139 1.21885665699881
0.1395 1.21798479959037
0.14 1.21624108477349
0.1405 1.21449736995661
0.141 1.21275365513973
0.1415 1.21188179773129
0.142 1.21013808291441
0.1425 1.20839436809753
0.143 1.20665065328065
0.1435 1.20577879587221
0.144 1.20403508105533
0.1445 1.20229136623845
0.145 1.20141950883001
0.1455 1.19967579401313
0.146 1.19793207919625
0.1465 1.19706022178781
0.147 1.19531650697093
0.1475 1.19357279215405
0.148 1.19270093474561
0.1485 1.19095721992873
0.149 1.18921350511186
0.1495 1.18834164770342
0.15 1.18659793288654
0.1505 1.18485421806966
0.151 1.18398236066122
0.1515 1.18223864584434
0.152 1.18049493102746
0.1525 1.17962307361902
0.153 1.17787935880214
0.1535 1.17613564398526
0.154 1.17526378657682
0.1545 1.17352007175994
0.155 1.1726482143515
0.1555 1.17090449953462
0.156 1.16916078471774
0.1565 1.1682889273093
0.157 1.16654521249242
0.1575 1.16567335508398
0.158 1.1639296402671
0.1585 1.16218592545022
0.159 1.16131406804178
0.1595 1.1595703532249
0.16 1.15869849581646
0.1605 1.15695478099958
0.161 1.15608292359114
0.1615 1.15433920877426
0.162 1.15259549395738
0.1625 1.15172363654894
0.163 1.14997992173207
0.1635 1.14910806432363
0.164 1.14736434950675
0.1645 1.14649249209831
0.165 1.14474877728143
0.1655 1.14387691987299
0.166 1.14213320505611
0.1665 1.14126134764767
0.167 1.13951763283079
0.1675 1.13864577542235
0.168 1.13690206060547
0.1685 1.13603020319703
0.169 1.13428648838015
0.1695 1.13341463097171
0.17 1.13167091615483
0.1705 1.13079905874639
0.171 1.12905534392951
0.1715 1.12818348652107
0.172 1.12643977170419
0.1725 1.12556791429575
0.173 1.12382419947887
0.1735 1.12295234207043
0.174 1.12120862725355
0.1745 1.12033676984511
0.175 1.11859305502823
0.1755 1.11772119761979
0.176 1.11597748280291
0.1765 1.11510562539447
0.177 1.11336191057759
0.1775 1.11249005316916
0.178 1.11074633835228
0.1785 1.10987448094384
0.179 1.1090026235354
0.1795 1.10725890871852
0.18 1.10638705131008
0.1805 1.1046433364932
0.181 1.10377147908476
0.1815 1.10202776426788
0.182 1.10115590685944
0.1825 1.100284049451
0.183 1.09854033463412
0.1835 1.09766847722568
0.184 1.0959247624088
0.1845 1.09505290500036
0.185 1.09418104759192
0.1855 1.09243733277504
0.186 1.0915654753666
0.1865 1.08982176054972
0.187 1.08894990314128
0.1875 1.08807804573284
0.188 1.08633433091596
0.1885 1.08546247350752
0.189 1.08371875869064
0.1895 1.0828469012822
0.19 1.08197504387376
0.1905 1.08023132905688
0.191 1.07935947164844
0.1915 1.07761575683156
0.192 1.07674389942312
0.1925 1.07587204201468
0.193 1.0741283271978
0.1935 1.07325646978936
0.194 1.07238461238093
0.1945 1.07064089756405
0.195 1.06976904015561
0.1955 1.06889718274717
0.196 1.06715346793029
0.1965 1.06628161052185
0.197 1.06540975311341
0.1975 1.06366603829653
0.198 1.06279418088809
0.1985 1.06192232347965
0.199 1.06017860866277
0.1995 1.05930675125433
0.2 1.05843489384589
0.2005 1.05669117902901
0.201 1.05581932162057
0.2015 1.05494746421213
0.202 1.05320374939525
0.2025 1.05233189198681
0.203 1.05146003457837
0.2035 1.04971631976149
0.204 1.04884446235305
0.2045 1.04797260494461
0.205 1.04622889012773
0.2055 1.04535703271929
0.206 1.04448517531085
0.2065 1.04361331790241
0.207 1.04186960308553
0.2075 1.04099774567709
0.208 1.04012588826865
0.2085 1.03838217345177
0.209 1.03751031604333
0.2095 1.03663845863489
0.21 1.03576660122645
0.2105 1.03402288640958
0.211 1.03315102900114
0.2115 1.0322791715927
0.212 1.03053545677582
0.2125 1.02966359936738
0.213 1.02879174195894
0.2135 1.0279198845505
0.214 1.02617616973362
0.2145 1.02530431232518
0.215 1.02443245491674
0.2155 1.0235605975083
0.216 1.02181688269142
0.2165 1.02094502528298
0.217 1.02007316787454
0.2175 1.0192013104661
0.218 1.01745759564922
0.2185 1.01658573824078
0.219 1.01571388083234
0.2195 1.0148420234239
0.22 1.01309830860702
0.2205 1.01222645119858
0.221 1.01135459379014
0.2215 1.0104827363817
0.222 1.00961087897326
0.2225 1.00786716415638
0.223 1.00699530674794
0.2235 1.0061234493395
0.224 1.00525159193106
0.2245 1.00350787711418
0.225 1.00263601970574
0.2255 1.0017641622973
0.226 1.00089230488886
0.2265 1.00002044748042
0.227 0.998276732663544
0.2275 0.997404875255104
0.228 0.996533017846665
0.2285 0.995661160438225
0.229 0.994789303029785
0.2295 0.993045588212906
0.23 0.992173730804466
0.2305 0.991301873396026
0.231 0.990430015987586
0.2315 0.989558158579147
0.232 0.987814443762267
0.2325 0.986942586353827
0.233 0.986070728945387
0.2335 0.985198871536948
0.234 0.984327014128508
0.2345 0.982583299311628
0.235 0.981711441903188
0.2355 0.980839584494749
0.236 0.979967727086309
0.2365 0.979095869677869
0.237 0.978224012269429
0.2375 0.97648029745255
0.238 0.97560844004411
0.2385 0.97473658263567
0.239 0.973864725227231
0.2395 0.972992867818791
0.24 0.972121010410351
0.2405 0.970377295593471
0.241 0.969505438185032
0.2415 0.968633580776592
0.242 0.967761723368152
0.2425 0.966889865959712
0.243 0.966018008551273
0.2435 0.964274293734393
0.244 0.963402436325953
0.2445 0.962530578917513
0.245 0.961658721509074
0.2455 0.960786864100634
0.246 0.959915006692194
0.2465 0.959043149283754
0.247 0.957299434466875
0.2475 0.956427577058435
0.248 0.955555719649995
0.2485 0.954683862241555
0.249 0.953812004833116
0.2495 0.952940147424676
0.25 0.952068290016236
0.2505 0.951196432607796
0.251 0.949452717790917
0.2515 0.948580860382477
0.252 0.947709002974037
0.2525 0.946837145565597
0.253 0.945965288157158
0.2535 0.945093430748718
0.254 0.944221573340278
0.2545 0.943349715931838
0.255 0.941606001114959
0.2555 0.940734143706519
0.256 0.939862286298079
0.2565 0.938990428889639
0.257 0.9381185714812
0.2575 0.93724671407276
0.258 0.93637485666432
0.2585 0.93550299925588
0.259 0.934631141847441
0.2595 0.932887427030561
0.26 0.932015569622121
0.2605 0.931143712213681
0.261 0.930271854805242
0.2615 0.929399997396802
0.262 0.928528139988362
0.2625 0.927656282579922
0.263 0.926784425171483
0.2635 0.925912567763043
0.264 0.925040710354603
0.2645 0.924168852946163
0.265 0.922425138129284
0.2655 0.921553280720844
0.266 0.920681423312404
0.2665 0.919809565903964
0.267 0.918937708495525
0.2675 0.918065851087085
0.268 0.917193993678645
0.2685 0.916322136270205
0.269 0.915450278861765
0.2695 0.914578421453326
0.27 0.913706564044886
0.2705 0.912834706636446
0.271 0.911962849228006
0.2715 0.911090991819567
0.272 0.909347277002687
0.2725 0.908475419594247
0.273 0.907603562185808
0.2735 0.906731704777368
0.274 0.905859847368928
0.2745 0.904987989960488
0.275 0.904116132552048
0.2755 0.903244275143609
0.276 0.902372417735169
0.2765 0.901500560326729
0.277 0.900628702918289
0.2775 0.899756845509849
0.278 0.89888498810141
0.2785 0.89801313069297
0.279 0.89714127328453
0.2795 0.89626941587609
0.28 0.895397558467651
0.2805 0.894525701059211
0.281 0.892781986242331
0.2815 0.891910128833892
0.282 0.891038271425452
0.2825 0.890166414017012
0.283 0.889294556608572
0.2835 0.888422699200132
0.284 0.887550841791693
0.2845 0.886678984383253
0.285 0.885807126974813
0.2855 0.884935269566373
0.286 0.884063412157933
0.2865 0.883191554749494
0.287 0.882319697341054
0.2875 0.881447839932614
0.288 0.880575982524174
0.2885 0.879704125115735
0.289 0.878832267707295
0.2895 0.877960410298855
0.29 0.877088552890415
0.2905 0.876216695481976
0.291 0.875344838073536
0.2915 0.874472980665096
0.292 0.873601123256656
0.2925 0.872729265848216
0.293 0.871857408439777
0.2935 0.870985551031337
0.294 0.870113693622897
0.2945 0.869241836214457
0.295 0.868369978806018
0.2955 0.867498121397578
0.296 0.866626263989138
0.2965 0.865754406580698
0.297 0.864882549172258
0.2975 0.864010691763819
0.298 0.863138834355379
0.2985 0.862266976946939
0.299 0.861395119538499
0.2995 0.86052326213006
0.3 0.85965140472162
0.3005 0.85877954731318
0.301 0.85790768990474
0.3015 0.8570358324963
0.302 0.856163975087861
0.3025 0.855292117679421
0.303 0.854420260270981
0.3035 0.853548402862541
0.304 0.852676545454102
0.3045 0.851804688045662
0.305 0.850932830637222
0.3055 0.850060973228782
0.306 0.849189115820343
0.3065 0.848317258411903
0.307 0.847445401003463
0.3075 0.846573543595023
0.308 0.845701686186583
0.3085 0.844829828778144
0.309 0.843957971369704
0.3095 0.843086113961264
0.31 0.842214256552824
0.3105 0.841342399144384
0.311 0.840470541735945
0.3115 0.839598684327505
0.312 0.838726826919065
0.3125 0.837854969510625
0.313 0.836983112102186
0.3135 0.836111254693746
0.314 0.835239397285306
0.3145 0.834367539876866
0.315 0.833495682468427
0.3155 0.832623825059987
0.316 0.831751967651547
0.3165 0.830880110243107
0.317 0.830008252834667
0.3175 0.830008252834667
0.318 0.829136395426228
0.3185 0.828264538017788
0.319 0.827392680609348
0.3195 0.826520823200908
0.32 0.825648965792468
0.3205 0.824777108384029
0.321 0.823905250975589
0.3215 0.823033393567149
0.322 0.822161536158709
0.3225 0.82128967875027
0.323 0.82041782134183
0.3235 0.81954596393339
0.324 0.81867410652495
0.3245 0.81780224911651
0.325 0.816930391708071
0.3255 0.816058534299631
0.326 0.815186676891191
0.3265 0.814314819482751
0.327 0.813442962074312
0.3275 0.812571104665872
0.328 0.812571104665872
0.3285 0.811699247257432
0.329 0.810827389848992
0.3295 0.809955532440553
0.33 0.809083675032113
0.3305 0.808211817623673
0.331 0.807339960215233
0.3315 0.806468102806793
0.332 0.805596245398354
0.3325 0.804724387989914
0.333 0.803852530581474
0.3335 0.802980673173034
0.334 0.802108815764594
0.3345 0.801236958356155
0.335 0.800365100947715
0.3355 0.800365100947715
0.336 0.799493243539275
0.3365 0.798621386130835
0.337 0.797749528722396
0.3375 0.796877671313956
0.338 0.796005813905516
0.3385 0.795133956497076
0.339 0.794262099088637
0.3395 0.793390241680197
0.34 0.792518384271757
0.3405 0.791646526863317
0.341 0.790774669454877
0.3415 0.789902812046438
0.342 0.789902812046438
0.3425 0.789030954637998
0.343 0.788159097229558
0.3435 0.787287239821118
0.344 0.786415382412678
0.3445 0.785543525004239
0.345 0.784671667595799
0.3455 0.783799810187359
0.346 0.782927952778919
0.3465 0.78205609537048
0.347 0.78118423796204
0.3475 0.7803123805536
0.348 0.7803123805536
0.3485 0.77944052314516
0.349 0.778568665736721
0.3495 0.777696808328281
0.35 0.776824950919841
0.3505 0.775953093511401
0.351 0.775081236102961
0.3515 0.774209378694522
0.352 0.773337521286082
0.3525 0.772465663877642
0.353 0.772465663877642
0.3535 0.771593806469202
0.354 0.770721949060763
0.3545 0.769850091652323
0.355 0.768978234243883
0.3555 0.768106376835443
0.356 0.767234519427003
0.3565 0.766362662018564
0.357 0.765490804610124
0.3575 0.764618947201684
0.358 0.764618947201684
0.3585 0.763747089793244
0.359 0.762875232384805
0.3595 0.762003374976365
0.36 0.761131517567925
0.3605 0.760259660159485
0.361 0.759387802751045
0.3615 0.758515945342606
0.362 0.757644087934166
0.3625 0.757644087934166
0.363 0.756772230525726
0.3635 0.755900373117286
0.364 0.755028515708847
0.3645 0.754156658300407
0.365 0.753284800891967
0.3655 0.752412943483527
0.366 0.751541086075088
0.3665 0.750669228666648
0.367 0.750669228666648
0.3675 0.749797371258208
0.368 0.748925513849768
0.3685 0.748053656441328
0.369 0.747181799032889
0.3695 0.746309941624449
0.37 0.745438084216009
0.3705 0.744566226807569
0.371 0.744566226807569
0.3715 0.743694369399129
0.372 0.74282251199069
0.3725 0.74195065458225
0.373 0.74107879717381
0.3735 0.74020693976537
0.374 0.739335082356931
0.3745 0.739335082356931
0.375 0.738463224948491
0.3755 0.737591367540051
0.376 0.736719510131611
0.3765 0.735847652723172
0.377 0.734975795314732
0.3775 0.734103937906292
0.378 0.733232080497852
0.3785 0.733232080497852
0.379 0.732360223089412
0.3795 0.731488365680973
0.38 0.730616508272533
0.3805 0.729744650864093
0.381 0.728872793455653
0.3815 0.728000936047213
0.382 0.728000936047213
0.3825 0.727129078638774
0.383 0.726257221230334
0.3835 0.725385363821894
0.384 0.724513506413454
0.3845 0.723641649005015
0.385 0.722769791596575
0.3855 0.722769791596575
0.386 0.721897934188135
0.3865 0.721026076779695
0.387 0.720154219371256
0.3875 0.719282361962816
0.388 0.718410504554376
0.3885 0.717538647145936
0.389 0.717538647145936
0.3895 0.716666789737496
0.39 0.715794932329057
0.3905 0.714923074920617
0.391 0.714051217512177
0.3915 0.713179360103737
0.392 0.713179360103737
0.3925 0.712307502695298
0.393 0.711435645286858
0.3935 0.710563787878418
0.394 0.709691930469978
0.3945 0.708820073061538
0.395 0.707948215653099
0.3955 0.707948215653099
0.396 0.707076358244659
0.3965 0.706204500836219
0.397 0.705332643427779
0.3975 0.70446078601934
0.398 0.7035889286109
0.3985 0.7035889286109
0.399 0.70271707120246
0.3995 0.70184521379402
0.4 0.70097335638558
0.4005 0.700101498977141
0.401 0.699229641568701
0.4015 0.699229641568701
0.402 0.698357784160261
0.4025 0.697485926751821
0.403 0.696614069343382
0.4035 0.695742211934942
0.404 0.694870354526502
0.4045 0.694870354526502
0.405 0.693998497118062
0.4055 0.693126639709622
0.406 0.692254782301183
0.4065 0.691382924892743
0.407 0.690511067484303
0.4075 0.690511067484303
0.408 0.689639210075863
0.4085 0.688767352667424
0.409 0.687895495258984
0.4095 0.687023637850544
0.41 0.686151780442104
0.4105 0.686151780442104
0.411 0.685279923033664
0.4115 0.684408065625225
0.412 0.683536208216785
0.4125 0.682664350808345
0.413 0.682664350808345
0.4135 0.681792493399905
0.414 0.680920635991466
0.4145 0.680048778583026
0.415 0.679176921174586
0.4155 0.678305063766146
0.416 0.678305063766146
0.4165 0.677433206357706
0.417 0.676561348949267
0.4175 0.675689491540827
0.418 0.674817634132387
0.4185 0.674817634132387
0.419 0.673945776723947
0.4195 0.673073919315508
0.42 0.672202061907068
0.4205 0.671330204498628
0.421 0.670458347090188
0.4215 0.670458347090188
0.422 0.669586489681748
0.4225 0.668714632273309
0.423 0.667842774864869
0.4235 0.666970917456429
0.424 0.666970917456429
0.4245 0.666099060047989
0.425 0.66522720263955
0.4255 0.66435534523111
0.426 0.66348348782267
0.4265 0.66348348782267
0.427 0.66261163041423
0.4275 0.66173977300579
0.428 0.660867915597351
0.4285 0.659996058188911
0.429 0.659996058188911
0.4295 0.659124200780471
0.43 0.658252343372031
0.4305 0.657380485963592
0.431 0.656508628555152
0.4315 0.656508628555152
0.432 0.655636771146712
0.4325 0.654764913738272
0.433 0.653893056329833
0.4335 0.653021198921393
0.434 0.653021198921393
0.4345 0.652149341512953
0.435 0.651277484104513
0.4355 0.650405626696073
0.436 0.649533769287634
0.4365 0.649533769287634
0.437 0.648661911879194
0.4375 0.647790054470754
0.438 0.646918197062314
0.4385 0.646046339653874
0.439 0.646046339653874
0.4395 0.645174482245435
0.44 0.644302624836995
0.4405 0.643430767428555
0.441 0.642558910020115
0.4415 0.642558910020115
0.442 0.641687052611676
0.4425 0.640815195203236
0.443 0.639943337794796
0.4435 0.639071480386356
0.444 0.639071480386356
0.4445 0.638199622977917
0.445 0.637327765569477
0.4455 0.636455908161037
0.446 0.635584050752597
0.4465 0.635584050752597
0.447 0.634712193344157
0.4475 0.633840335935718
0.448 0.632968478527278
0.4485 0.632968478527278
0.449 0.632096621118838
0.4495 0.631224763710398
0.45 0.630352906301959
0.4505 0.629481048893519
0.451 0.629481048893519
0.4515 0.628609191485079
0.452 0.627737334076639
0.4525 0.626865476668199
0.453 0.62599361925976
0.4535 0.62599361925976
0.454 0.62512176185132
0.4545 0.62424990444288
0.455 0.62337804703444
0.4555 0.62337804703444
0.456 0.622506189626001
0.4565 0.621634332217561
0.457 0.620762474809121
0.4575 0.619890617400681
0.458 0.619890617400681
0.4585 0.619018759992241
0.459 0.618146902583802
0.4595 0.617275045175362
0.46 0.617275045175362
0.4605 0.616403187766922
0.461 0.615531330358482
0.4615 0.614659472950043
0.462 0.613787615541603
0.4625 0.613787615541603
0.463 0.612915758133163
0.4635 0.612043900724723
0.464 0.611172043316283
0.4645 0.611172043316283
0.465 0.610300185907844
0.4655 0.609428328499404
0.466 0.608556471090964
0.4665 0.608556471090964
0.467 0.607684613682524
0.4675 0.606812756274085
0.468 0.605940898865645
0.4685 0.605069041457205
0.469 0.605069041457205
0.4695 0.604197184048765
0.47 0.603325326640325
0.4705 0.602453469231886
0.471 0.602453469231886
0.4715 0.601581611823446
0.472 0.600709754415006
0.4725 0.599837897006566
0.473 0.599837897006566
0.4735 0.598966039598127
0.474 0.598094182189687
0.4745 0.597222324781247
0.475 0.597222324781247
0.4755 0.596350467372807
0.476 0.595478609964367
0.4765 0.594606752555928
0.477 0.593734895147488
0.4775 0.593734895147488
0.478 0.592863037739048
0.4785 0.591991180330608
0.479 0.591119322922169
0.4795 0.591119322922169
0.48 0.590247465513729
0.4805 0.589375608105289
0.481 0.588503750696849
0.4815 0.588503750696849
0.482 0.587631893288409
0.4825 0.58676003587997
0.483 0.58588817847153
0.4835 0.58588817847153
0.484 0.58501632106309
0.4845 0.58414446365465
0.485 0.583272606246211
0.4855 0.583272606246211
0.486 0.582400748837771
0.4865 0.581528891429331
0.487 0.580657034020891
0.4875 0.580657034020891
0.488 0.579785176612451
0.4885 0.578913319204012
0.489 0.578041461795572
0.4895 0.578041461795572
0.49 0.577169604387132
0.4905 0.576297746978692
0.491 0.575425889570253
0.4915 0.575425889570253
0.492 0.574554032161813
0.4925 0.573682174753373
0.493 0.572810317344933
0.4935 0.572810317344933
0.494 0.571938459936494
0.4945 0.571066602528054
0.495 0.570194745119614
0.4955 0.570194745119614
0.496 0.569322887711174
0.4965 0.568451030302734
0.497 0.567579172894295
0.4975 0.567579172894295
0.498 0.566707315485855
0.4985 0.565835458077415
0.499 0.564963600668975
0.4995 0.564963600668975
0.5 0.564091743260535
0.5005 0.563219885852096
0.501 0.562348028443656
0.5015 0.562348028443656
0.502 0.561476171035216
0.5025 0.560604313626776
0.503 0.559732456218337
0.5035 0.559732456218337
0.504 0.558860598809897
0.5045 0.557988741401457
0.505 0.557116883993017
0.5055 0.557116883993017
0.506 0.556245026584578
0.5065 0.555373169176138
0.507 0.555373169176138
0.5075 0.554501311767698
0.508 0.553629454359258
0.5085 0.552757596950818
0.509 0.552757596950818
0.5095 0.551885739542379
0.51 0.551013882133939
0.5105 0.550142024725499
0.511 0.550142024725499
0.5115 0.549270167317059
0.512 0.548398309908619
0.5125 0.54752645250018
0.513 0.54752645250018
0.5135 0.54665459509174
0.514 0.5457827376833
0.5145 0.54491088027486
0.515 0.54491088027486
0.5155 0.544039022866421
0.516 0.543167165457981
0.5165 0.543167165457981
0.517 0.542295308049541
0.5175 0.541423450641101
0.518 0.540551593232662
0.5185 0.540551593232662
0.519 0.539679735824222
0.5195 0.538807878415782
0.52 0.537936021007342
0.5205 0.537936021007342
0.521 0.537064163598902
0.5215 0.536192306190463
0.522 0.536192306190463
0.5225 0.535320448782023
0.523 0.534448591373583
0.5235 0.533576733965143
0.524 0.533576733965143
0.5245 0.532704876556704
0.525 0.531833019148264
0.5255 0.530961161739824
0.526 0.530961161739824
0.5265 0.530089304331384
0.527 0.529217446922944
0.5275 0.529217446922944
0.528 0.528345589514505
0.5285 0.527473732106065
0.529 0.526601874697625
0.5295 0.526601874697625
0.53 0.525730017289185
0.5305 0.524858159880746
0.531 0.523986302472306
0.5315 0.523986302472306
0.532 0.523114445063866
0.5325 0.522242587655426
0.533 0.522242587655426
0.5335 0.521370730246986
0.534 0.520498872838547
0.5345 0.519627015430107
0.535 0.519627015430107
0.5355 0.518755158021667
0.536 0.517883300613227
0.5365 0.517883300613227
0.537 0.517011443204788
0.5375 0.516139585796348
0.538 0.515267728387908
0.5385 0.515267728387908
0.539 0.514395870979468
0.5395 0.513524013571029
0.54 0.513524013571029
0.5405 0.512652156162589
0.541 0.511780298754149
0.5415 0.510908441345709
0.542 0.510908441345709
0.5425 0.510036583937269
0.543 0.50916472652883
0.5435 0.50916472652883
0.544 0.50829286912039
0.5445 0.50742101171195
0.545 0.50654915430351
0.5455 0.50654915430351
0.546 0.50567729689507
0.5465 0.504805439486631
0.547 0.504805439486631
0.5475 0.503933582078191
0.548 0.503061724669751
0.5485 0.502189867261311
0.549 0.502189867261311
0.5495 0.501318009852872
0.55 0.500446152444432
0.5505 0.500446152444432
0.551 0.499574295035992
0.5515 0.498702437627552
0.552 0.497830580219112
0.5525 0.497830580219112
0.553 0.496958722810673
0.5535 0.496086865402233
0.554 0.496086865402233
0.5545 0.495215007993793
0.555 0.494343150585353
0.5555 0.493471293176914
0.556 0.493471293176914
0.5565 0.492599435768474
0.557 0.491727578360034
0.5575 0.491727578360034
0.558 0.490855720951594
0.5585 0.489983863543154
0.559 0.489112006134715
0.5595 0.489112006134715
0.56 0.488240148726275
0.5605 0.487368291317835
0.561 0.487368291317835
0.5615 0.486496433909395
0.562 0.485624576500956
0.5625 0.485624576500956
0.563 0.484752719092516
0.5635 0.483880861684076
0.564 0.483009004275636
0.5645 0.483009004275636
0.565 0.482137146867196
0.5655 0.481265289458757
0.566 0.481265289458757
0.5665 0.480393432050317
0.567 0.479521574641877
0.5675 0.479521574641877
0.568 0.478649717233437
0.5685 0.477777859824998
0.569 0.476906002416558
0.5695 0.476906002416558
0.57 0.476034145008118
0.5705 0.475162287599678
0.571 0.475162287599678
0.5715 0.474290430191239
0.572 0.473418572782799
0.5725 0.472546715374359
0.573 0.472546715374359
0.5735 0.471674857965919
0.574 0.470803000557479
0.5745 0.470803000557479
0.575 0.46993114314904
0.5755 0.4690592857406
0.576 0.4690592857406
0.5765 0.46818742833216
0.577 0.46731557092372
0.5775 0.46731557092372
0.578 0.466443713515281
0.5785 0.465571856106841
0.579 0.464699998698401
0.5795 0.464699998698401
0.58 0.463828141289961
0.5805 0.462956283881521
0.581 0.462956283881521
0.5815 0.462084426473082
0.582 0.461212569064642
0.5825 0.461212569064642
0.583 0.460340711656202
0.5835 0.459468854247762
0.584 0.458596996839323
0.5845 0.458596996839323
0.585 0.457725139430883
0.5855 0.456853282022443
0.586 0.456853282022443
0.5865 0.455981424614003
0.587 0.455109567205563
0.5875 0.455109567205563
0.588 0.454237709797124
0.5885 0.453365852388684
0.589 0.453365852388684
0.5895 0.452493994980244
0.59 0.451622137571804
0.5905 0.450750280163365
0.591 0.450750280163365
0.5915 0.449878422754925
0.592 0.449006565346485
0.5925 0.449006565346485
0.593 0.448134707938045
0.5935 0.447262850529605
0.594 0.447262850529605
0.5945 0.446390993121166
0.595 0.445519135712726
0.5955 0.445519135712726
0.596 0.444647278304286
0.5965 0.443775420895846
0.597 0.443775420895846
0.5975 0.442903563487407
0.598 0.442031706078967
0.5985 0.441159848670527
0.599 0.441159848670527
0.5995 0.440287991262087
0.6 0.439416133853647
0.6005 0.439416133853647
0.601 0.438544276445208
0.6015 0.437672419036768
0.602 0.437672419036768
0.6025 0.436800561628328
0.603 0.435928704219888
0.6035 0.435928704219888
0.604 0.435056846811449
0.6045 0.434184989403009
0.605 0.434184989403009
0.6055 0.433313131994569
0.606 0.432441274586129
0.6065 0.432441274586129
0.607 0.431569417177689
0.6075 0.43069755976925
0.608 0.42982570236081
0.6085 0.42982570236081
0.609 0.42895384495237
0.6095 0.42808198754393
0.61 0.42808198754393
0.6105 0.427210130135491
0.611 0.426338272727051
0.6115 0.426338272727051
0.612 0.425466415318611
0.6125 0.424594557910171
0.613 0.424594557910171
0.6135 0.423722700501731
0.614 0.422850843093292
0.6145 0.422850843093292
0.615 0.421978985684852
0.6155 0.421107128276412
0.616 0.421107128276412
0.6165 0.420235270867972
0.617 0.419363413459533
0.6175 0.419363413459533
0.618 0.418491556051093
0.6185 0.417619698642653
0.619 0.417619698642653
0.6195 0.416747841234213
0.62 0.415875983825773
0.6205 0.415004126417334
0.621 0.415004126417334
0.6215 0.414132269008894
0.622 0.413260411600454
0.6225 0.413260411600454
0.623 0.412388554192014
0.6235 0.411516696783575
0.624 0.411516696783575
0.6245 0.410644839375135
0.625 0.409772981966695
0.6255 0.409772981966695
0.626 0.408901124558255
0.6265 0.408029267149815
0.627 0.408029267149815
0.6275 0.407157409741376
0.628 0.406285552332936
0.6285 0.406285552332936
0.629 0.405413694924496
0.6295 0.404541837516056
0.63 0.404541837516056
0.6305 0.403669980107617
0.631 0.402798122699177
0.6315 0.402798122699177
0.632 0.401926265290737
0.6325 0.401054407882297
0.633 0.401054407882297
0.6335 0.400182550473857
0.634 0.399310693065418
0.6345 0.399310693065418
0.635 0.398438835656978
0.6355 0.397566978248538
0.636 0.397566978248538
0.6365 0.396695120840098
0.637 0.395823263431659
0.6375 0.395823263431659
0.638 0.394951406023219
0.6385 0.394079548614779
0.639 0.394079548614779
0.6395 0.393207691206339
0.64 0.392335833797899
0.6405 0.392335833797899
0.641 0.39146397638946
0.6415 0.39059211898102
0.642 0.39059211898102
0.6425 0.38972026157258
0.643 0.38884840416414
0.6435 0.38884840416414
0.644 0.387976546755701
0.6445 0.387104689347261
0.645 0.387104689347261
0.6455 0.386232831938821
0.646 0.385360974530381
0.6465 0.385360974530381
0.647 0.384489117121942
0.6475 0.383617259713502
0.648 0.383617259713502
0.6485 0.382745402305062
0.649 0.381873544896622
0.6495 0.381873544896622
0.65 0.381001687488182
0.6505 0.380129830079743
0.651 0.380129830079743
0.6515 0.379257972671303
0.652 0.378386115262863
0.6525 0.378386115262863
0.653 0.377514257854423
0.6535 0.376642400445984
0.654 0.376642400445984
0.6545 0.375770543037544
0.655 0.374898685629104
0.6555 0.374898685629104
0.656 0.374026828220664
0.6565 0.373154970812224
0.657 0.373154970812224
0.6575 0.372283113403785
0.658 0.371411255995345
0.6585 0.371411255995345
0.659 0.370539398586905
0.6595 0.369667541178465
0.66 0.369667541178465
0.6605 0.368795683770026
0.661 0.367923826361586
0.6615 0.367923826361586
0.662 0.367051968953146
0.6625 0.366180111544706
0.663 0.366180111544706
0.6635 0.365308254136266
0.664 0.364436396727827
0.6645 0.364436396727827
0.665 0.363564539319387
0.6655 0.362692681910947
0.666 0.362692681910947
0.6665 0.361820824502507
0.667 0.360948967094068
0.6675 0.360948967094068
0.668 0.360077109685628
0.6685 0.359205252277188
0.669 0.359205252277188
0.6695 0.358333394868748
0.67 0.357461537460308
0.6705 0.357461537460308
0.671 0.356589680051869
0.6715 0.355717822643429
0.672 0.355717822643429
0.6725 0.354845965234989
0.673 0.353974107826549
0.6735 0.353974107826549
0.674 0.35310225041811
0.6745 0.35310225041811
0.675 0.35223039300967
0.6755 0.35135853560123
0.676 0.35135853560123
0.6765 0.35048667819279
0.677 0.34961482078435
0.6775 0.34961482078435
0.678 0.348742963375911
0.6785 0.347871105967471
0.679 0.347871105967471
0.6795 0.346999248559031
0.68 0.346127391150591
0.6805 0.346127391150591
0.681 0.345255533742152
0.6815 0.344383676333712
0.682 0.344383676333712
0.6825 0.343511818925272
0.683 0.342639961516832
0.6835 0.342639961516832
0.684 0.341768104108392
0.6845 0.340896246699953
0.685 0.340896246699953
0.6855 0.340024389291513
0.686 0.339152531883073
0.6865 0.339152531883073
0.687 0.338280674474633
0.6875 0.337408817066194
0.688 0.337408817066194
0.6885 0.336536959657754
0.689 0.336536959657754
0.6895 0.335665102249314
0.69 0.334793244840874
0.6905 0.334793244840874
0.691 0.333921387432434
0.6915 0.333049530023995
0.692 0.333049530023995
0.6925 0.332177672615555
0.693 0.331305815207115
0.6935 0.331305815207115
0.694 0.330433957798675
0.6945 0.329562100390236
0.695 0.329562100390236
0.6955 0.328690242981796
0.696 0.327818385573356
0.6965 0.327818385573356
0.697 0.326946528164916
0.6975 0.326074670756476
0.698 0.326074670756476
0.6985 0.325202813348037
0.699 0.325202813348037
0.6995 0.324330955939597
0.7 0.323459098531157
0.7005 0.323459098531157
0.701 0.322587241122717
0.7015 0.321715383714278
0.702 0.321715383714278
0.7025 0.320843526305838
0.703 0.319971668897398
0.7035 0.319971668897398
0.704 0.319099811488958
0.7045 0.318227954080518
0.705 0.318227954080518
0.7055 0.317356096672079
0.706 0.316484239263639
0.7065 0.316484239263639
0.707 0.315612381855199
0.7075 0.315612381855199
0.708 0.314740524446759
0.7085 0.31386866703832
0.709 0.31386866703832
0.7095 0.31299680962988
0.71 0.31212495222144
0.7105 0.31212495222144
0.711 0.311253094813
0.7115 0.31038123740456
0.712 0.31038123740456
0.7125 0.309509379996121
0.713 0.308637522587681
0.7135 0.308637522587681
0.714 0.307765665179241
0.7145 0.306893807770801
0.715 0.306893807770801
0.7155 0.306021950362362
0.716 0.306021950362362
0.7165 0.305150092953922
0.717 0.304278235545482
0.7175 0.304278235545482
0.718 0.303406378137042
0.7185 0.302534520728602
0.719 0.302534520728602
0.7195 0.301662663320163
0.72 0.300790805911723
0.7205 0.300790805911723
0.721 0.299918948503283
0.7215 0.299047091094843
0.722 0.299047091094843
0.7225 0.298175233686404
0.723 0.298175233686404
0.7235 0.297303376277964
0.724 0.296431518869524
0.7245 0.296431518869524
0.725 0.295559661461084
0.7255 0.294687804052644
0.726 0.294687804052644
0.7265 0.293815946644205
0.727 0.292944089235765
0.7275 0.292944089235765
0.728 0.292072231827325
0.7285 0.291200374418885
0.729 0.291200374418885
0.7295 0.290328517010446
0.73 0.290328517010446
0.7305 0.289456659602006
0.731 0.288584802193566
0.7315 0.288584802193566
0.732 0.287712944785126
0.7325 0.286841087376687
0.733 0.286841087376687
0.7335 0.285969229968247
0.734 0.285097372559807
0.7345 0.285097372559807
0.735 0.284225515151367
0.7355 0.284225515151367
0.736 0.283353657742927
0.7365 0.282481800334488
0.737 0.282481800334488
0.7375 0.281609942926048
0.738 0.280738085517608
0.7385 0.280738085517608
0.739 0.279866228109168
0.7395 0.278994370700729
0.74 0.278994370700729
0.7405 0.278122513292289
0.741 0.277250655883849
0.7415 0.277250655883849
0.742 0.276378798475409
0.7425 0.276378798475409
0.743 0.275506941066969
0.7435 0.27463508365853
0.744 0.27463508365853
0.7445 0.27376322625009
0.745 0.27289136884165
0.7455 0.27289136884165
0.746 0.27201951143321
0.7465 0.271147654024771
0.747 0.271147654024771
0.7475 0.270275796616331
0.748 0.270275796616331
0.7485 0.269403939207891
0.749 0.268532081799451
0.7495 0.268532081799451
0.75 0.267660224391011
0.7505 0.266788366982572
0.751 0.266788366982572
0.7515 0.265916509574132
0.752 0.265044652165692
0.7525 0.265044652165692
0.753 0.264172794757252
0.7535 0.264172794757252
0.754 0.263300937348813
0.7545 0.262429079940373
0.755 0.262429079940373
0.7555 0.261557222531933
0.756 0.260685365123493
0.7565 0.260685365123493
0.757 0.259813507715053
0.7575 0.259813507715053
0.758 0.258941650306614
0.7585 0.258069792898174
0.759 0.258069792898174
0.7595 0.257197935489734
0.76 0.256326078081294
0.7605 0.256326078081294
0.761 0.255454220672855
0.7615 0.254582363264415
0.762 0.254582363264415
0.7625 0.253710505855975
0.763 0.253710505855975
0.7635 0.252838648447535
0.764 0.251966791039095
0.7645 0.251966791039095
0.765 0.251094933630656
0.7655 0.250223076222216
0.766 0.250223076222216
0.7665 0.249351218813776
0.767 0.248479361405336
0.7675 0.248479361405336
0.768 0.247607503996897
0.7685 0.247607503996897
0.769 0.246735646588457
0.7695 0.245863789180017
0.77 0.245863789180017
0.7705 0.244991931771577
0.771 0.244120074363137
0.7715 0.244120074363137
0.772 0.243248216954698
0.7725 0.243248216954698
0.773 0.242376359546258
0.7735 0.241504502137818
0.774 0.241504502137818
0.7745 0.240632644729378
0.775 0.239760787320939
0.7755 0.239760787320939
0.776 0.238888929912499
0.7765 0.238888929912499
0.777 0.238017072504059
0.7775 0.237145215095619
0.778 0.237145215095619
0.7785 0.236273357687179
0.779 0.23540150027874
0.7795 0.23540150027874
0.78 0.2345296428703
0.7805 0.23365778546186
0.781 0.23365778546186
0.7815 0.23278592805342
0.782 0.23278592805342
0.7825 0.231914070644981
0.783 0.231042213236541
0.7835 0.231042213236541
0.784 0.230170355828101
0.7845 0.229298498419661
0.785 0.229298498419661
0.7855 0.228426641011221
0.786 0.228426641011221
0.7865 0.227554783602782
0.787 0.226682926194342
0.7875 0.226682926194342
0.788 0.225811068785902
0.7885 0.224939211377462
0.789 0.224939211377462
0.7895 0.224067353969023
0.79 0.224067353969023
0.7905 0.223195496560583
0.791 0.222323639152143
0.7915 0.222323639152143
0.792 0.221451781743703
0.7925 0.220579924335263
0.793 0.220579924335263
0.7935 0.219708066926824
0.794 0.219708066926824
0.7945 0.218836209518384
0.795 0.217964352109944
0.7955 0.217964352109944
0.796 0.217092494701504
0.7965 0.216220637293065
0.797 0.216220637293065
0.7975 0.215348779884625
0.798 0.215348779884625
0.7985 0.214476922476185
0.799 0.213605065067745
0.7995 0.213605065067745
0.8 0.212733207659306
0.8005 0.211861350250866
0.801 0.211861350250866
0.8015 0.210989492842426
0.802 0.210989492842426
0.8025 0.210117635433986
0.803 0.209245778025546
0.8035 0.209245778025546
0.804 0.208373920617107
0.8045 0.207502063208667
0.805 0.207502063208667
0.8055 0.206630205800227
0.806 0.206630205800227
0.8065 0.205758348391787
0.807 0.204886490983348
0.8075 0.204886490983348
0.808 0.204014633574908
0.8085 0.203142776166468
0.809 0.203142776166468
0.8095 0.202270918758028
0.81 0.202270918758028
0.8105 0.201399061349588
0.811 0.200527203941149
0.8115 0.200527203941149
0.812 0.199655346532709
0.8125 0.198783489124269
0.813 0.198783489124269
0.8135 0.197911631715829
0.814 0.197911631715829
0.8145 0.19703977430739
0.815 0.19616791689895
0.8155 0.19616791689895
0.816 0.19529605949051
0.8165 0.19442420208207
0.817 0.19442420208207
0.8175 0.19355234467363
0.818 0.19355234467363
0.8185 0.192680487265191
0.819 0.191808629856751
0.8195 0.191808629856751
0.82 0.190936772448311
0.8205 0.190936772448311
0.821 0.190064915039871
0.8215 0.189193057631432
0.822 0.189193057631432
0.8225 0.188321200222992
0.823 0.187449342814552
0.8235 0.187449342814552
0.824 0.186577485406112
0.8245 0.186577485406112
0.825 0.185705627997672
0.8255 0.184833770589233
0.826 0.184833770589233
0.8265 0.183961913180793
0.827 0.183090055772353
0.8275 0.183090055772353
0.828 0.182218198363913
0.8285 0.182218198363913
0.829 0.181346340955474
0.8295 0.180474483547034
0.83 0.180474483547034
0.8305 0.179602626138594
0.831 0.178730768730154
0.8315 0.178730768730154
0.832 0.177858911321714
0.8325 0.177858911321714
0.833 0.176987053913275
0.8335 0.176115196504835
0.834 0.176115196504835
0.8345 0.175243339096395
0.835 0.175243339096395
0.8355 0.174371481687955
0.836 0.173499624279516
0.8365 0.173499624279516
0.837 0.172627766871076
0.8375 0.171755909462636
0.838 0.171755909462636
0.8385 0.170884052054196
0.839 0.170884052054196
0.8395 0.170012194645756
0.84 0.169140337237317
0.8405 0.169140337237317
0.841 0.168268479828877
0.8415 0.168268479828877
0.842 0.167396622420437
0.8425 0.166524765011997
0.843 0.166524765011997
0.8435 0.165652907603558
0.844 0.164781050195118
0.8445 0.164781050195118
0.845 0.163909192786678
0.8455 0.163909192786678
0.846 0.163037335378238
0.8465 0.162165477969798
0.847 0.162165477969798
0.8475 0.161293620561359
0.848 0.160421763152919
0.8485 0.160421763152919
0.849 0.159549905744479
0.8495 0.159549905744479
0.85 0.158678048336039
0.8505 0.1578061909276
0.851 0.1578061909276
0.8515 0.15693433351916
0.852 0.15693433351916
0.8525 0.15606247611072
0.853 0.15519061870228
0.8535 0.15519061870228
0.854 0.15431876129384
0.8545 0.153446903885401
0.855 0.153446903885401
0.8555 0.152575046476961
0.856 0.152575046476961
0.8565 0.151703189068521
0.857 0.150831331660081
0.8575 0.150831331660081
0.858 0.149959474251642
0.8585 0.149959474251642
0.859 0.149087616843202
0.8595 0.148215759434762
0.86 0.148215759434762
0.8605 0.147343902026322
0.861 0.146472044617882
0.8615 0.146472044617882
0.862 0.145600187209443
0.8625 0.145600187209443
0.863 0.144728329801003
0.8635 0.143856472392563
0.864 0.143856472392563
0.8645 0.142984614984123
0.865 0.142984614984123
0.8655 0.142112757575684
0.866 0.141240900167244
0.8665 0.141240900167244
0.867 0.140369042758804
0.8675 0.140369042758804
0.868 0.139497185350364
0.8685 0.138625327941924
0.869 0.138625327941924
0.8695 0.137753470533485
0.87 0.136881613125045
0.8705 0.136881613125045
0.871 0.136009755716605
0.8715 0.136009755716605
0.872 0.135137898308165
0.8725 0.134266040899726
0.873 0.134266040899726
0.8735 0.133394183491286
0.874 0.133394183491286
0.8745 0.132522326082846
0.875 0.131650468674406
0.8755 0.131650468674406
0.876 0.130778611265966
0.8765 0.129906753857527
0.877 0.129906753857527
0.8775 0.129034896449087
0.878 0.129034896449087
0.8785 0.128163039040647
0.879 0.127291181632207
0.8795 0.127291181632207
0.88 0.126419324223768
0.8805 0.126419324223768
0.881 0.125547466815328
0.8815 0.124675609406888
0.882 0.124675609406888
0.8825 0.123803751998448
0.883 0.123803751998448
0.8835 0.122931894590009
0.884 0.122060037181569
0.8845 0.122060037181569
0.885 0.121188179773129
0.8855 0.120316322364689
0.886 0.120316322364689
0.8865 0.119444464956249
0.887 0.119444464956249
0.8875 0.11857260754781
0.888 0.11770075013937
0.8885 0.11770075013937
0.889 0.11682889273093
0.8895 0.11682889273093
0.89 0.11595703532249
0.8905 0.115085177914051
0.891 0.115085177914051
0.8915 0.114213320505611
0.892 0.114213320505611
0.8925 0.113341463097171
0.893 0.112469605688731
0.8935 0.112469605688731
0.894 0.111597748280291
0.8945 0.110725890871852
0.895 0.110725890871852
0.8955 0.109854033463412
0.896 0.109854033463412
0.8965 0.108982176054972
0.897 0.108110318646532
0.8975 0.108110318646532
0.898 0.107238461238093
0.8985 0.107238461238093
0.899 0.106366603829653
0.8995 0.105494746421213
0.9 0.105494746421213
0.9005 0.104622889012773
0.901 0.104622889012773
0.9015 0.103751031604333
0.902 0.102879174195894
0.9025 0.102879174195894
0.903 0.102007316787454
0.9035 0.102007316787454
0.904 0.101135459379014
0.9045 0.100263601970574
0.905 0.100263601970574
0.9055 0.0993917445621345
0.906 0.0985198871536948
0.9065 0.0985198871536948
0.907 0.097648029745255
0.9075 0.097648029745255
0.908 0.0967761723368152
0.9085 0.0959043149283754
0.909 0.0959043149283754
0.9095 0.0950324575199357
0.91 0.0950324575199357
0.9105 0.0941606001114959
0.911 0.0932887427030561
0.9115 0.0932887427030561
0.912 0.0924168852946163
0.9125 0.0924168852946163
0.913 0.0915450278861765
0.9135 0.0906731704777368
0.914 0.0906731704777368
0.9145 0.089801313069297
0.915 0.089801313069297
0.9155 0.0889294556608572
0.916 0.0880575982524174
0.9165 0.0880575982524174
0.917 0.0871857408439777
0.9175 0.0863138834355379
0.918 0.0863138834355379
0.9185 0.0854420260270981
0.919 0.0854420260270981
0.9195 0.0845701686186583
0.92 0.0836983112102186
0.9205 0.0836983112102186
0.921 0.0828264538017788
0.9215 0.0828264538017788
0.922 0.081954596393339
0.9225 0.0810827389848992
0.923 0.0810827389848992
0.9235 0.0802108815764594
0.924 0.0802108815764594
0.9245 0.0793390241680197
0.925 0.0784671667595799
0.9255 0.0784671667595799
0.926 0.0775953093511401
0.9265 0.0775953093511401
0.927 0.0767234519427003
0.9275 0.0758515945342606
0.928 0.0758515945342606
0.9285 0.0749797371258208
0.929 0.0749797371258208
0.9295 0.074107879717381
0.93 0.0732360223089412
0.9305 0.0732360223089412
0.931 0.0723641649005015
0.9315 0.0723641649005015
0.932 0.0714923074920617
0.9325 0.0706204500836219
0.933 0.0706204500836219
0.9335 0.0697485926751821
0.934 0.0688767352667424
0.9345 0.0688767352667424
0.935 0.0680048778583026
0.9355 0.0680048778583026
0.936 0.0671330204498628
0.9365 0.066261163041423
0.937 0.066261163041423
0.9375 0.0653893056329832
0.938 0.0653893056329832
0.9385 0.0645174482245435
0.939 0.0636455908161037
0.9395 0.0636455908161037
0.94 0.0627737334076639
0.9405 0.0627737334076639
0.941 0.0619018759992241
0.9415 0.0610300185907844
0.942 0.0610300185907844
0.9425 0.0601581611823446
0.943 0.0601581611823446
0.9435 0.0592863037739048
0.944 0.058414446365465
0.9445 0.058414446365465
0.945 0.0575425889570253
0.9455 0.0575425889570253
0.946 0.0566707315485855
0.9465 0.0557988741401457
0.947 0.0557988741401457
0.9475 0.0549270167317059
0.948 0.0549270167317059
0.9485 0.0540551593232662
0.949 0.0531833019148264
0.9495 0.0531833019148264
0.95 0.0523114445063866
0.9505 0.0523114445063866
0.951 0.0514395870979468
0.9515 0.050567729689507
0.952 0.050567729689507
0.9525 0.0496958722810673
0.953 0.0496958722810673
0.9535 0.0488240148726275
0.954 0.0479521574641877
0.9545 0.0479521574641877
0.955 0.0470803000557479
0.9555 0.0470803000557479
0.956 0.0462084426473082
0.9565 0.0453365852388684
0.957 0.0453365852388684
0.9575 0.0444647278304286
0.958 0.0435928704219888
0.9585 0.0435928704219888
0.959 0.0427210130135491
0.9595 0.0427210130135491
0.96 0.0418491556051093
0.9605 0.0409772981966695
0.961 0.0409772981966695
0.9615 0.0401054407882297
0.962 0.0401054407882297
0.9625 0.03923358337979
0.963 0.0383617259713502
0.9635 0.0383617259713502
0.964 0.0374898685629104
0.9645 0.0374898685629104
0.965 0.0366180111544706
0.9655 0.0357461537460308
0.966 0.0357461537460308
0.9665 0.0348742963375911
0.967 0.0348742963375911
0.9675 0.0340024389291513
0.968 0.0331305815207115
0.9685 0.0331305815207115
0.969 0.0322587241122717
0.9695 0.0322587241122717
0.97 0.031386866703832
0.9705 0.0305150092953922
0.971 0.0305150092953922
0.9715 0.0296431518869524
0.972 0.0296431518869524
0.9725 0.0287712944785126
0.973 0.0278994370700729
0.9735 0.0278994370700729
0.974 0.0270275796616331
0.9745 0.0270275796616331
0.975 0.0261557222531933
0.9755 0.0252838648447535
0.976 0.0252838648447535
0.9765 0.0244120074363137
0.977 0.0244120074363137
0.9775 0.023540150027874
0.978 0.0226682926194342
0.9785 0.0226682926194342
0.979 0.0217964352109944
0.9795 0.0217964352109944
0.98 0.0209245778025546
0.9805 0.0200527203941149
0.981 0.0200527203941149
0.9815 0.0191808629856751
0.982 0.0191808629856751
0.9825 0.0183090055772353
0.983 0.0174371481687955
0.9835 0.0174371481687955
0.984 0.0165652907603558
0.9845 0.0165652907603558
0.985 0.015693433351916
0.9855 0.0148215759434762
0.986 0.0148215759434762
0.9865 0.0139497185350364
0.987 0.0139497185350364
0.9875 0.0130778611265966
0.988 0.0122060037181569
0.9885 0.0122060037181569
0.989 0.0113341463097171
0.9895 0.0113341463097171
0.99 0.0104622889012773
0.9905 0.00959043149283754
0.991 0.00959043149283754
0.9915 0.00871857408439777
0.992 0.00871857408439777
0.9925 0.00784671667595799
0.993 0.00697485926751821
0.9935 0.00697485926751821
0.994 0.00610300185907844
0.9945 0.00610300185907844
0.995 0.00523114445063866
0.9955 0.00435928704219888
0.996 0.00435928704219888
0.9965 0.00348742963375911
0.997 0.00348742963375911
0.9975 0.00261557222531933
0.998 0.00174371481687955
0.9985 0.00174371481687955
0.999 0.000871857408439777
0.9995 0.000871857408439777
1 0
