"EPS" "T"
5e-04 3.34172591758073
0.001 3.16201100631549
0.0015 3.05393920156815
0.002 3.00051044416497
0.0025 2.97622464534534
0.003 2.93129591752903
0.0035 2.89243863941763
0.004 2.85843852107015
0.0045 2.82808127254561
0.005 2.80136689384402
0.0055 2.77586680508341
0.006 2.75279529620477
0.0065 2.73215236720809
0.007 2.7115094382114
0.0075 2.69329508909668
0.008 2.67508073998196
0.0085 2.6592949707492
0.009 2.64350920151645
0.0095 2.62772343228369
0.01 2.61315195299191
0.0105 2.59979476364112
0.011 2.58643757429032
0.0115 2.57429467488051
0.012 2.56215177547069
0.0125 2.55000887606088
0.013 2.53908026659205
0.0135 2.52815165712322
0.014 2.51843733759536
0.0145 2.50750872812653
0.015 2.49779440859868
0.0155 2.48808008907083
0.016 2.47836576954298
0.0165 2.46986573995611
0.017 2.46136571036924
0.0175 2.45286568078237
0.018 2.4443656511955
0.0185 2.43586562160863
0.019 2.42857988196274
0.0195 2.42007985237587
0.02 2.41279411272998
0.0205 2.4055083730841
0.021 2.39822263343821
0.0215 2.39093689379232
0.022 2.38365115414643
0.0225 2.37636541450054
0.023 2.37029396479564
0.0235 2.36300822514975
0.024 2.35693677544484
0.0245 2.35086532573993
0.025 2.34479387603503
0.0255 2.33872242633012
0.026 2.33265097662521
0.0265 2.32657952692031
0.027 2.3205080772154
0.0275 2.31443662751049
0.028 2.30957946774657
0.0285 2.30350801804166
0.029 2.29865085827774
0.0295 2.29257940857283
0.03 2.2877222488089
0.0305 2.281650799104
0.031 2.27679363934007
0.0315 2.27193647957615
0.032 2.26707931981222
0.0325 2.26222216004829
0.033 2.25736500028437
0.0335 2.25250784052044
0.034 2.24765068075652
0.0345 2.24279352099259
0.035 2.23793636122867
0.0355 2.23307920146474
0.036 2.2294363316418
0.0365 2.22457917187787
0.037 2.21972201211395
0.0375 2.216079142291
0.038 2.21122198252708
0.0385 2.20636482276315
0.039 2.20272195294021
0.0395 2.19907908311726
0.04 2.19422192335334
0.0405 2.19057905353039
0.041 2.18572189376647
0.0415 2.18207902394352
0.042 2.17843615412058
0.0425 2.17479328429764
0.043 2.16993612453371
0.0435 2.16629325471077
0.044 2.16265038488782
0.0445 2.15900751506488
0.045 2.15536464524193
0.0455 2.15172177541899
0.046 2.14807890559605
0.0465 2.1444360357731
0.047 2.14079316595016
0.0475 2.13715029612721
0.048 2.13350742630427
0.0485 2.12986455648133
0.049 2.12622168665838
0.0495 2.12257881683544
0.05 2.11893594701249
0.0505 2.11650736713053
0.051 2.11286449730759
0.0515 2.10922162748464
0.052 2.1055787576617
0.0525 2.10193588783875
0.053 2.09950730795679
0.0535 2.09586443813385
0.054 2.0922215683109
0.0545 2.08979298842894
0.055 2.086150118606
0.0555 2.08372153872403
0.056 2.08007866890109
0.0565 2.07643579907815
0.057 2.07400721919618
0.0575 2.07036434937324
0.058 2.06793576949128
0.0585 2.06429289966833
0.059 2.06186431978637
0.0595 2.05822144996342
0.06 2.05579287008146
0.0605 2.0533642901995
0.061 2.04972142037655
0.0615 2.04729284049459
0.062 2.04364997067165
0.0625 2.04122139078969
0.063 2.03879281090772
0.0635 2.03514994108478
0.064 2.03272136120282
0.0645 2.03029278132085
0.065 2.02786420143889
0.0655 2.02422133161595
0.066 2.02179275173398
0.0665 2.01936417185202
0.067 2.01693559197006
0.0675 2.01329272214711
0.068 2.01086414226515
0.0685 2.00843556238319
0.069 2.00600698250123
0.0695 2.00357840261926
0.07 1.99993553279632
0.0705 1.99750695291436
0.071 1.99507837303239
0.0715 1.99264979315043
0.072 1.99022121326847
0.0725 1.9877926333865
0.073 1.98536405350454
0.0735 1.98293547362258
0.074 1.98050689374062
0.0745 1.97807831385865
0.075 1.97443544403571
0.0755 1.97200686415375
0.076 1.96957828427178
0.0765 1.96714970438982
0.077 1.96472112450786
0.0775 1.9622925446259
0.078 1.95986396474393
0.0785 1.95743538486197
0.079 1.95622109492099
0.0795 1.95379251503903
0.08 1.95136393515706
0.0805 1.9489353552751
0.081 1.94650677539314
0.0815 1.94407819551118
0.082 1.94164961562921
0.0825 1.93922103574725
0.083 1.93679245586529
0.0835 1.93436387598332
0.084 1.93193529610136
0.0845 1.93072100616038
0.085 1.92829242627842
0.0855 1.92586384639645
0.086 1.92343526651449
0.0865 1.92100668663253
0.087 1.91857810675057
0.0875 1.91736381680959
0.088 1.91493523692762
0.0885 1.91250665704566
0.089 1.9100780771637
0.0895 1.90764949728173
0.09 1.90643520734075
0.0905 1.90400662745879
0.091 1.90157804757683
0.0915 1.89914946769486
0.092 1.89793517775388
0.0925 1.89550659787192
0.093 1.89307801798996
0.0935 1.890649438108
0.094 1.88943514816701
0.0945 1.88700656828505
0.095 1.88457798840309
0.0955 1.88336369846211
0.096 1.88093511858014
0.0965 1.87850653869818
0.097 1.8772922487572
0.0975 1.87486366887524
0.098 1.87243508899327
0.0985 1.87122079905229
0.099 1.86879221917033
0.0995 1.86636363928837
0.1 1.86514934934739
0.1005 1.86272076946542
0.101 1.86029218958346
0.1015 1.85907789964248
0.102 1.85664931976052
0.1025 1.85422073987855
0.103 1.85300644993757
0.1035 1.85057787005561
0.104 1.84936358011463
0.1045 1.84693500023267
0.105 1.84572071029168
0.1055 1.84329213040972
0.106 1.84086355052776
0.1065 1.83964926058678
0.107 1.83722068070481
0.1075 1.83600639076383
0.108 1.83357781088187
0.1085 1.83236352094089
0.109 1.82993494105893
0.1095 1.82872065111795
0.11 1.82629207123598
0.1105 1.82386349135402
0.111 1.82264920141304
0.1115 1.82022062153108
0.112 1.81900633159009
0.1125 1.81657775170813
0.113 1.81536346176715
0.1135 1.81293488188519
0.114 1.81172059194421
0.1145 1.80929201206224
0.115 1.80807772212126
0.1155 1.8056491422393
0.116 1.80443485229832
0.1165 1.80322056235734
0.117 1.80079198247537
0.1175 1.79957769253439
0.118 1.79714911265243
0.1185 1.79593482271145
0.119 1.79350624282949
0.1195 1.7922919528885
0.12 1.78986337300654
0.1205 1.78864908306556
0.121 1.7862205031836
0.1215 1.78500621324262
0.122 1.78379192330163
0.1225 1.78136334341967
0.123 1.78014905347869
0.1235 1.77772047359673
0.124 1.77650618365575
0.1245 1.77529189371476
0.125 1.7728633138328
0.1255 1.77164902389182
0.126 1.76922044400986
0.1265 1.76800615406888
0.127 1.7667918641279
0.1275 1.76436328424593
0.128 1.76314899430495
0.1285 1.76193470436397
0.129 1.75950612448201
0.1295 1.75829183454103
0.13 1.75586325465906
0.1305 1.75464896471808
0.131 1.7534346747771
0.1315 1.75100609489514
0.132 1.74979180495416
0.1325 1.74857751501317
0.133 1.74614893513121
0.1335 1.74493464519023
0.134 1.74372035524925
0.1345 1.74129177536729
0.135 1.74007748542631
0.1355 1.73886319548532
0.136 1.73643461560336
0.1365 1.73522032566238
0.137 1.7340060357214
0.1375 1.73157745583944
0.138 1.73036316589845
0.1385 1.72914887595747
0.139 1.72672029607551
0.1395 1.72550600613453
0.14 1.72429171619355
0.1405 1.72307742625257
0.141 1.7206488463706
0.1415 1.71943455642962
0.142 1.71822026648864
0.1425 1.71579168660668
0.143 1.7145773966657
0.1435 1.71336310672471
0.144 1.71214881678373
0.1445 1.70972023690177
0.145 1.70850594696079
0.1455 1.70729165701981
0.146 1.70607736707883
0.1465 1.70364878719686
0.147 1.70243449725588
0.1475 1.7012202073149
0.148 1.70000591737392
0.1485 1.69757733749196
0.149 1.69636304755098
0.1495 1.69514875760999
0.15 1.69393446766901
0.1505 1.69150588778705
0.151 1.69029159784607
0.1515 1.68907730790509
0.152 1.68786301796411
0.1525 1.68543443808214
0.153 1.68422014814116
0.1535 1.68300585820018
0.154 1.6817915682592
0.1545 1.68057727831822
0.155 1.67814869843626
0.1555 1.67693440849527
0.156 1.67572011855429
0.1565 1.67450582861331
0.157 1.67207724873135
0.1575 1.67086295879037
0.158 1.66964866884939
0.1585 1.6684343789084
0.159 1.66722008896742
0.1595 1.66479150908546
0.16 1.66357721914448
0.1605 1.6623629292035
0.161 1.66114863926252
0.1615 1.65993434932153
0.162 1.65872005938055
0.1625 1.65629147949859
0.163 1.65507718955761
0.1635 1.65386289961663
0.164 1.65264860967565
0.1645 1.65143431973467
0.165 1.65022002979368
0.1655 1.64779144991172
0.166 1.64657715997074
0.1665 1.64536287002976
0.167 1.64414858008878
0.1675 1.6429342901478
0.168 1.64172000020681
0.1685 1.63929142032485
0.169 1.63807713038387
0.1695 1.63686284044289
0.17 1.63564855050191
0.1705 1.63443426056093
0.171 1.63321997061994
0.1715 1.63200568067896
0.172 1.629577100797
0.1725 1.62836281085602
0.173 1.62714852091504
0.1735 1.62593423097406
0.174 1.62471994103307
0.1745 1.62350565109209
0.175 1.62229136115111
0.1755 1.61986278126915
0.176 1.61864849132817
0.1765 1.61743420138719
0.177 1.61621991144621
0.1775 1.61500562150522
0.178 1.61379133156424
0.1785 1.61257704162326
0.179 1.61136275168228
0.1795 1.6101484617413
0.18 1.60771988185934
0.1805 1.60650559191835
0.181 1.60529130197737
0.1815 1.60407701203639
0.182 1.60286272209541
0.1825 1.60164843215443
0.183 1.60043414221345
0.1835 1.59921985227247
0.184 1.59800556233148
0.1845 1.59557698244952
0.185 1.59436269250854
0.1855 1.59314840256756
0.186 1.59193411262658
0.1865 1.5907198226856
0.187 1.58950553274462
0.1875 1.58829124280363
0.188 1.58707695286265
0.1885 1.58586266292167
0.189 1.58464837298069
0.1895 1.58343408303971
0.19 1.58221979309873
0.1905 1.58100550315775
0.191 1.57857692327578
0.1915 1.5773626333348
0.192 1.57614834339382
0.1925 1.57493405345284
0.193 1.57371976351186
0.1935 1.57250547357088
0.194 1.57129118362989
0.1945 1.57007689368891
0.195 1.56886260374793
0.1955 1.56764831380695
0.196 1.56643402386597
0.1965 1.56521973392499
0.197 1.56400544398401
0.1975 1.56279115404302
0.198 1.56157686410204
0.1985 1.56036257416106
0.199 1.5579339942791
0.1995 1.55671970433812
0.2 1.55550541439714
0.2005 1.55429112445616
0.201 1.55307683451517
0.2015 1.55186254457419
0.202 1.55064825463321
0.2025 1.54943396469223
0.203 1.54821967475125
0.2035 1.54700538481027
0.204 1.54579109486929
0.2045 1.5445768049283
0.205 1.54336251498732
0.2055 1.54214822504634
0.206 1.54093393510536
0.2065 1.53971964516438
0.207 1.5385053552234
0.2075 1.53729106528242
0.208 1.53607677534143
0.2085 1.53486248540045
0.209 1.53364819545947
0.2095 1.53243390551849
0.21 1.53121961557751
0.2105 1.53000532563653
0.211 1.52879103569555
0.2115 1.52757674575457
0.212 1.52636245581358
0.2125 1.5251481658726
0.213 1.52393387593162
0.2135 1.52271958599064
0.214 1.52150529604966
0.2145 1.52029100610868
0.215 1.5190767161677
0.2155 1.51786242622671
0.216 1.51664813628573
0.2165 1.51543384634475
0.217 1.51421955640377
0.2175 1.51300526646279
0.218 1.51179097652181
0.2185 1.51057668658083
0.219 1.50936239663984
0.2195 1.50814810669886
0.22 1.50693381675788
0.2205 1.5057195268169
0.221 1.50450523687592
0.2215 1.50329094693494
0.222 1.50207665699396
0.2225 1.50086236705297
0.223 1.49964807711199
0.2235 1.49843378717101
0.224 1.49721949723003
0.2245 1.49600520728905
0.225 1.49479091734807
0.2255 1.49357662740709
0.226 1.49236233746611
0.2265 1.49114804752512
0.227 1.48993375758414
0.2275 1.48871946764316
0.228 1.48750517770218
0.2285 1.4862908877612
0.229 1.48507659782022
0.2295 1.48386230787924
0.23 1.48264801793825
0.2305 1.48143372799727
0.231 1.48021943805629
0.2315 1.47900514811531
0.232 1.47779085817433
0.2325 1.47657656823335
0.233 1.47536227829237
0.2335 1.47414798835138
0.234 1.4729336984104
0.2345 1.47171940846942
0.235 1.47050511852844
0.2355 1.46929082858746
0.236 1.46807653864648
0.2365 1.4668622487055
0.237 1.46564795876452
0.2375 1.46564795876452
0.238 1.46443366882353
0.2385 1.46321937888255
0.239 1.46200508894157
0.2395 1.46079079900059
0.24 1.45957650905961
0.2405 1.45836221911863
0.241 1.45714792917765
0.2415 1.45593363923666
0.242 1.45471934929568
0.2425 1.4535050593547
0.243 1.45229076941372
0.2435 1.45107647947274
0.244 1.44986218953176
0.2445 1.44864789959078
0.245 1.44743360964979
0.2455 1.44621931970881
0.246 1.44500502976783
0.2465 1.44379073982685
0.247 1.44379073982685
0.2475 1.44257644988587
0.248 1.44136215994489
0.2485 1.44014787000391
0.249 1.43893358006293
0.2495 1.43771929012194
0.25 1.43650500018096
0.2505 1.43529071023998
0.251 1.434076420299
0.2515 1.43286213035802
0.252 1.43164784041704
0.2525 1.43043355047606
0.253 1.42921926053507
0.2535 1.42800497059409
0.254 1.42679068065311
0.2545 1.42679068065311
0.255 1.42557639071213
0.2555 1.42436210077115
0.256 1.42314781083017
0.2565 1.42193352088919
0.257 1.4207192309482
0.2575 1.41950494100722
0.258 1.41829065106624
0.2585 1.41707636112526
0.259 1.41586207118428
0.2595 1.4146477812433
0.26 1.41343349130232
0.2605 1.41221920136133
0.261 1.41221920136133
0.2615 1.41100491142035
0.262 1.40979062147937
0.2625 1.40857633153839
0.263 1.40736204159741
0.2635 1.40614775165643
0.264 1.40493346171545
0.2645 1.40371917177447
0.265 1.40250488183348
0.2655 1.4012905918925
0.266 1.40007630195152
0.2665 1.39886201201054
0.267 1.39886201201054
0.2675 1.39764772206956
0.268 1.39643343212858
0.2685 1.3952191421876
0.269 1.39400485224661
0.2695 1.39279056230563
0.27 1.39157627236465
0.2705 1.39036198242367
0.271 1.38914769248269
0.2715 1.38793340254171
0.272 1.38671911260073
0.2725 1.38671911260073
0.273 1.38550482265974
0.2735 1.38429053271876
0.274 1.38307624277778
0.2745 1.3818619528368
0.275 1.38064766289582
0.2755 1.37943337295484
0.276 1.37821908301386
0.2765 1.37700479307288
0.277 1.37700479307288
0.2775 1.37579050313189
0.278 1.37457621319091
0.2785 1.37336192324993
0.279 1.37214763330895
0.2795 1.37093334336797
0.28 1.36971905342699
0.2805 1.36850476348601
0.281 1.36729047354502
0.2815 1.36607618360404
0.282 1.36607618360404
0.2825 1.36486189366306
0.283 1.36364760372208
0.2835 1.3624333137811
0.284 1.36121902384012
0.2845 1.36000473389914
0.285 1.35879044395815
0.2855 1.35757615401717
0.286 1.35636186407619
0.2865 1.35636186407619
0.287 1.35514757413521
0.2875 1.35393328419423
0.288 1.35271899425325
0.2885 1.35150470431227
0.289 1.35029041437128
0.2895 1.3490761244303
0.29 1.34786183448932
0.2905 1.34786183448932
0.291 1.34664754454834
0.2915 1.34543325460736
0.292 1.34421896466638
0.2925 1.3430046747254
0.293 1.34179038478442
0.2935 1.34057609484343
0.294 1.33936180490245
0.2945 1.33936180490245
0.295 1.33814751496147
0.2955 1.33693322502049
0.296 1.33571893507951
0.2965 1.33450464513853
0.297 1.33329035519755
0.2975 1.33207606525656
0.298 1.33086177531558
0.2985 1.33086177531558
0.299 1.3296474853746
0.2995 1.32843319543362
0.3 1.32721890549264
0.3005 1.32600461555166
0.301 1.32479032561068
0.3015 1.32357603566969
0.302 1.32236174572871
0.3025 1.32236174572871
0.303 1.32114745578773
0.3035 1.31993316584675
0.304 1.31871887590577
0.3045 1.31750458596479
0.305 1.31629029602381
0.3055 1.31507600608283
0.306 1.31507600608283
0.3065 1.31386171614184
0.307 1.31264742620086
0.3075 1.31143313625988
0.308 1.3102188463189
0.3085 1.30900455637792
0.309 1.30779026643694
0.3095 1.30779026643694
0.31 1.30657597649596
0.3105 1.30536168655497
0.311 1.30414739661399
0.3115 1.30293310667301
0.312 1.30171881673203
0.3125 1.30050452679105
0.313 1.30050452679105
0.3135 1.29929023685007
0.314 1.29807594690909
0.3145 1.2968616569681
0.315 1.29564736702712
0.3155 1.29443307708614
0.316 1.29321878714516
0.3165 1.29321878714516
0.317 1.29200449720418
0.3175 1.2907902072632
0.318 1.28957591732222
0.3185 1.28836162738123
0.319 1.28714733744025
0.3195 1.28593304749927
0.32 1.28593304749927
0.3205 1.28471875755829
0.321 1.28350446761731
0.3215 1.28229017767633
0.322 1.28107588773535
0.3225 1.27986159779437
0.323 1.27864730785338
0.3235 1.27864730785338
0.324 1.2774330179124
0.3245 1.27621872797142
0.325 1.27500443803044
0.3255 1.27379014808946
0.326 1.27257585814848
0.3265 1.27257585814848
0.327 1.2713615682075
0.3275 1.27014727826651
0.328 1.26893298832553
0.3285 1.26771869838455
0.329 1.26650440844357
0.3295 1.26650440844357
0.33 1.26529011850259
0.3305 1.26407582856161
0.331 1.26286153862063
0.3315 1.26164724867964
0.332 1.26043295873866
0.3325 1.25921866879768
0.333 1.25921866879768
0.3335 1.2580043788567
0.334 1.25679008891572
0.3345 1.25557579897474
0.335 1.25436150903376
0.3355 1.25314721909278
0.336 1.25314721909278
0.3365 1.25193292915179
0.337 1.25071863921081
0.3375 1.24950434926983
0.338 1.24829005932885
0.3385 1.24707576938787
0.339 1.24707576938787
0.3395 1.24586147944689
0.34 1.24464718950591
0.3405 1.24343289956492
0.341 1.24221860962394
0.3415 1.24100431968296
0.342 1.24100431968296
0.3425 1.23979002974198
0.343 1.238575739801
0.3435 1.23736144986002
0.344 1.23614715991904
0.3445 1.23493286997805
0.345 1.23493286997805
0.3455 1.23371858003707
0.346 1.23250429009609
0.3465 1.23129000015511
0.347 1.23007571021413
0.3475 1.22886142027315
0.348 1.22886142027315
0.3485 1.22764713033217
0.349 1.22643284039119
0.3495 1.2252185504502
0.35 1.22400426050922
0.3505 1.22278997056824
0.351 1.22278997056824
0.3515 1.22157568062726
0.352 1.22036139068628
0.3525 1.2191471007453
0.353 1.21793281080432
0.3535 1.21671852086333
0.354 1.21671852086333
0.3545 1.21550423092235
0.355 1.21428994098137
0.3555 1.21307565104039
0.356 1.21186136109941
0.3565 1.21186136109941
0.357 1.21064707115843
0.3575 1.20943278121745
0.358 1.20821849127646
0.3585 1.20700420133548
0.359 1.2057899113945
0.3595 1.2057899113945
0.36 1.20457562145352
0.3605 1.20336133151254
0.361 1.20214704157156
0.3615 1.20093275163058
0.362 1.20093275163058
0.3625 1.19971846168959
0.363 1.19850417174861
0.3635 1.19728988180763
0.364 1.19607559186665
0.3645 1.19486130192567
0.365 1.19486130192567
0.3655 1.19364701198469
0.366 1.19243272204371
0.3665 1.19121843210273
0.367 1.19000414216174
0.3675 1.18878985222076
0.368 1.18878985222076
0.3685 1.18757556227978
0.369 1.1863612723388
0.3695 1.18514698239782
0.37 1.18393269245684
0.3705 1.18393269245684
0.371 1.18271840251586
0.3715 1.18150411257487
0.372 1.18028982263389
0.3725 1.17907553269291
0.373 1.17907553269291
0.3735 1.17786124275193
0.374 1.17664695281095
0.3745 1.17543266286997
0.375 1.17421837292899
0.3755 1.173004082988
0.376 1.173004082988
0.3765 1.17178979304702
0.377 1.17057550310604
0.3775 1.16936121316506
0.378 1.16814692322408
0.3785 1.16814692322408
0.379 1.1669326332831
0.3795 1.16571834334212
0.38 1.16450405340114
0.3805 1.16328976346015
0.381 1.16328976346015
0.3815 1.16207547351917
0.382 1.16086118357819
0.3825 1.15964689363721
0.383 1.15843260369623
0.3835 1.15721831375525
0.384 1.15721831375525
0.3845 1.15600402381427
0.385 1.15478973387328
0.3855 1.1535754439323
0.386 1.15236115399132
0.3865 1.15236115399132
0.387 1.15114686405034
0.3875 1.14993257410936
0.388 1.14871828416838
0.3885 1.1475039942274
0.389 1.1475039942274
0.3895 1.14628970428641
0.39 1.14507541434543
0.3905 1.14386112440445
0.391 1.14264683446347
0.3915 1.14264683446347
0.392 1.14143254452249
0.3925 1.14021825458151
0.393 1.13900396464053
0.3935 1.13778967469954
0.394 1.13778967469954
0.3945 1.13657538475856
0.395 1.13536109481758
0.3955 1.1341468048766
0.396 1.13293251493562
0.3965 1.13293251493562
0.397 1.13171822499464
0.3975 1.13050393505366
0.398 1.12928964511268
0.3985 1.12807535517169
0.399 1.12686106523071
0.3995 1.12686106523071
0.4 1.12564677528973
0.4005 1.12443248534875
0.401 1.12321819540777
0.4015 1.12200390546679
0.402 1.12200390546679
0.4025 1.12078961552581
0.403 1.11957532558482
0.4035 1.11836103564384
0.404 1.11714674570286
0.4045 1.11714674570286
0.405 1.11593245576188
0.4055 1.1147181658209
0.406 1.11350387587992
0.4065 1.11228958593894
0.407 1.11228958593894
0.4075 1.11107529599795
0.408 1.10986100605697
0.4085 1.10864671611599
0.409 1.10743242617501
0.4095 1.10743242617501
0.41 1.10621813623403
0.4105 1.10500384629305
0.411 1.10378955635207
0.4115 1.10257526641109
0.412 1.10257526641109
0.4125 1.1013609764701
0.413 1.10014668652912
0.4135 1.09893239658814
0.414 1.09771810664716
0.4145 1.09771810664716
0.415 1.09650381670618
0.4155 1.0952895267652
0.416 1.09407523682422
0.4165 1.09407523682422
0.417 1.09286094688323
0.4175 1.09164665694225
0.418 1.09043236700127
0.4185 1.08921807706029
0.419 1.08921807706029
0.4195 1.08800378711931
0.42 1.08678949717833
0.4205 1.08557520723735
0.421 1.08436091729636
0.4215 1.08436091729636
0.422 1.08314662735538
0.4225 1.0819323374144
0.423 1.08071804747342
0.4235 1.07950375753244
0.424 1.07950375753244
0.4245 1.07828946759146
0.425 1.07707517765048
0.4255 1.0758608877095
0.426 1.07464659776851
0.4265 1.07464659776851
0.427 1.07343230782753
0.4275 1.07221801788655
0.428 1.07100372794557
0.4285 1.06978943800459
0.429 1.06978943800459
0.4295 1.06857514806361
0.43 1.06736085812263
0.4305 1.06614656818164
0.431 1.06493227824066
0.4315 1.06493227824066
0.432 1.06371798829968
0.4325 1.0625036983587
0.433 1.06128940841772
0.4335 1.06128940841772
0.434 1.06007511847674
0.4345 1.05886082853576
0.435 1.05764653859477
0.4355 1.05643224865379
0.436 1.05643224865379
0.4365 1.05521795871281
0.437 1.05400366877183
0.4375 1.05278937883085
0.438 1.05157508888987
0.4385 1.05157508888987
0.439 1.05036079894889
0.4395 1.0491465090079
0.44 1.04793221906692
0.4405 1.04671792912594
0.441 1.04671792912594
0.4415 1.04550363918496
0.442 1.04428934924398
0.4425 1.043075059303
0.443 1.043075059303
0.4435 1.04186076936202
0.444 1.04064647942104
0.4445 1.03943218948005
0.445 1.03821789953907
0.4455 1.03821789953907
0.446 1.03700360959809
0.4465 1.03578931965711
0.447 1.03457502971613
0.4475 1.03336073977515
0.448 1.03336073977515
0.4485 1.03214644983417
0.449 1.03093215989318
0.4495 1.0297178699522
0.45 1.02850358001122
0.4505 1.02850358001122
0.451 1.02728929007024
0.4515 1.02607500012926
0.452 1.02486071018828
0.4525 1.02486071018828
0.453 1.0236464202473
0.4535 1.02243213030631
0.454 1.02121784036533
0.4545 1.02000355042435
0.455 1.02000355042435
0.4555 1.01878926048337
0.456 1.01757497054239
0.4565 1.01636068060141
0.457 1.01514639066043
0.4575 1.01514639066043
0.458 1.01393210071945
0.4585 1.01271781077846
0.459 1.01150352083748
0.4595 1.01150352083748
0.46 1.0102892308965
0.4605 1.00907494095552
0.461 1.00786065101454
0.4615 1.00664636107356
0.462 1.00664636107356
0.4625 1.00543207113258
0.463 1.00421778119159
0.4635 1.00300349125061
0.464 1.00300349125061
0.4645 1.00178920130963
0.465 1.00057491136865
0.4655 0.999360621427669
0.466 0.998146331486687
0.4665 0.998146331486687
0.467 0.996932041545706
0.4675 0.995717751604724
0.468 0.994503461663743
0.4685 0.993289171722762
0.469 0.993289171722762
0.4695 0.99207488178178
0.47 0.990860591840799
0.4705 0.989646301899818
0.471 0.989646301899818
0.4715 0.988432011958836
0.472 0.987217722017855
0.4725 0.986003432076873
0.473 0.984789142135892
0.4735 0.984789142135892
0.474 0.983574852194911
0.4745 0.982360562253929
0.475 0.981146272312948
0.4755 0.981146272312948
0.476 0.979931982371967
0.4765 0.978717692430985
0.477 0.977503402490004
0.4775 0.976289112549023
0.478 0.976289112549023
0.4785 0.975074822608041
0.479 0.97386053266706
0.4795 0.972646242726078
0.48 0.971431952785097
0.4805 0.971431952785097
0.481 0.970217662844116
0.4815 0.969003372903134
0.482 0.967789082962153
0.4825 0.967789082962153
0.483 0.966574793021172
0.4835 0.96536050308019
0.484 0.964146213139209
0.4845 0.962931923198227
0.485 0.962931923198227
0.4855 0.961717633257246
0.486 0.960503343316265
0.4865 0.959289053375283
0.487 0.959289053375283
0.4875 0.958074763434302
0.488 0.956860473493321
0.4885 0.955646183552339
0.489 0.954431893611358
0.4895 0.954431893611358
0.49 0.953217603670376
0.4905 0.952003313729395
0.491 0.950789023788414
0.4915 0.950789023788414
0.492 0.949574733847432
0.4925 0.948360443906451
0.493 0.94714615396547
0.4935 0.945931864024488
0.494 0.945931864024488
0.4945 0.944717574083507
0.495 0.943503284142525
0.4955 0.942288994201544
0.496 0.942288994201544
0.4965 0.941074704260563
0.497 0.939860414319581
0.4975 0.9386461243786
0.498 0.937431834437619
0.4985 0.937431834437619
0.499 0.936217544496637
0.4995 0.935003254555656
0.5 0.933788964614675
0.5005 0.933788964614675
0.501 0.932574674673693
0.5015 0.931360384732712
0.502 0.93014609479173
0.5025 0.928931804850749
0.503 0.928931804850749
0.5035 0.927717514909768
0.504 0.926503224968786
0.5045 0.925288935027805
0.505 0.925288935027805
0.5055 0.924074645086824
0.506 0.922860355145842
0.5065 0.921646065204861
0.507 0.920431775263879
0.5075 0.920431775263879
0.508 0.919217485322898
0.5085 0.918003195381917
0.509 0.916788905440935
0.5095 0.916788905440935
0.51 0.915574615499954
0.5105 0.914360325558973
0.511 0.913146035617991
0.5115 0.91193174567701
0.512 0.91193174567701
0.5125 0.910717455736028
0.513 0.909503165795047
0.5135 0.908288875854066
0.514 0.908288875854066
0.5145 0.907074585913084
0.515 0.905860295972103
0.5155 0.904646006031122
0.516 0.90343171609014
0.5165 0.90343171609014
0.517 0.902217426149159
0.5175 0.901003136208178
0.518 0.899788846267196
0.5185 0.899788846267196
0.519 0.898574556326215
0.5195 0.897360266385233
0.52 0.896145976444252
0.5205 0.894931686503271
0.521 0.894931686503271
0.5215 0.893717396562289
0.522 0.892503106621308
0.5225 0.891288816680327
0.523 0.891288816680327
0.5235 0.890074526739345
0.524 0.888860236798364
0.5245 0.887645946857382
0.525 0.886431656916401
0.5255 0.886431656916401
0.526 0.88521736697542
0.5265 0.884003077034438
0.527 0.882788787093457
0.5275 0.882788787093457
0.528 0.881574497152476
0.5285 0.880360207211494
0.529 0.879145917270513
0.5295 0.879145917270513
0.53 0.877931627329531
0.5305 0.87671733738855
0.531 0.875503047447569
0.5315 0.874288757506587
0.532 0.874288757506587
0.5325 0.873074467565606
0.533 0.871860177624625
0.5335 0.870645887683643
0.534 0.870645887683643
0.5345 0.869431597742662
0.535 0.86821730780168
0.5355 0.867003017860699
0.536 0.865788727919718
0.5365 0.865788727919718
0.537 0.864574437978736
0.5375 0.863360148037755
0.538 0.862145858096774
0.5385 0.862145858096774
0.539 0.860931568155792
0.5395 0.859717278214811
0.54 0.85850298827383
0.5405 0.857288698332848
0.541 0.857288698332848
0.5415 0.856074408391867
0.542 0.854860118450885
0.5425 0.853645828509904
0.543 0.853645828509904
0.5435 0.852431538568923
0.544 0.851217248627941
0.5445 0.85000295868696
0.545 0.85000295868696
0.5455 0.848788668745979
0.546 0.847574378804997
0.5465 0.846360088864016
0.547 0.845145798923034
0.5475 0.845145798923034
0.548 0.843931508982053
0.5485 0.842717219041072
0.549 0.84150292910009
0.5495 0.84150292910009
0.55 0.840288639159109
0.5505 0.839074349218128
0.551 0.837860059277146
0.5515 0.836645769336165
0.552 0.836645769336165
0.5525 0.835431479395183
0.553 0.834217189454202
0.5535 0.833002899513221
0.554 0.833002899513221
0.5545 0.831788609572239
0.555 0.830574319631258
0.5555 0.829360029690277
0.556 0.829360029690277
0.5565 0.828145739749295
0.557 0.826931449808314
0.5575 0.825717159867333
0.558 0.824502869926351
0.5585 0.824502869926351
0.559 0.82328857998537
0.5595 0.822074290044388
0.56 0.820860000103407
0.5605 0.820860000103407
0.561 0.819645710162426
0.5615 0.818431420221444
0.562 0.817217130280463
0.5625 0.816002840339481
0.563 0.816002840339481
0.5635 0.8147885503985
0.564 0.813574260457519
0.5645 0.812359970516537
0.565 0.812359970516537
0.5655 0.811145680575556
0.566 0.809931390634575
0.5665 0.808717100693593
0.567 0.808717100693593
0.5675 0.807502810752612
0.568 0.80628852081163
0.5685 0.805074230870649
0.569 0.803859940929668
0.5695 0.803859940929668
0.57 0.802645650988686
0.5705 0.801431361047705
0.571 0.800217071106724
0.5715 0.800217071106724
0.572 0.799002781165742
0.5725 0.797788491224761
0.573 0.79657420128378
0.5735 0.79657420128378
0.574 0.795359911342798
0.5745 0.794145621401817
0.575 0.792931331460835
0.5755 0.791717041519854
0.576 0.791717041519854
0.5765 0.790502751578873
0.577 0.789288461637891
0.5775 0.78807417169691
0.578 0.78807417169691
0.5785 0.786859881755929
0.579 0.785645591814947
0.5795 0.784431301873966
0.58 0.783217011932984
0.5805 0.783217011932984
0.581 0.782002721992003
0.5815 0.780788432051022
0.582 0.77957414211004
0.5825 0.77957414211004
0.583 0.778359852169059
0.5835 0.777145562228078
0.584 0.775931272287096
0.5845 0.775931272287096
0.585 0.774716982346115
0.5855 0.773502692405133
0.586 0.772288402464152
0.5865 0.771074112523171
0.587 0.771074112523171
0.5875 0.769859822582189
0.588 0.768645532641208
0.5885 0.767431242700227
0.589 0.767431242700227
0.5895 0.766216952759245
0.59 0.765002662818264
0.5905 0.763788372877283
0.591 0.763788372877283
0.5915 0.762574082936301
0.592 0.76135979299532
0.5925 0.760145503054338
0.593 0.758931213113357
0.5935 0.758931213113357
0.594 0.757716923172376
0.5945 0.756502633231394
0.595 0.755288343290413
0.5955 0.755288343290413
0.596 0.754074053349432
0.5965 0.75285976340845
0.597 0.751645473467469
0.5975 0.751645473467469
0.598 0.750431183526487
0.5985 0.749216893585506
0.599 0.748002603644525
0.5995 0.746788313703543
0.6 0.746788313703543
0.6005 0.745574023762562
0.601 0.744359733821581
0.6015 0.743145443880599
0.602 0.743145443880599
0.6025 0.741931153939618
0.603 0.740716863998636
0.6035 0.739502574057655
0.604 0.738288284116674
0.6045 0.738288284116674
0.605 0.737073994175692
0.6055 0.735859704234711
0.606 0.73464541429373
0.6065 0.73464541429373
0.607 0.733431124352748
0.6075 0.732216834411767
0.608 0.731002544470785
0.6085 0.731002544470785
0.609 0.729788254529804
0.6095 0.728573964588823
0.61 0.727359674647841
0.6105 0.72614538470686
0.611 0.72614538470686
0.6115 0.724931094765879
0.612 0.723716804824897
0.6125 0.722502514883916
0.613 0.722502514883916
0.6135 0.721288224942935
0.614 0.720073935001953
0.6145 0.718859645060972
0.615 0.718859645060972
0.6155 0.71764535511999
0.616 0.716431065179009
0.6165 0.715216775238028
0.617 0.714002485297046
0.6175 0.714002485297046
0.618 0.712788195356065
0.6185 0.711573905415084
0.619 0.710359615474102
0.6195 0.710359615474102
0.62 0.709145325533121
0.6205 0.707931035592139
0.621 0.706716745651158
0.6215 0.706716745651158
0.622 0.705502455710177
0.6225 0.704288165769195
0.623 0.703073875828214
0.6235 0.701859585887233
0.624 0.701859585887233
0.6245 0.700645295946251
0.625 0.69943100600527
0.6255 0.698216716064288
0.626 0.698216716064288
0.6265 0.697002426123307
0.627 0.695788136182326
0.6275 0.694573846241344
0.628 0.694573846241344
0.6285 0.693359556300363
0.629 0.692145266359382
0.6295 0.6909309764184
0.63 0.689716686477419
0.6305 0.689716686477419
0.631 0.688502396536438
0.6315 0.687288106595456
0.632 0.686073816654475
0.6325 0.686073816654475
0.633 0.684859526713493
0.6335 0.683645236772512
0.634 0.682430946831531
0.6345 0.682430946831531
0.635 0.681216656890549
0.6355 0.680002366949568
0.636 0.678788077008587
0.6365 0.677573787067605
0.637 0.677573787067605
0.6375 0.676359497126624
0.638 0.675145207185642
0.6385 0.673930917244661
0.639 0.673930917244661
0.6395 0.67271662730368
0.64 0.671502337362698
0.6405 0.670288047421717
0.641 0.670288047421717
0.6415 0.669073757480736
0.642 0.667859467539754
0.6425 0.666645177598773
0.643 0.665430887657791
0.6435 0.665430887657791
0.644 0.66421659771681
0.6445 0.663002307775829
0.645 0.661788017834847
0.6455 0.661788017834847
0.646 0.660573727893866
0.6465 0.659359437952885
0.647 0.658145148011903
0.6475 0.658145148011903
0.648 0.656930858070922
0.6485 0.655716568129941
0.649 0.654502278188959
0.6495 0.653287988247978
0.65 0.653287988247978
0.6505 0.652073698306996
0.651 0.650859408366015
0.6515 0.649645118425034
0.652 0.649645118425034
0.6525 0.648430828484052
0.653 0.647216538543071
0.6535 0.64600224860209
0.654 0.64600224860209
0.6545 0.644787958661108
0.655 0.643573668720127
0.6555 0.642359378779145
0.656 0.641145088838164
0.6565 0.641145088838164
0.657 0.639930798897183
0.6575 0.638716508956201
0.658 0.63750221901522
0.6585 0.63750221901522
0.659 0.636287929074239
0.6595 0.635073639133257
0.66 0.633859349192276
0.6605 0.633859349192276
0.661 0.632645059251294
0.6615 0.631430769310313
0.662 0.630216479369332
0.6625 0.62900218942835
0.663 0.62900218942835
0.6635 0.627787899487369
0.664 0.626573609546388
0.6645 0.625359319605406
0.665 0.625359319605406
0.6655 0.624145029664425
0.666 0.622930739723443
0.6665 0.621716449782462
0.667 0.621716449782462
0.6675 0.620502159841481
0.668 0.619287869900499
0.6685 0.618073579959518
0.669 0.616859290018537
0.6695 0.616859290018537
0.67 0.615645000077555
0.6705 0.614430710136574
0.671 0.613216420195593
0.6715 0.613216420195593
0.672 0.612002130254611
0.6725 0.61078784031363
0.673 0.609573550372648
0.6735 0.609573550372648
0.674 0.608359260431667
0.6745 0.607144970490686
0.675 0.605930680549704
0.6755 0.604716390608723
0.676 0.604716390608723
0.6765 0.603502100667742
0.677 0.60228781072676
0.6775 0.601073520785779
0.678 0.601073520785779
0.6785 0.599859230844797
0.679 0.598644940903816
0.6795 0.597430650962835
0.68 0.597430650962835
0.6805 0.596216361021853
0.681 0.595002071080872
0.6815 0.593787781139891
0.682 0.592573491198909
0.6825 0.592573491198909
0.683 0.591359201257928
0.6835 0.590144911316946
0.684 0.588930621375965
0.6845 0.588930621375965
0.685 0.587716331434984
0.6855 0.586502041494002
0.686 0.585287751553021
0.6865 0.585287751553021
0.687 0.58407346161204
0.6875 0.582859171671058
0.688 0.581644881730077
0.6885 0.581644881730077
0.689 0.580430591789096
0.6895 0.579216301848114
0.69 0.578002011907133
0.6905 0.576787721966151
0.691 0.576787721966151
0.6915 0.57557343202517
0.692 0.574359142084189
0.6925 0.573144852143207
0.693 0.573144852143207
0.6935 0.571930562202226
0.694 0.570716272261245
0.6945 0.569501982320263
0.695 0.569501982320263
0.6955 0.568287692379282
0.696 0.5670734024383
0.6965 0.565859112497319
0.697 0.564644822556338
0.6975 0.564644822556338
0.698 0.563430532615356
0.6985 0.562216242674375
0.699 0.561001952733393
0.6995 0.561001952733393
0.7 0.559787662792412
0.7005 0.558573372851431
0.701 0.557359082910449
0.7015 0.557359082910449
0.702 0.556144792969468
0.7025 0.554930503028487
0.703 0.553716213087505
0.7035 0.552501923146524
0.704 0.552501923146524
0.7045 0.551287633205543
0.705 0.550073343264561
0.7055 0.54885905332358
0.706 0.54885905332358
0.7065 0.547644763382598
0.707 0.546430473441617
0.7075 0.545216183500636
0.708 0.545216183500636
0.7085 0.544001893559654
0.709 0.542787603618673
0.7095 0.541573313677692
0.71 0.54035902373671
0.7105 0.54035902373671
0.711 0.539144733795729
0.7115 0.537930443854748
0.712 0.536716153913766
0.7125 0.536716153913766
0.713 0.535501863972785
0.7135 0.534287574031803
0.714 0.533073284090822
0.7145 0.533073284090822
0.715 0.531858994149841
0.7155 0.530644704208859
0.716 0.529430414267878
0.7165 0.528216124326896
0.717 0.528216124326896
0.7175 0.527001834385915
0.718 0.525787544444934
0.7185 0.524573254503952
0.719 0.524573254503952
0.7195 0.523358964562971
0.72 0.52214467462199
0.7205 0.520930384681008
0.721 0.520930384681008
0.7215 0.519716094740027
0.722 0.518501804799046
0.7225 0.517287514858064
0.723 0.516073224917083
0.7235 0.516073224917083
0.724 0.514858934976101
0.7245 0.51364464503512
0.725 0.512430355094139
0.7255 0.512430355094139
0.726 0.511216065153157
0.7265 0.510001775212176
0.727 0.508787485271195
0.7275 0.508787485271195
0.728 0.507573195330213
0.7285 0.506358905389232
0.729 0.50514461544825
0.7295 0.503930325507269
0.73 0.503930325507269
0.7305 0.502716035566288
0.731 0.501501745625306
0.7315 0.500287455684325
0.732 0.500287455684325
0.7325 0.499073165743344
0.733 0.497858875802362
0.7335 0.496644585861381
0.734 0.496644585861381
0.7345 0.495430295920399
0.735 0.494216005979418
0.7355 0.493001716038437
0.736 0.493001716038437
0.7365 0.491787426097455
0.737 0.490573136156474
0.7375 0.489358846215493
0.738 0.488144556274511
0.7385 0.488144556274511
0.739 0.48693026633353
0.7395 0.485715976392548
0.74 0.484501686451567
0.7405 0.484501686451567
0.741 0.483287396510586
0.7415 0.482073106569604
0.742 0.480858816628623
0.7425 0.480858816628623
0.743 0.479644526687642
0.7435 0.47843023674666
0.744 0.477215946805679
0.7445 0.476001656864698
0.745 0.476001656864698
0.7455 0.474787366923716
0.746 0.473573076982735
0.7465 0.472358787041753
0.747 0.472358787041753
0.7475 0.471144497100772
0.748 0.469930207159791
0.7485 0.468715917218809
0.749 0.468715917218809
0.7495 0.467501627277828
0.75 0.466287337336847
0.7505 0.465073047395865
0.751 0.463858757454884
0.7515 0.463858757454884
0.752 0.462644467513902
0.7525 0.461430177572921
0.753 0.46021588763194
0.7535 0.46021588763194
0.754 0.459001597690958
0.7545 0.457787307749977
0.755 0.456573017808996
0.7555 0.456573017808996
0.756 0.455358727868014
0.7565 0.454144437927033
0.757 0.452930147986051
0.7575 0.45171585804507
0.758 0.45171585804507
0.7585 0.450501568104089
0.759 0.449287278163107
0.7595 0.448072988222126
0.76 0.448072988222126
0.7605 0.446858698281145
0.761 0.445644408340163
0.7615 0.444430118399182
0.762 0.444430118399182
0.7625 0.443215828458201
0.763 0.442001538517219
0.7635 0.440787248576238
0.764 0.439572958635256
0.7645 0.439572958635256
0.765 0.438358668694275
0.7655 0.437144378753294
0.766 0.435930088812312
0.7665 0.435930088812312
0.767 0.434715798871331
0.7675 0.43350150893035
0.768 0.432287218989368
0.7685 0.432287218989368
0.769 0.431072929048387
0.7695 0.429858639107405
0.77 0.428644349166424
0.7705 0.428644349166424
0.771 0.427430059225443
0.7715 0.426215769284461
0.772 0.42500147934348
0.7725 0.423787189402499
0.773 0.423787189402499
0.7735 0.422572899461517
0.774 0.421358609520536
0.7745 0.420144319579554
0.775 0.420144319579554
0.7755 0.418930029638573
0.776 0.417715739697592
0.7765 0.41650144975661
0.777 0.41650144975661
0.7775 0.415287159815629
0.778 0.414072869874648
0.7785 0.412858579933666
0.779 0.411644289992685
0.7795 0.411644289992685
0.78 0.410430000051703
0.7805 0.409215710110722
0.781 0.408001420169741
0.7815 0.408001420169741
0.782 0.406787130228759
0.7825 0.405572840287778
0.783 0.404358550346797
0.7835 0.404358550346797
0.784 0.403144260405815
0.7845 0.401929970464834
0.785 0.400715680523853
0.7855 0.399501390582871
0.786 0.399501390582871
0.7865 0.39828710064189
0.787 0.397072810700908
0.7875 0.395858520759927
0.788 0.395858520759927
0.7885 0.394644230818946
0.789 0.393429940877964
0.7895 0.392215650936983
0.79 0.392215650936983
0.7905 0.391001360996002
0.791 0.38978707105502
0.7915 0.388572781114039
0.792 0.387358491173057
0.7925 0.387358491173057
0.793 0.386144201232076
0.7935 0.384929911291095
0.794 0.383715621350113
0.7945 0.383715621350113
0.795 0.382501331409132
0.7955 0.381287041468151
0.796 0.380072751527169
0.7965 0.380072751527169
0.797 0.378858461586188
0.7975 0.377644171645206
0.798 0.376429881704225
0.7985 0.375215591763244
0.799 0.375215591763244
0.7995 0.374001301822262
0.8 0.372787011881281
0.8005 0.3715727219403
0.801 0.3715727219403
0.8015 0.370358431999318
0.802 0.369144142058337
0.8025 0.367929852117356
0.803 0.367929852117356
0.8035 0.366715562176374
0.804 0.365501272235393
0.8045 0.364286982294411
0.805 0.364286982294411
0.8055 0.36307269235343
0.806 0.361858402412449
0.8065 0.360644112471467
0.807 0.359429822530486
0.8075 0.359429822530486
0.808 0.358215532589505
0.8085 0.357001242648523
0.809 0.355786952707542
0.8095 0.355786952707542
0.81 0.35457266276656
0.8105 0.353358372825579
0.811 0.352144082884598
0.8115 0.352144082884598
0.812 0.350929792943616
0.8125 0.349715503002635
0.813 0.348501213061654
0.8135 0.347286923120672
0.814 0.347286923120672
0.8145 0.346072633179691
0.815 0.344858343238709
0.8155 0.343644053297728
0.816 0.343644053297728
0.8165 0.342429763356747
0.817 0.341215473415765
0.8175 0.340001183474784
0.818 0.340001183474784
0.8185 0.338786893533803
0.819 0.337572603592821
0.8195 0.33635831365184
0.82 0.335144023710858
0.8205 0.335144023710858
0.821 0.333929733769877
0.8215 0.332715443828896
0.822 0.331501153887914
0.8225 0.331501153887914
0.823 0.330286863946933
0.8235 0.329072574005952
0.824 0.32785828406497
0.8245 0.32785828406497
0.825 0.326643994123989
0.8255 0.325429704183007
0.826 0.324215414242026
0.8265 0.323001124301045
0.827 0.323001124301045
0.8275 0.321786834360063
0.828 0.320572544419082
0.8285 0.319358254478101
0.829 0.319358254478101
0.8295 0.318143964537119
0.83 0.316929674596138
0.8305 0.315715384655157
0.831 0.315715384655157
0.8315 0.314501094714175
0.832 0.313286804773194
0.8325 0.312072514832212
0.833 0.310858224891231
0.8335 0.310858224891231
0.834 0.30964393495025
0.8345 0.308429645009268
0.835 0.307215355068287
0.8355 0.307215355068287
0.836 0.306001065127306
0.8365 0.304786775186324
0.837 0.303572485245343
0.8375 0.303572485245343
0.838 0.302358195304361
0.8385 0.30114390536338
0.839 0.299929615422399
0.8395 0.299929615422399
0.84 0.298715325481417
0.8405 0.297501035540436
0.841 0.296286745599455
0.8415 0.295072455658473
0.842 0.295072455658473
0.8425 0.293858165717492
0.843 0.29264387577651
0.8435 0.291429585835529
0.844 0.291429585835529
0.8445 0.290215295894548
0.845 0.289001005953566
0.8455 0.287786716012585
0.846 0.287786716012585
0.8465 0.286572426071604
0.847 0.285358136130622
0.8475 0.284143846189641
0.848 0.28292955624866
0.8485 0.28292955624866
0.849 0.281715266307678
0.8495 0.280500976366697
0.85 0.279286686425715
0.8505 0.279286686425715
0.851 0.278072396484734
0.8515 0.276858106543753
0.852 0.275643816602771
0.8525 0.275643816602771
0.853 0.27442952666179
0.8535 0.273215236720809
0.854 0.272000946779827
0.8545 0.270786656838846
0.855 0.270786656838846
0.8555 0.269572366897864
0.856 0.268358076956883
0.8565 0.267143787015902
0.857 0.267143787015902
0.8575 0.26592949707492
0.858 0.264715207133939
0.8585 0.263500917192958
0.859 0.263500917192958
0.8595 0.262286627251976
0.86 0.261072337310995
0.8605 0.259858047370013
0.861 0.258643757429032
0.8615 0.258643757429032
0.862 0.257429467488051
0.8625 0.256215177547069
0.863 0.255000887606088
0.8635 0.255000887606088
0.864 0.253786597665107
0.8645 0.252572307724125
0.865 0.251358017783144
0.8655 0.251358017783144
0.866 0.250143727842162
0.8665 0.248929437901181
0.867 0.2477151479602
0.8675 0.246500858019218
0.868 0.246500858019218
0.8685 0.245286568078237
0.869 0.244072278137256
0.8695 0.242857988196274
0.87 0.242857988196274
0.8705 0.241643698255293
0.871 0.240429408314312
0.8715 0.23921511837333
0.872 0.23921511837333
0.8725 0.238000828432349
0.873 0.236786538491367
0.8735 0.235572248550386
0.874 0.235572248550386
0.8745 0.234357958609405
0.875 0.233143668668423
0.8755 0.231929378727442
0.876 0.230715088786461
0.8765 0.230715088786461
0.877 0.229500798845479
0.8775 0.228286508904498
0.878 0.227072218963516
0.8785 0.227072218963516
0.879 0.225857929022535
0.8795 0.224643639081554
0.88 0.223429349140572
0.8805 0.223429349140572
0.881 0.222215059199591
0.8815 0.22100076925861
0.882 0.219786479317628
0.8825 0.218572189376647
0.883 0.218572189376647
0.8835 0.217357899435665
0.884 0.216143609494684
0.8845 0.214929319553703
0.885 0.214929319553703
0.8855 0.213715029612721
0.886 0.21250073967174
0.8865 0.211286449730759
0.887 0.211286449730759
0.8875 0.210072159789777
0.888 0.208857869848796
0.8885 0.207643579907814
0.889 0.206429289966833
0.8895 0.206429289966833
0.89 0.205215000025852
0.8905 0.20400071008487
0.891 0.202786420143889
0.8915 0.202786420143889
0.892 0.201572130202908
0.8925 0.200357840261926
0.893 0.199143550320945
0.8935 0.199143550320945
0.894 0.197929260379964
0.8945 0.196714970438982
0.895 0.195500680498001
0.8955 0.194286390557019
0.896 0.194286390557019
0.8965 0.193072100616038
0.897 0.191857810675057
0.8975 0.190643520734075
0.898 0.190643520734075
0.8985 0.189429230793094
0.899 0.188214940852113
0.8995 0.187000650911131
0.9 0.187000650911131
0.9005 0.18578636097015
0.901 0.184572071029168
0.9015 0.183357781088187
0.902 0.183357781088187
0.9025 0.182143491147206
0.903 0.180929201206224
0.9035 0.179714911265243
0.904 0.178500621324262
0.9045 0.178500621324262
0.905 0.17728633138328
0.9055 0.176072041442299
0.906 0.174857751501317
0.9065 0.174857751501317
0.907 0.173643461560336
0.9075 0.172429171619355
0.908 0.171214881678373
0.9085 0.171214881678373
0.909 0.170000591737392
0.9095 0.168786301796411
0.91 0.167572011855429
0.9105 0.166357721914448
0.911 0.166357721914448
0.9115 0.165143431973466
0.912 0.163929142032485
0.9125 0.162714852091504
0.913 0.162714852091504
0.9135 0.161500562150522
0.914 0.160286272209541
0.9145 0.15907198226856
0.915 0.15907198226856
0.9155 0.157857692327578
0.916 0.156643402386597
0.9165 0.155429112445616
0.917 0.154214822504634
0.9175 0.154214822504634
0.918 0.153000532563653
0.9185 0.151786242622671
0.919 0.15057195268169
0.9195 0.15057195268169
0.92 0.149357662740709
0.9205 0.148143372799727
0.921 0.146929082858746
0.9215 0.146929082858746
0.922 0.145714792917765
0.9225 0.144500502976783
0.923 0.143286213035802
0.9235 0.14207192309482
0.924 0.14207192309482
0.9245 0.140857633153839
0.925 0.139643343212858
0.9255 0.138429053271876
0.926 0.138429053271876
0.9265 0.137214763330895
0.927 0.136000473389914
0.9275 0.134786183448932
0.928 0.134786183448932
0.9285 0.133571893507951
0.929 0.132357603566969
0.9295 0.131143313625988
0.93 0.131143313625988
0.9305 0.129929023685007
0.931 0.128714733744025
0.9315 0.127500443803044
0.932 0.126286153862063
0.9325 0.126286153862063
0.933 0.125071863921081
0.9335 0.1238575739801
0.934 0.122643284039119
0.9345 0.122643284039119
0.935 0.121428994098137
0.9355 0.120214704157156
0.936 0.119000414216174
0.9365 0.119000414216174
0.937 0.117786124275193
0.9375 0.116571834334212
0.938 0.11535754439323
0.9385 0.114143254452249
0.939 0.114143254452249
0.9395 0.112928964511268
0.94 0.111714674570286
0.9405 0.110500384629305
0.941 0.110500384629305
0.9415 0.109286094688323
0.942 0.108071804747342
0.9425 0.106857514806361
0.943 0.106857514806361
0.9435 0.105643224865379
0.944 0.104428934924398
0.9445 0.103214644983417
0.945 0.102000355042435
0.9455 0.102000355042435
0.946 0.100786065101454
0.9465 0.0995717751604724
0.947 0.0983574852194911
0.9475 0.0983574852194911
0.948 0.0971431952785097
0.9485 0.0959289053375283
0.949 0.094714615396547
0.9495 0.094714615396547
0.95 0.0935003254555656
0.9505 0.0922860355145842
0.951 0.0910717455736028
0.9515 0.0898574556326215
0.952 0.0898574556326215
0.9525 0.0886431656916401
0.953 0.0874288757506587
0.9535 0.0862145858096774
0.954 0.0862145858096774
0.9545 0.085000295868696
0.955 0.0837860059277146
0.9555 0.0825717159867332
0.956 0.0825717159867332
0.9565 0.0813574260457519
0.957 0.0801431361047705
0.9575 0.0789288461637891
0.958 0.0789288461637891
0.9585 0.0777145562228078
0.959 0.0765002662818264
0.9595 0.075285976340845
0.96 0.0740716863998637
0.9605 0.0740716863998637
0.961 0.0728573964588823
0.9615 0.0716431065179009
0.962 0.0704288165769195
0.9625 0.0704288165769195
0.963 0.0692145266359382
0.9635 0.0680002366949568
0.964 0.0667859467539754
0.9645 0.0667859467539754
0.965 0.0655716568129941
0.9655 0.0643573668720127
0.966 0.0631430769310313
0.9665 0.0619287869900499
0.967 0.0619287869900499
0.9675 0.0607144970490686
0.968 0.0595002071080872
0.9685 0.0582859171671058
0.969 0.0582859171671058
0.9695 0.0570716272261245
0.97 0.0558573372851431
0.9705 0.0546430473441617
0.971 0.0546430473441617
0.9715 0.0534287574031803
0.972 0.052214467462199
0.9725 0.0510001775212176
0.973 0.0497858875802362
0.9735 0.0497858875802362
0.974 0.0485715976392549
0.9745 0.0473573076982735
0.975 0.0461430177572921
0.9755 0.0461430177572921
0.976 0.0449287278163107
0.9765 0.0437144378753294
0.977 0.042500147934348
0.9775 0.042500147934348
0.978 0.0412858579933666
0.9785 0.0400715680523853
0.979 0.0388572781114039
0.9795 0.0376429881704225
0.98 0.0376429881704225
0.9805 0.0364286982294411
0.981 0.0352144082884598
0.9815 0.0340001183474784
0.982 0.0340001183474784
0.9825 0.032785828406497
0.983 0.0315715384655157
0.9835 0.0303572485245343
0.984 0.0303572485245343
0.9845 0.0291429585835529
0.985 0.0279286686425715
0.9855 0.0267143787015902
0.986 0.0267143787015902
0.9865 0.0255000887606088
0.987 0.0242857988196274
0.9875 0.0230715088786461
0.988 0.0218572189376647
0.9885 0.0218572189376647
0.989 0.0206429289966833
0.9895 0.0194286390557019
0.99 0.0182143491147206
0.9905 0.0182143491147206
0.991 0.0170000591737392
0.9915 0.0157857692327578
0.992 0.0145714792917765
0.9925 0.0145714792917765
0.993 0.0133571893507951
0.9935 0.0121428994098137
0.994 0.0109286094688323
0.9945 0.00971431952785097
0.995 0.00971431952785097
0.9955 0.0085000295868696
0.996 0.00728573964588823
0.9965 0.00607144970490686
0.997 0.00607144970490686
0.9975 0.00485715976392549
0.998 0.00364286982294411
0.9985 0.00242857988196274
0.999 0.00242857988196274
0.9995 0.00121428994098137
1 0
