"EPS" "T"
5e-04 2.90766079500694
0.001 2.73022014437592
0.0015 2.62138987865556
0.002 2.542527367264
0.0025 2.47943735815075
0.003 2.42738810063232
0.0035 2.38322509425304
0.004 2.34458246367118
0.0045 2.30988295865889
0.005 2.27833795410226
0.0055 2.2499474500013
0.006 2.22392282124208
0.0065 2.1994754427107
0.007 2.17660531440715
0.0075 2.15531243633142
0.008 2.13559680848353
0.0085 2.11666980574956
0.009 2.09932005324341
0.0095 2.08197030073727
0.01 2.06619779845896
0.0105 2.05121392129456
0.011 2.03623004413016
0.0115 2.02203479207968
0.012 2.00862816514312
0.0125 1.99522153820655
0.013 1.9826035363839
0.0135 1.97077415967517
0.014 1.95894478296643
0.0145 1.94790403137161
0.015 1.93686327977679
0.0155 1.92582252818197
0.016 1.91557040170107
0.0165 1.90531827522017
0.017 1.89585477385318
0.0175 1.88639127248619
0.018 1.87692777111921
0.0185 1.86825289486613
0.019 1.85957801861306
0.0195 1.85090314235999
0.02 1.84222826610692
0.0205 1.83434201496776
0.021 1.82566713871469
0.0215 1.81778088757553
0.022 1.81068326155029
0.0225 1.80279701041114
0.023 1.7956993843859
0.0235 1.78781313324674
0.024 1.7807155072215
0.0245 1.77440650631017
0.025 1.76730888028493
0.0255 1.76021125425969
0.026 1.75390225334837
0.0265 1.74759325243704
0.027 1.74128425152572
0.0275 1.73497525061439
0.028 1.72866624970307
0.0285 1.72235724879174
0.029 1.71683687299433
0.0295 1.71052787208301
0.03 1.7050074962856
0.0305 1.69869849537427
0.031 1.69317811957686
0.0315 1.68765774377945
0.032 1.68213736798204
0.0325 1.67740561729855
0.033 1.67188524150114
0.0335 1.66636486570373
0.034 1.66163311502024
0.0345 1.65611273922283
0.035 1.65138098853933
0.0355 1.64586061274193
0.036 1.64112886205843
0.0365 1.63639711137494
0.037 1.63166536069144
0.0375 1.62693361000795
0.038 1.62220185932446
0.0385 1.61747010864096
0.039 1.61273835795747
0.0395 1.60879523238789
0.04 1.6040634817044
0.0405 1.5993317310209
0.041 1.59538860545132
0.0415 1.59065685476783
0.042 1.58671372919825
0.0425 1.58277060362867
0.043 1.57803885294518
0.0435 1.5740957273756
0.044 1.57015260180602
0.0445 1.56620947623645
0.045 1.56226635066687
0.0455 1.55832322509729
0.046 1.55438009952771
0.0465 1.55043697395813
0.047 1.54649384838856
0.0475 1.54255072281898
0.048 1.5386075972494
0.0485 1.53466447167982
0.049 1.53150997122416
0.0495 1.52756684565458
0.05 1.523623720085
0.0505 1.52046921962934
0.051 1.51652609405976
0.0515 1.5133715936041
0.052 1.50942846803452
0.0525 1.50627396757886
0.053 1.50233084200928
0.0535 1.49917634155362
0.054 1.49602184109795
0.0545 1.49207871552838
0.055 1.48892421507271
0.0555 1.48576971461705
0.056 1.48261521416139
0.0565 1.47867208859181
0.057 1.47551758813615
0.0575 1.47236308768049
0.058 1.46920858722482
0.0585 1.46605408676916
0.059 1.4628995863135
0.0595 1.45974508585784
0.06 1.45659058540217
0.0605 1.45343608494651
0.061 1.45028158449085
0.0615 1.4479157091491
0.062 1.44476120869344
0.0625 1.44160670823778
0.063 1.43845220778211
0.0635 1.43529770732645
0.064 1.4329318319847
0.0645 1.42977733152904
0.065 1.42662283107338
0.0655 1.42425695573163
0.066 1.42110245527597
0.0665 1.41794795482031
0.067 1.41558207947856
0.0675 1.4124275790229
0.068 1.41006170368115
0.0685 1.40690720322549
0.069 1.40454132788374
0.0695 1.40138682742808
0.07 1.39902095208633
0.0705 1.39586645163067
0.071 1.39350057628892
0.0715 1.39113470094718
0.072 1.38798020049151
0.0725 1.38561432514977
0.073 1.38324844980802
0.0735 1.38009394935236
0.074 1.37772807401061
0.0745 1.37536219866886
0.075 1.37299632332712
0.0755 1.36984182287145
0.076 1.36747594752971
0.0765 1.36511007218796
0.077 1.36274419684621
0.0775 1.36037832150447
0.078 1.3572238210488
0.0785 1.35485794570706
0.079 1.35249207036531
0.0795 1.35012619502356
0.08 1.34776031968182
0.0805 1.34539444434007
0.081 1.34302856899832
0.0815 1.34066269365658
0.082 1.33829681831483
0.0825 1.33593094297308
0.083 1.33356506763133
0.0835 1.33119919228959
0.084 1.32883331694784
0.0845 1.32646744160609
0.085 1.32410156626435
0.0855 1.3217356909226
0.086 1.32015844069477
0.0865 1.31779256535302
0.087 1.31542669001127
0.0875 1.31306081466953
0.088 1.31069493932778
0.0885 1.30832906398603
0.089 1.3067518137582
0.0895 1.30438593841646
0.09 1.30202006307471
0.0905 1.29965418773296
0.091 1.29807693750513
0.0915 1.29571106216338
0.092 1.29334518682164
0.0925 1.29097931147989
0.093 1.28940206125206
0.0935 1.28703618591031
0.094 1.28467031056857
0.0945 1.28309306034073
0.095 1.28072718499899
0.0955 1.27836130965724
0.096 1.27678405942941
0.0965 1.27441818408766
0.097 1.27284093385983
0.0975 1.27047505851808
0.098 1.26889780829025
0.0985 1.26653193294851
0.099 1.26416605760676
0.0995 1.26258880737893
0.1 1.26022293203718
0.1005 1.25864568180935
0.101 1.2562798064676
0.1015 1.25470255623977
0.102 1.25233668089802
0.1025 1.25075943067019
0.103 1.24839355532845
0.1035 1.24681630510061
0.104 1.24445042975887
0.1045 1.24287317953104
0.105 1.24129592930321
0.1055 1.23893005396146
0.106 1.23735280373363
0.1065 1.23498692839188
0.107 1.23340967816405
0.1075 1.23183242793622
0.108 1.22946655259447
0.1085 1.22788930236664
0.109 1.22631205213881
0.1095 1.22394617679706
0.11 1.22236892656923
0.1105 1.2207916763414
0.111 1.21842580099965
0.1115 1.21684855077182
0.112 1.21527130054399
0.1125 1.21290542520224
0.113 1.21132817497441
0.1135 1.20975092474658
0.114 1.20817367451875
0.1145 1.205807799177
0.115 1.20423054894917
0.1155 1.20265329872134
0.116 1.20107604849351
0.1165 1.19871017315176
0.117 1.19713292292393
0.1175 1.1955556726961
0.118 1.19397842246827
0.1185 1.19240117224044
0.119 1.19003529689869
0.1195 1.18845804667086
0.12 1.18688079644303
0.1205 1.1853035462152
0.121 1.18372629598736
0.1215 1.18214904575953
0.122 1.17978317041779
0.1225 1.17820592018996
0.123 1.17662866996212
0.1235 1.17505141973429
0.124 1.17347416950646
0.1245 1.17189691927863
0.125 1.1703196690508
0.1255 1.16874241882297
0.126 1.16716516859514
0.1265 1.1655879183673
0.127 1.16322204302556
0.1275 1.16164479279773
0.128 1.1600675425699
0.1285 1.15849029234206
0.129 1.15691304211423
0.1295 1.1553357918864
0.13 1.15375854165857
0.1305 1.15218129143074
0.131 1.15060404120291
0.1315 1.14902679097508
0.132 1.14744954074725
0.1325 1.14587229051941
0.133 1.14429504029158
0.1335 1.14271779006375
0.134 1.14114053983592
0.1345 1.13956328960809
0.135 1.13798603938026
0.1355 1.13640878915243
0.136 1.1348315389246
0.1365 1.13325428869676
0.137 1.13167703846893
0.1375 1.13088841335502
0.138 1.12931116312719
0.1385 1.12773391289935
0.139 1.12615666267152
0.1395 1.12457941244369
0.14 1.12300216221586
0.1405 1.12142491198803
0.141 1.1198476617602
0.1415 1.11827041153237
0.142 1.11669316130454
0.1425 1.11590453619062
0.143 1.11432728596279
0.1435 1.11275003573496
0.144 1.11117278550713
0.1445 1.10959553527929
0.145 1.10801828505146
0.1455 1.10644103482363
0.146 1.10565240970972
0.1465 1.10407515948189
0.147 1.10249790925405
0.1475 1.10092065902622
0.148 1.09934340879839
0.1485 1.09776615857056
0.149 1.09697753345664
0.1495 1.09540028322881
0.15 1.09382303300098
0.1505 1.09224578277315
0.151 1.09066853254532
0.1515 1.0898799074314
0.152 1.08830265720357
0.1525 1.08672540697574
0.153 1.08514815674791
0.1535 1.08435953163399
0.154 1.08278228140616
0.1545 1.08120503117833
0.155 1.0796277809505
0.1555 1.07805053072267
0.156 1.07726190560875
0.1565 1.07568465538092
0.157 1.07410740515309
0.1575 1.07331878003918
0.158 1.07174152981134
0.1585 1.07016427958351
0.159 1.06858702935568
0.1595 1.06779840424177
0.16 1.06622115401394
0.1605 1.0646439037861
0.161 1.06385527867219
0.1615 1.06227802844436
0.162 1.06070077821653
0.1625 1.05912352798869
0.163 1.05833490287478
0.1635 1.05675765264695
0.164 1.05518040241912
0.1645 1.0543917773052
0.165 1.05281452707737
0.1655 1.05123727684954
0.166 1.05044865173562
0.1665 1.04887140150779
0.167 1.04729415127996
0.1675 1.04650552616604
0.168 1.04492827593821
0.1685 1.0441396508243
0.169 1.04256240059647
0.1695 1.04098515036863
0.17 1.04019652525472
0.1705 1.03861927502689
0.171 1.03704202479906
0.1715 1.03625339968514
0.172 1.03467614945731
0.1725 1.03388752434339
0.173 1.03231027411556
0.1735 1.03073302388773
0.174 1.02994439877382
0.1745 1.02836714854598
0.175 1.02757852343207
0.1755 1.02600127320424
0.176 1.02442402297641
0.1765 1.02363539786249
0.177 1.02205814763466
0.1775 1.02126952252074
0.178 1.01969227229291
0.1785 1.018903647179
0.179 1.01732639695117
0.1795 1.01574914672333
0.18 1.01496052160942
0.1805 1.01338327138159
0.181 1.01259464626767
0.1815 1.01101739603984
0.182 1.01022877092593
0.1825 1.00865152069809
0.183 1.00786289558418
0.1835 1.00628564535635
0.184 1.00549702024243
0.1845 1.0039197700146
0.185 1.00313114490068
0.1855 1.00155389467285
0.186 0.999976644445022
0.1865 0.999188019331106
0.187 0.997610769103275
0.1875 0.99682214398936
0.188 0.995244893761528
0.1885 0.994456268647613
0.189 0.992879018419781
0.1895 0.992090393305866
0.19 0.990513143078034
0.1905 0.989724517964119
0.191 0.988935892850203
0.1915 0.987358642622372
0.192 0.986570017508456
0.1925 0.984992767280625
0.193 0.984204142166709
0.1935 0.982626891938878
0.194 0.981838266824962
0.1945 0.980261016597131
0.195 0.979472391483216
0.1955 0.977895141255384
0.196 0.977106516141469
0.1965 0.975529265913637
0.197 0.974740640799722
0.1975 0.973952015685806
0.198 0.972374765457975
0.1985 0.971586140344059
0.199 0.970008890116228
0.1995 0.969220265002312
0.2 0.967643014774481
0.2005 0.966854389660565
0.201 0.965277139432734
0.2015 0.964488514318819
0.202 0.963699889204903
0.2025 0.962122638977072
0.203 0.961334013863156
0.2035 0.959756763635325
0.204 0.958968138521409
0.2045 0.958179513407494
0.205 0.956602263179662
0.2055 0.955813638065747
0.206 0.954236387837915
0.2065 0.953447762724
0.207 0.952659137610084
0.2075 0.951081887382253
0.208 0.950293262268337
0.2085 0.948716012040506
0.209 0.94792738692659
0.2095 0.947138761812675
0.21 0.945561511584843
0.2105 0.944772886470928
0.211 0.943984261357012
0.2115 0.942407011129181
0.212 0.941618386015265
0.2125 0.940041135787434
0.213 0.939252510673518
0.2135 0.938463885559603
0.214 0.936886635331771
0.2145 0.936098010217856
0.215 0.93530938510394
0.2155 0.933732134876109
0.216 0.932943509762193
0.2165 0.932154884648278
0.217 0.930577634420446
0.2175 0.929789009306531
0.218 0.929000384192615
0.2185 0.927423133964784
0.219 0.926634508850868
0.2195 0.925845883736953
0.22 0.924268633509121
0.2205 0.923480008395206
0.221 0.92269138328129
0.2215 0.921114133053459
0.222 0.920325507939543
0.2225 0.919536882825628
0.223 0.917959632597796
0.2235 0.917171007483881
0.224 0.916382382369965
0.2245 0.914805132142134
0.225 0.914016507028218
0.2255 0.913227881914302
0.226 0.911650631686471
0.2265 0.910862006572556
0.227 0.91007338145864
0.2275 0.909284756344724
0.228 0.907707506116893
0.2285 0.906918881002977
0.229 0.906130255889062
0.2295 0.904553005661231
0.23 0.903764380547315
0.2305 0.902975755433399
0.231 0.902187130319484
0.2315 0.900609880091652
0.232 0.899821254977737
0.2325 0.899032629863821
0.233 0.89745537963599
0.2335 0.896666754522074
0.234 0.895878129408158
0.2345 0.895089504294243
0.235 0.893512254066412
0.2355 0.892723628952496
0.236 0.89193500383858
0.2365 0.891146378724665
0.237 0.889569128496833
0.2375 0.888780503382918
0.238 0.887991878269002
0.2385 0.887203253155087
0.239 0.885626002927255
0.2395 0.88483737781334
0.24 0.884048752699424
0.2405 0.883260127585508
0.241 0.881682877357677
0.2415 0.880894252243761
0.242 0.880105627129846
0.2425 0.87931700201593
0.243 0.877739751788099
0.2435 0.876951126674183
0.244 0.876162501560268
0.2445 0.875373876446352
0.245 0.874585251332436
0.2455 0.873008001104605
0.246 0.87221937599069
0.2465 0.871430750876774
0.247 0.870642125762858
0.2475 0.869064875535027
0.248 0.868276250421111
0.2485 0.867487625307196
0.249 0.86669900019328
0.2495 0.865910375079365
0.25 0.864333124851533
0.2505 0.863544499737618
0.251 0.862755874623702
0.2515 0.861967249509786
0.252 0.861178624395871
0.2525 0.859601374168039
0.253 0.858812749054124
0.2535 0.858024123940208
0.254 0.857235498826293
0.2545 0.856446873712377
0.255 0.854869623484546
0.2555 0.85408099837063
0.256 0.853292373256714
0.2565 0.852503748142799
0.257 0.851715123028883
0.2575 0.850926497914967
0.258 0.849349247687136
0.2585 0.848560622573221
0.259 0.847771997459305
0.2595 0.846983372345389
0.26 0.846194747231474
0.2605 0.845406122117558
0.261 0.843828871889727
0.2615 0.843040246775811
0.262 0.842251621661895
0.2625 0.84146299654798
0.263 0.840674371434064
0.2635 0.839885746320149
0.264 0.838308496092317
0.2645 0.837519870978402
0.265 0.836731245864486
0.2655 0.83594262075057
0.266 0.835153995636655
0.2665 0.834365370522739
0.267 0.832788120294908
0.2675 0.831999495180992
0.268 0.831210870067077
0.2685 0.830422244953161
0.269 0.829633619839245
0.2695 0.82884499472533
0.27 0.828056369611414
0.2705 0.826479119383583
0.271 0.825690494269667
0.2715 0.824901869155752
0.272 0.824113244041836
0.2725 0.82332461892792
0.273 0.822535993814005
0.2735 0.821747368700089
0.274 0.820958743586173
0.2745 0.819381493358342
0.275 0.818592868244427
0.2755 0.817804243130511
0.276 0.817015618016595
0.2765 0.81622699290268
0.277 0.815438367788764
0.2775 0.814649742674848
0.278 0.813861117560933
0.2785 0.812283867333101
0.279 0.811495242219186
0.2795 0.81070661710527
0.28 0.809917991991355
0.2805 0.809129366877439
0.281 0.808340741763523
0.2815 0.807552116649608
0.282 0.806763491535692
0.2825 0.805974866421776
0.283 0.805186241307861
0.2835 0.803608991080029
0.284 0.802820365966114
0.2845 0.802031740852198
0.285 0.801243115738283
0.2855 0.800454490624367
0.286 0.799665865510451
0.2865 0.798877240396536
0.287 0.79808861528262
0.2875 0.797299990168704
0.288 0.796511365054789
0.2885 0.795722739940873
0.289 0.794145489713042
0.2895 0.793356864599126
0.29 0.792568239485211
0.2905 0.791779614371295
0.291 0.790990989257379
0.2915 0.790202364143464
0.292 0.789413739029548
0.2925 0.788625113915633
0.293 0.787836488801717
0.2935 0.787047863687801
0.294 0.786259238573886
0.2945 0.78547061345997
0.295 0.784681988346054
0.2955 0.783104738118223
0.296 0.782316113004307
0.2965 0.781527487890392
0.297 0.780738862776476
0.2975 0.779950237662561
0.298 0.779161612548645
0.2985 0.778372987434729
0.299 0.777584362320814
0.2995 0.776795737206898
0.3 0.776007112092982
0.3005 0.775218486979067
0.301 0.774429861865151
0.3015 0.773641236751236
0.302 0.77285261163732
0.3025 0.772063986523404
0.303 0.771275361409489
0.3035 0.770486736295573
0.304 0.769698111181657
0.3045 0.768120860953826
0.305 0.76733223583991
0.3055 0.766543610725995
0.306 0.765754985612079
0.3065 0.764966360498164
0.307 0.764177735384248
0.3075 0.763389110270332
0.308 0.762600485156417
0.3085 0.761811860042501
0.309 0.761023234928585
0.3095 0.76023460981467
0.31 0.759445984700754
0.3105 0.758657359586838
0.311 0.757868734472923
0.3115 0.757080109359007
0.312 0.756291484245092
0.3125 0.755502859131176
0.313 0.75471423401726
0.3135 0.753925608903345
0.314 0.753136983789429
0.3145 0.752348358675513
0.315 0.751559733561598
0.3155 0.750771108447682
0.316 0.749982483333766
0.3165 0.749193858219851
0.317 0.748405233105935
0.3175 0.74761660799202
0.318 0.746827982878104
0.3185 0.746039357764188
0.319 0.745250732650273
0.3195 0.744462107536357
0.32 0.743673482422441
0.3205 0.742884857308526
0.321 0.74209623219461
0.3215 0.741307607080695
0.322 0.740518981966779
0.3225 0.739730356852863
0.323 0.738941731738948
0.3235 0.738153106625032
0.324 0.737364481511116
0.3245 0.736575856397201
0.325 0.735787231283285
0.3255 0.73499860616937
0.326 0.734209981055454
0.3265 0.733421355941538
0.327 0.732632730827623
0.3275 0.731844105713707
0.328 0.731055480599791
0.3285 0.730266855485876
0.329 0.72947823037196
0.3295 0.728689605258044
0.33 0.727900980144129
0.3305 0.727112355030213
0.331 0.726323729916298
0.3315 0.725535104802382
0.332 0.724746479688466
0.3325 0.723957854574551
0.333 0.723169229460635
0.3335 0.722380604346719
0.334 0.721591979232804
0.3345 0.720803354118888
0.335 0.720014729004972
0.3355 0.719226103891057
0.336 0.718437478777141
0.3365 0.717648853663226
0.337 0.71686022854931
0.3375 0.716071603435394
0.338 0.715282978321479
0.3385 0.714494353207563
0.339 0.713705728093647
0.3395 0.712917102979732
0.34 0.712128477865816
0.3405 0.7113398527519
0.341 0.710551227637985
0.3415 0.709762602524069
0.342 0.708973977410154
0.3425 0.708185352296238
0.343 0.707396727182322
0.3435 0.706608102068407
0.344 0.706608102068407
0.3445 0.705819476954491
0.345 0.705030851840575
0.3455 0.70424222672666
0.346 0.703453601612744
0.3465 0.702664976498829
0.347 0.701876351384913
0.3475 0.701087726270997
0.348 0.700299101157082
0.3485 0.699510476043166
0.349 0.69872185092925
0.3495 0.697933225815335
0.35 0.697144600701419
0.3505 0.696355975587504
0.351 0.695567350473588
0.3515 0.694778725359672
0.352 0.693990100245757
0.3525 0.693201475131841
0.353 0.692412850017925
0.3535 0.69162422490401
0.354 0.69162422490401
0.3545 0.690835599790094
0.355 0.690046974676178
0.3555 0.689258349562263
0.356 0.688469724448347
0.3565 0.687681099334432
0.357 0.686892474220516
0.3575 0.6861038491066
0.358 0.685315223992685
0.3585 0.684526598878769
0.359 0.683737973764853
0.3595 0.682949348650938
0.36 0.682160723537022
0.3605 0.681372098423107
0.361 0.680583473309191
0.3615 0.680583473309191
0.362 0.679794848195275
0.3625 0.67900622308136
0.363 0.678217597967444
0.3635 0.677428972853528
0.364 0.676640347739613
0.3645 0.675851722625697
0.365 0.675063097511781
0.3655 0.674274472397866
0.366 0.67348584728395
0.3665 0.672697222170035
0.367 0.671908597056119
0.3675 0.671119971942203
0.368 0.671119971942203
0.3685 0.670331346828288
0.369 0.669542721714372
0.3695 0.668754096600456
0.37 0.667965471486541
0.3705 0.667176846372625
0.371 0.666388221258709
0.3715 0.665599596144794
0.372 0.664810971030878
0.3725 0.664022345916963
0.373 0.663233720803047
0.3735 0.663233720803047
0.374 0.662445095689131
0.3745 0.661656470575216
0.375 0.6608678454613
0.3755 0.660079220347384
0.376 0.659290595233469
0.3765 0.658501970119553
0.377 0.657713345005637
0.3775 0.656924719891722
0.378 0.656136094777806
0.3785 0.655347469663891
0.379 0.655347469663891
0.3795 0.654558844549975
0.38 0.653770219436059
0.3805 0.652981594322144
0.381 0.652192969208228
0.3815 0.651404344094312
0.382 0.650615718980397
0.3825 0.649827093866481
0.383 0.649038468752566
0.3835 0.649038468752566
0.384 0.64824984363865
0.3845 0.647461218524734
0.385 0.646672593410819
0.3855 0.645883968296903
0.386 0.645095343182987
0.3865 0.644306718069072
0.387 0.643518092955156
0.3875 0.642729467841241
0.388 0.642729467841241
0.3885 0.641940842727325
0.389 0.641152217613409
0.3895 0.640363592499494
0.39 0.639574967385578
0.3905 0.638786342271662
0.391 0.637997717157747
0.3915 0.637209092043831
0.392 0.636420466929915
0.3925 0.636420466929915
0.393 0.635631841816
0.3935 0.634843216702084
0.394 0.634054591588169
0.3945 0.633265966474253
0.395 0.632477341360337
0.3955 0.631688716246422
0.396 0.630900091132506
0.3965 0.630900091132506
0.397 0.63011146601859
0.3975 0.629322840904675
0.398 0.628534215790759
0.3985 0.627745590676843
0.399 0.626956965562928
0.3995 0.626168340449012
0.4 0.626168340449012
0.4005 0.625379715335097
0.401 0.624591090221181
0.4015 0.623802465107265
0.402 0.62301383999335
0.4025 0.622225214879434
0.403 0.621436589765518
0.4035 0.620647964651603
0.404 0.620647964651603
0.4045 0.619859339537687
0.405 0.619070714423771
0.4055 0.618282089309856
0.406 0.61749346419594
0.4065 0.616704839082025
0.407 0.615916213968109
0.4075 0.615916213968109
0.408 0.615127588854193
0.4085 0.614338963740278
0.409 0.613550338626362
0.4095 0.612761713512446
0.41 0.611973088398531
0.4105 0.611184463284615
0.411 0.611184463284615
0.4115 0.6103958381707
0.412 0.609607213056784
0.4125 0.608818587942868
0.413 0.608029962828953
0.4135 0.607241337715037
0.414 0.607241337715037
0.4145 0.606452712601121
0.415 0.605664087487206
0.4155 0.60487546237329
0.416 0.604086837259375
0.4165 0.603298212145459
0.417 0.602509587031543
0.4175 0.602509587031543
0.418 0.601720961917628
0.4185 0.600932336803712
0.419 0.600143711689796
0.4195 0.599355086575881
0.42 0.598566461461965
0.4205 0.598566461461965
0.421 0.597777836348049
0.4215 0.596989211234134
0.422 0.596200586120218
0.4225 0.595411961006303
0.423 0.594623335892387
0.4235 0.594623335892387
0.424 0.593834710778471
0.4245 0.593046085664556
0.425 0.59225746055064
0.4255 0.591468835436724
0.426 0.590680210322809
0.4265 0.589891585208893
0.427 0.589891585208893
0.4275 0.589102960094978
0.428 0.588314334981062
0.4285 0.587525709867146
0.429 0.586737084753231
0.4295 0.586737084753231
0.43 0.585948459639315
0.4305 0.585159834525399
0.431 0.584371209411484
0.4315 0.583582584297568
0.432 0.582793959183652
0.4325 0.582793959183652
0.433 0.582005334069737
0.4335 0.581216708955821
0.434 0.580428083841905
0.4345 0.57963945872799
0.435 0.578850833614074
0.4355 0.578850833614074
0.436 0.578062208500159
0.4365 0.577273583386243
0.437 0.576484958272327
0.4375 0.575696333158412
0.438 0.575696333158412
0.4385 0.574907708044496
0.439 0.57411908293058
0.4395 0.573330457816665
0.44 0.572541832702749
0.4405 0.571753207588834
0.441 0.571753207588834
0.4415 0.570964582474918
0.442 0.570175957361002
0.4425 0.569387332247087
0.443 0.568598707133171
0.4435 0.568598707133171
0.444 0.567810082019255
0.4445 0.56702145690534
0.445 0.566232831791424
0.4455 0.565444206677508
0.446 0.564655581563593
0.4465 0.564655581563593
0.447 0.563866956449677
0.4475 0.563078331335762
0.448 0.562289706221846
0.4485 0.56150108110793
0.449 0.56150108110793
0.4495 0.560712455994015
0.45 0.559923830880099
0.4505 0.559135205766183
0.451 0.558346580652268
0.4515 0.558346580652268
0.452 0.557557955538352
0.4525 0.556769330424437
0.453 0.555980705310521
0.4535 0.555192080196605
0.454 0.555192080196605
0.4545 0.55440345508269
0.455 0.553614829968774
0.4555 0.552826204854858
0.456 0.552037579740943
0.4565 0.552037579740943
0.457 0.551248954627027
0.4575 0.550460329513112
0.458 0.549671704399196
0.4585 0.54888307928528
0.459 0.54888307928528
0.4595 0.548094454171365
0.46 0.547305829057449
0.4605 0.546517203943533
0.461 0.545728578829618
0.4615 0.545728578829618
0.462 0.544939953715702
0.4625 0.544151328601786
0.463 0.543362703487871
0.4635 0.542574078373955
0.464 0.542574078373955
0.4645 0.54178545326004
0.465 0.540996828146124
0.4655 0.540208203032208
0.466 0.539419577918293
0.4665 0.539419577918293
0.467 0.538630952804377
0.4675 0.537842327690461
0.468 0.537053702576546
0.4685 0.537053702576546
0.469 0.53626507746263
0.4695 0.535476452348714
0.47 0.534687827234799
0.4705 0.533899202120883
0.471 0.533899202120883
0.4715 0.533110577006968
0.472 0.532321951893052
0.4725 0.531533326779136
0.473 0.531533326779136
0.4735 0.530744701665221
0.474 0.529956076551305
0.4745 0.529167451437389
0.475 0.528378826323474
0.4755 0.528378826323474
0.476 0.527590201209558
0.4765 0.526801576095642
0.477 0.526012950981727
0.4775 0.525224325867811
0.478 0.525224325867811
0.4785 0.524435700753896
0.479 0.52364707563998
0.4795 0.522858450526064
0.48 0.522858450526064
0.4805 0.522069825412149
0.481 0.521281200298233
0.4815 0.520492575184317
0.482 0.520492575184317
0.4825 0.519703950070402
0.483 0.518915324956486
0.4835 0.518126699842571
0.484 0.517338074728655
0.4845 0.517338074728655
0.485 0.516549449614739
0.4855 0.515760824500824
0.486 0.514972199386908
0.4865 0.514972199386908
0.487 0.514183574272992
0.4875 0.513394949159077
0.488 0.512606324045161
0.4885 0.512606324045161
0.489 0.511817698931246
0.4895 0.51102907381733
0.49 0.510240448703414
0.4905 0.509451823589499
0.491 0.509451823589499
0.4915 0.508663198475583
0.492 0.507874573361667
0.4925 0.507085948247752
0.493 0.507085948247752
0.4935 0.506297323133836
0.494 0.50550869801992
0.4945 0.504720072906005
0.495 0.504720072906005
0.4955 0.503931447792089
0.496 0.503142822678174
0.4965 0.502354197564258
0.497 0.502354197564258
0.4975 0.501565572450342
0.498 0.500776947336427
0.4985 0.499988322222511
0.499 0.499199697108595
0.4995 0.499199697108595
0.5 0.49841107199468
0.5005 0.497622446880764
0.501 0.496833821766848
0.5015 0.496833821766848
0.502 0.496045196652933
0.5025 0.495256571539017
0.503 0.494467946425102
0.5035 0.494467946425102
0.504 0.493679321311186
0.5045 0.49289069619727
0.505 0.492102071083355
0.5055 0.492102071083355
0.506 0.491313445969439
0.5065 0.490524820855523
0.507 0.489736195741608
0.5075 0.489736195741608
0.508 0.488947570627692
0.5085 0.488158945513777
0.509 0.487370320399861
0.5095 0.487370320399861
0.51 0.486581695285945
0.5105 0.48579307017203
0.511 0.485004445058114
0.5115 0.485004445058114
0.512 0.484215819944198
0.5125 0.483427194830283
0.513 0.482638569716367
0.5135 0.482638569716367
0.514 0.481849944602451
0.5145 0.481061319488536
0.515 0.48027269437462
0.5155 0.48027269437462
0.516 0.479484069260705
0.5165 0.478695444146789
0.517 0.477906819032873
0.5175 0.477906819032873
0.518 0.477118193918958
0.5185 0.476329568805042
0.519 0.476329568805042
0.5195 0.475540943691126
0.52 0.474752318577211
0.5205 0.473963693463295
0.521 0.473963693463295
0.5215 0.47317506834938
0.522 0.472386443235464
0.5225 0.471597818121548
0.523 0.471597818121548
0.5235 0.470809193007633
0.524 0.470020567893717
0.5245 0.469231942779801
0.525 0.469231942779801
0.5255 0.468443317665886
0.526 0.46765469255197
0.5265 0.466866067438054
0.527 0.466866067438054
0.5275 0.466077442324139
0.528 0.465288817210223
0.5285 0.465288817210223
0.529 0.464500192096308
0.5295 0.463711566982392
0.53 0.462922941868476
0.5305 0.462922941868476
0.531 0.462134316754561
0.5315 0.461345691640645
0.532 0.460557066526729
0.5325 0.460557066526729
0.533 0.459768441412814
0.5335 0.458979816298898
0.534 0.458191191184982
0.5345 0.458191191184982
0.535 0.457402566071067
0.5355 0.456613940957151
0.536 0.456613940957151
0.5365 0.455825315843236
0.537 0.45503669072932
0.5375 0.454248065615404
0.538 0.454248065615404
0.5385 0.453459440501489
0.539 0.452670815387573
0.5395 0.451882190273657
0.54 0.451882190273657
0.5405 0.451093565159742
0.541 0.450304940045826
0.5415 0.450304940045826
0.542 0.449516314931911
0.5425 0.448727689817995
0.543 0.447939064704079
0.5435 0.447939064704079
0.544 0.447150439590164
0.5445 0.446361814476248
0.545 0.446361814476248
0.5455 0.445573189362332
0.546 0.444784564248417
0.5465 0.443995939134501
0.547 0.443995939134501
0.5475 0.443207314020585
0.548 0.44241868890667
0.5485 0.441630063792754
0.549 0.441630063792754
0.5495 0.440841438678839
0.55 0.440052813564923
0.5505 0.440052813564923
0.551 0.439264188451007
0.5515 0.438475563337092
0.552 0.437686938223176
0.5525 0.437686938223176
0.553 0.43689831310926
0.5535 0.436109687995345
0.554 0.436109687995345
0.5545 0.435321062881429
0.555 0.434532437767513
0.5555 0.433743812653598
0.556 0.433743812653598
0.5565 0.432955187539682
0.557 0.432166562425767
0.5575 0.432166562425767
0.558 0.431377937311851
0.5585 0.430589312197935
0.559 0.42980068708402
0.5595 0.42980068708402
0.56 0.429012061970104
0.5605 0.428223436856188
0.561 0.428223436856188
0.5615 0.427434811742273
0.562 0.426646186628357
0.5625 0.425857561514442
0.563 0.425857561514442
0.5635 0.425068936400526
0.564 0.42428031128661
0.5645 0.42428031128661
0.565 0.423491686172695
0.5655 0.422703061058779
0.566 0.422703061058779
0.5665 0.421914435944863
0.567 0.421125810830948
0.5675 0.420337185717032
0.568 0.420337185717032
0.5685 0.419548560603117
0.569 0.418759935489201
0.5695 0.418759935489201
0.57 0.417971310375285
0.5705 0.41718268526137
0.571 0.416394060147454
0.5715 0.416394060147454
0.572 0.415605435033538
0.5725 0.414816809919623
0.573 0.414816809919623
0.5735 0.414028184805707
0.574 0.413239559691791
0.5745 0.413239559691791
0.575 0.412450934577876
0.5755 0.41166230946396
0.576 0.410873684350045
0.5765 0.410873684350045
0.577 0.410085059236129
0.5775 0.409296434122213
0.578 0.409296434122213
0.5785 0.408507809008298
0.579 0.407719183894382
0.5795 0.407719183894382
0.58 0.406930558780466
0.5805 0.406141933666551
0.581 0.405353308552635
0.5815 0.405353308552635
0.582 0.404564683438719
0.5825 0.403776058324804
0.583 0.403776058324804
0.5835 0.402987433210888
0.584 0.402198808096973
0.5845 0.402198808096973
0.585 0.401410182983057
0.5855 0.400621557869141
0.586 0.400621557869141
0.5865 0.399832932755226
0.587 0.39904430764131
0.5875 0.398255682527394
0.588 0.398255682527394
0.5885 0.397467057413479
0.589 0.396678432299563
0.5895 0.396678432299563
0.59 0.395889807185648
0.5905 0.395101182071732
0.591 0.395101182071732
0.5915 0.394312556957816
0.592 0.393523931843901
0.5925 0.393523931843901
0.593 0.392735306729985
0.5935 0.391946681616069
0.594 0.391158056502154
0.5945 0.391158056502154
0.595 0.390369431388238
0.5955 0.389580806274322
0.596 0.389580806274322
0.5965 0.388792181160407
0.597 0.388003556046491
0.5975 0.388003556046491
0.598 0.387214930932576
0.5985 0.38642630581866
0.599 0.38642630581866
0.5995 0.385637680704744
0.6 0.384849055590829
0.6005 0.384849055590829
0.601 0.384060430476913
0.6015 0.383271805362997
0.602 0.382483180249082
0.6025 0.382483180249082
0.603 0.381694555135166
0.6035 0.380905930021251
0.604 0.380905930021251
0.6045 0.380117304907335
0.605 0.379328679793419
0.6055 0.379328679793419
0.606 0.378540054679504
0.6065 0.377751429565588
0.607 0.377751429565588
0.6075 0.376962804451672
0.608 0.376174179337757
0.6085 0.376174179337757
0.609 0.375385554223841
0.6095 0.374596929109925
0.61 0.374596929109925
0.6105 0.37380830399601
0.611 0.373019678882094
0.6115 0.373019678882094
0.612 0.372231053768179
0.6125 0.371442428654263
0.613 0.370653803540347
0.6135 0.370653803540347
0.614 0.369865178426432
0.6145 0.369076553312516
0.615 0.369076553312516
0.6155 0.3682879281986
0.616 0.367499303084685
0.6165 0.367499303084685
0.617 0.366710677970769
0.6175 0.365922052856853
0.618 0.365922052856853
0.6185 0.365133427742938
0.619 0.364344802629022
0.6195 0.364344802629022
0.62 0.363556177515107
0.6205 0.362767552401191
0.621 0.362767552401191
0.6215 0.361978927287275
0.622 0.36119030217336
0.6225 0.36119030217336
0.623 0.360401677059444
0.6235 0.359613051945528
0.624 0.359613051945528
0.6245 0.358824426831613
0.625 0.358035801717697
0.6255 0.358035801717697
0.626 0.357247176603782
0.6265 0.356458551489866
0.627 0.356458551489866
0.6275 0.35566992637595
0.628 0.354881301262035
0.6285 0.354881301262035
0.629 0.354092676148119
0.6295 0.353304051034203
0.63 0.353304051034203
0.6305 0.352515425920288
0.631 0.351726800806372
0.6315 0.351726800806372
0.632 0.350938175692456
0.6325 0.350149550578541
0.633 0.350149550578541
0.6335 0.349360925464625
0.634 0.34857230035071
0.6345 0.34857230035071
0.635 0.347783675236794
0.6355 0.346995050122878
0.636 0.346995050122878
0.6365 0.346206425008963
0.637 0.345417799895047
0.6375 0.345417799895047
0.638 0.344629174781131
0.6385 0.343840549667216
0.639 0.343840549667216
0.6395 0.3430519245533
0.64 0.342263299439384
0.6405 0.342263299439384
0.641 0.341474674325469
0.6415 0.340686049211553
0.642 0.340686049211553
0.6425 0.339897424097638
0.643 0.339108798983722
0.6435 0.339108798983722
0.644 0.338320173869806
0.6445 0.337531548755891
0.645 0.337531548755891
0.6455 0.336742923641975
0.646 0.335954298528059
0.6465 0.335954298528059
0.647 0.335165673414144
0.6475 0.334377048300228
0.648 0.334377048300228
0.6485 0.333588423186313
0.649 0.332799798072397
0.6495 0.332799798072397
0.65 0.332011172958481
0.6505 0.331222547844566
0.651 0.331222547844566
0.6515 0.33043392273065
0.652 0.329645297616734
0.6525 0.329645297616734
0.653 0.328856672502819
0.6535 0.328068047388903
0.654 0.328068047388903
0.6545 0.327279422274987
0.655 0.326490797161072
0.6555 0.326490797161072
0.656 0.325702172047156
0.6565 0.324913546933241
0.657 0.324913546933241
0.6575 0.324124921819325
0.658 0.324124921819325
0.6585 0.323336296705409
0.659 0.322547671591494
0.6595 0.322547671591494
0.66 0.321759046477578
0.6605 0.320970421363662
0.661 0.320970421363662
0.6615 0.320181796249747
0.662 0.319393171135831
0.6625 0.319393171135831
0.663 0.318604546021916
0.6635 0.317815920908
0.664 0.317815920908
0.6645 0.317027295794084
0.665 0.316238670680169
0.6655 0.316238670680169
0.666 0.315450045566253
0.6665 0.314661420452337
0.667 0.314661420452337
0.6675 0.313872795338422
0.668 0.313084170224506
0.6685 0.313084170224506
0.669 0.31229554511059
0.6695 0.311506919996675
0.67 0.311506919996675
0.6705 0.310718294882759
0.671 0.310718294882759
0.6715 0.309929669768844
0.672 0.309141044654928
0.6725 0.309141044654928
0.673 0.308352419541012
0.6735 0.307563794427097
0.674 0.307563794427097
0.6745 0.306775169313181
0.675 0.305986544199265
0.6755 0.305986544199265
0.676 0.30519791908535
0.6765 0.304409293971434
0.677 0.304409293971434
0.6775 0.303620668857519
0.678 0.302832043743603
0.6785 0.302832043743603
0.679 0.302043418629687
0.6795 0.302043418629687
0.68 0.301254793515772
0.6805 0.300466168401856
0.681 0.300466168401856
0.6815 0.29967754328794
0.682 0.298888918174025
0.6825 0.298888918174025
0.683 0.298100293060109
0.6835 0.297311667946193
0.684 0.297311667946193
0.6845 0.296523042832278
0.685 0.295734417718362
0.6855 0.295734417718362
0.686 0.294945792604447
0.6865 0.294945792604447
0.687 0.294157167490531
0.6875 0.293368542376615
0.688 0.293368542376615
0.6885 0.2925799172627
0.689 0.291791292148784
0.6895 0.291791292148784
0.69 0.291002667034868
0.6905 0.290214041920953
0.691 0.290214041920953
0.6915 0.289425416807037
0.692 0.288636791693122
0.6925 0.288636791693122
0.693 0.287848166579206
0.6935 0.287848166579206
0.694 0.28705954146529
0.6945 0.286270916351375
0.695 0.286270916351375
0.6955 0.285482291237459
0.696 0.284693666123543
0.6965 0.284693666123543
0.697 0.283905041009628
0.6975 0.283116415895712
0.698 0.283116415895712
0.6985 0.282327790781796
0.699 0.282327790781796
0.6995 0.281539165667881
0.7 0.280750540553965
0.7005 0.280750540553965
0.701 0.27996191544005
0.7015 0.279173290326134
0.702 0.279173290326134
0.7025 0.278384665212218
0.703 0.277596040098303
0.7035 0.277596040098303
0.704 0.276807414984387
0.7045 0.276807414984387
0.705 0.276018789870471
0.7055 0.275230164756556
0.706 0.275230164756556
0.7065 0.27444153964264
0.707 0.273652914528724
0.7075 0.273652914528724
0.708 0.272864289414809
0.7085 0.272075664300893
0.709 0.272075664300893
0.7095 0.271287039186978
0.71 0.271287039186978
0.7105 0.270498414073062
0.711 0.269709788959146
0.7115 0.269709788959146
0.712 0.268921163845231
0.7125 0.268132538731315
0.713 0.268132538731315
0.7135 0.267343913617399
0.714 0.266555288503484
0.7145 0.266555288503484
0.715 0.265766663389568
0.7155 0.265766663389568
0.716 0.264978038275653
0.7165 0.264189413161737
0.717 0.264189413161737
0.7175 0.263400788047821
0.718 0.262612162933906
0.7185 0.262612162933906
0.719 0.26182353781999
0.7195 0.26182353781999
0.72 0.261034912706074
0.7205 0.260246287592159
0.721 0.260246287592159
0.7215 0.259457662478243
0.722 0.258669037364327
0.7225 0.258669037364327
0.723 0.257880412250412
0.7235 0.257091787136496
0.724 0.257091787136496
0.7245 0.256303162022581
0.725 0.256303162022581
0.7255 0.255514536908665
0.726 0.254725911794749
0.7265 0.254725911794749
0.727 0.253937286680834
0.7275 0.253148661566918
0.728 0.253148661566918
0.7285 0.252360036453002
0.729 0.252360036453002
0.7295 0.251571411339087
0.73 0.250782786225171
0.7305 0.250782786225171
0.731 0.249994161111255
0.7315 0.24920553599734
0.732 0.24920553599734
0.7325 0.248416910883424
0.733 0.248416910883424
0.7335 0.247628285769509
0.734 0.246839660655593
0.7345 0.246839660655593
0.735 0.246051035541677
0.7355 0.245262410427762
0.736 0.245262410427762
0.7365 0.244473785313846
0.737 0.244473785313846
0.7375 0.24368516019993
0.738 0.242896535086015
0.7385 0.242896535086015
0.739 0.242107909972099
0.7395 0.241319284858184
0.74 0.241319284858184
0.7405 0.240530659744268
0.741 0.240530659744268
0.7415 0.239742034630352
0.742 0.238953409516437
0.7425 0.238953409516437
0.743 0.238164784402521
0.7435 0.238164784402521
0.744 0.237376159288605
0.7445 0.23658753417469
0.745 0.23658753417469
0.7455 0.235798909060774
0.746 0.235010283946858
0.7465 0.235010283946858
0.747 0.234221658832943
0.7475 0.234221658832943
0.748 0.233433033719027
0.7485 0.232644408605112
0.749 0.232644408605112
0.7495 0.231855783491196
0.75 0.23106715837728
0.7505 0.23106715837728
0.751 0.230278533263365
0.7515 0.230278533263365
0.752 0.229489908149449
0.7525 0.228701283035533
0.753 0.228701283035533
0.7535 0.227912657921618
0.754 0.227912657921618
0.7545 0.227124032807702
0.755 0.226335407693787
0.7555 0.226335407693787
0.756 0.225546782579871
0.7565 0.224758157465955
0.757 0.224758157465955
0.7575 0.22396953235204
0.758 0.22396953235204
0.7585 0.223180907238124
0.759 0.222392282124208
0.7595 0.222392282124208
0.76 0.221603657010293
0.7605 0.220815031896377
0.761 0.220815031896377
0.7615 0.220026406782461
0.762 0.220026406782461
0.7625 0.219237781668546
0.763 0.21844915655463
0.7635 0.21844915655463
0.764 0.217660531440715
0.7645 0.217660531440715
0.765 0.216871906326799
0.7655 0.216083281212883
0.766 0.216083281212883
0.7665 0.215294656098968
0.767 0.215294656098968
0.7675 0.214506030985052
0.768 0.213717405871136
0.7685 0.213717405871136
0.769 0.212928780757221
0.7695 0.212140155643305
0.77 0.212140155643305
0.7705 0.21135153052939
0.771 0.21135153052939
0.7715 0.210562905415474
0.772 0.209774280301558
0.7725 0.209774280301558
0.773 0.208985655187643
0.7735 0.208985655187643
0.774 0.208197030073727
0.7745 0.207408404959811
0.775 0.207408404959811
0.7755 0.206619779845896
0.776 0.20583115473198
0.7765 0.20583115473198
0.777 0.205042529618064
0.7775 0.205042529618064
0.778 0.204253904504149
0.7785 0.203465279390233
0.779 0.203465279390233
0.7795 0.202676654276318
0.78 0.202676654276318
0.7805 0.201888029162402
0.781 0.201099404048486
0.7815 0.201099404048486
0.782 0.200310778934571
0.7825 0.200310778934571
0.783 0.199522153820655
0.7835 0.198733528706739
0.784 0.198733528706739
0.7845 0.197944903592824
0.785 0.197944903592824
0.7855 0.197156278478908
0.786 0.196367653364992
0.7865 0.196367653364992
0.787 0.195579028251077
0.7875 0.194790403137161
0.788 0.194790403137161
0.7885 0.194001778023246
0.789 0.194001778023246
0.7895 0.19321315290933
0.79 0.192424527795414
0.7905 0.192424527795414
0.791 0.191635902681499
0.7915 0.191635902681499
0.792 0.190847277567583
0.7925 0.190058652453667
0.793 0.190058652453667
0.7935 0.189270027339752
0.794 0.189270027339752
0.7945 0.188481402225836
0.795 0.187692777111921
0.7955 0.187692777111921
0.796 0.186904151998005
0.7965 0.186904151998005
0.797 0.186115526884089
0.7975 0.185326901770174
0.798 0.185326901770174
0.7985 0.184538276656258
0.799 0.184538276656258
0.7995 0.183749651542342
0.8 0.182961026428427
0.8005 0.182961026428427
0.801 0.182172401314511
0.8015 0.182172401314511
0.802 0.181383776200595
0.8025 0.18059515108668
0.803 0.18059515108668
0.8035 0.179806525972764
0.804 0.179806525972764
0.8045 0.179017900858849
0.805 0.178229275744933
0.8055 0.178229275744933
0.806 0.177440650631017
0.8065 0.177440650631017
0.807 0.176652025517102
0.8075 0.175863400403186
0.808 0.175863400403186
0.8085 0.17507477528927
0.809 0.17507477528927
0.8095 0.174286150175355
0.81 0.173497525061439
0.8105 0.173497525061439
0.811 0.172708899947524
0.8115 0.172708899947524
0.812 0.171920274833608
0.8125 0.171131649719692
0.813 0.171131649719692
0.8135 0.170343024605777
0.814 0.170343024605777
0.8145 0.169554399491861
0.815 0.168765774377945
0.8155 0.168765774377945
0.816 0.16797714926403
0.8165 0.16797714926403
0.817 0.167188524150114
0.8175 0.166399899036198
0.818 0.166399899036198
0.8185 0.165611273922283
0.819 0.165611273922283
0.8195 0.164822648808367
0.82 0.164034023694452
0.8205 0.164034023694452
0.821 0.163245398580536
0.8215 0.163245398580536
0.822 0.16245677346662
0.8225 0.161668148352705
0.823 0.161668148352705
0.8235 0.160879523238789
0.824 0.160879523238789
0.8245 0.160090898124873
0.825 0.159302273010958
0.8255 0.159302273010958
0.826 0.158513647897042
0.8265 0.158513647897042
0.827 0.157725022783127
0.8275 0.156936397669211
0.828 0.156936397669211
0.8285 0.156147772555295
0.829 0.156147772555295
0.8295 0.15535914744138
0.83 0.154570522327464
0.8305 0.154570522327464
0.831 0.153781897213548
0.8315 0.153781897213548
0.832 0.152993272099633
0.8325 0.152204646985717
0.833 0.152204646985717
0.8335 0.151416021871801
0.834 0.151416021871801
0.8345 0.150627396757886
0.835 0.14983877164397
0.8355 0.14983877164397
0.836 0.149050146530055
0.8365 0.149050146530055
0.837 0.148261521416139
0.8375 0.147472896302223
0.838 0.147472896302223
0.8385 0.146684271188308
0.839 0.146684271188308
0.8395 0.145895646074392
0.84 0.145107020960476
0.8405 0.145107020960476
0.841 0.144318395846561
0.8415 0.144318395846561
0.842 0.143529770732645
0.8425 0.143529770732645
0.843 0.142741145618729
0.8435 0.141952520504814
0.844 0.141952520504814
0.8445 0.141163895390898
0.845 0.141163895390898
0.8455 0.140375270276983
0.846 0.139586645163067
0.8465 0.139586645163067
0.847 0.138798020049151
0.8475 0.138798020049151
0.848 0.138009394935236
0.8485 0.13722076982132
0.849 0.13722076982132
0.8495 0.136432144707404
0.85 0.136432144707404
0.8505 0.135643519593489
0.851 0.134854894479573
0.8515 0.134854894479573
0.852 0.134066269365658
0.8525 0.134066269365658
0.853 0.133277644251742
0.8535 0.133277644251742
0.854 0.132489019137826
0.8545 0.131700394023911
0.855 0.131700394023911
0.8555 0.130911768909995
0.856 0.130911768909995
0.8565 0.130123143796079
0.857 0.129334518682164
0.8575 0.129334518682164
0.858 0.128545893568248
0.8585 0.128545893568248
0.859 0.127757268454332
0.8595 0.126968643340417
0.86 0.126968643340417
0.8605 0.126180018226501
0.861 0.126180018226501
0.8615 0.125391393112586
0.862 0.125391393112586
0.8625 0.12460276799867
0.863 0.123814142884754
0.8635 0.123814142884754
0.864 0.123025517770839
0.8645 0.123025517770839
0.865 0.122236892656923
0.8655 0.121448267543007
0.866 0.121448267543007
0.8665 0.120659642429092
0.867 0.120659642429092
0.8675 0.119871017315176
0.868 0.119082392201261
0.8685 0.119082392201261
0.869 0.118293767087345
0.8695 0.118293767087345
0.87 0.117505141973429
0.8705 0.117505141973429
0.871 0.116716516859514
0.8715 0.115927891745598
0.872 0.115927891745598
0.8725 0.115139266631682
0.873 0.115139266631682
0.8735 0.114350641517767
0.874 0.113562016403851
0.8745 0.113562016403851
0.875 0.112773391289935
0.8755 0.112773391289935
0.876 0.11198476617602
0.8765 0.11198476617602
0.877 0.111196141062104
0.8775 0.110407515948189
0.878 0.110407515948189
0.8785 0.109618890834273
0.879 0.109618890834273
0.8795 0.108830265720357
0.88 0.108041640606442
0.8805 0.108041640606442
0.881 0.107253015492526
0.8815 0.107253015492526
0.882 0.10646439037861
0.8825 0.10646439037861
0.883 0.105675765264695
0.8835 0.104887140150779
0.884 0.104887140150779
0.8845 0.104098515036863
0.885 0.104098515036863
0.8855 0.103309889922948
0.886 0.102521264809032
0.8865 0.102521264809032
0.887 0.101732639695117
0.8875 0.101732639695117
0.888 0.100944014581201
0.8885 0.100944014581201
0.889 0.100155389467285
0.8895 0.0993667643533697
0.89 0.0993667643533697
0.8905 0.0985781392394541
0.891 0.0985781392394541
0.8915 0.0977895141255384
0.892 0.0970008890116228
0.8925 0.0970008890116228
0.893 0.0962122638977072
0.8935 0.0962122638977072
0.894 0.0954236387837915
0.8945 0.0954236387837915
0.895 0.0946350136698759
0.8955 0.0938463885559603
0.896 0.0938463885559603
0.8965 0.0930577634420446
0.897 0.0930577634420446
0.8975 0.092269138328129
0.898 0.0914805132142134
0.8985 0.0914805132142134
0.899 0.0906918881002977
0.8995 0.0906918881002977
0.9 0.0899032629863821
0.9005 0.0899032629863821
0.901 0.0891146378724665
0.9015 0.0883260127585508
0.902 0.0883260127585508
0.9025 0.0875373876446352
0.903 0.0875373876446352
0.9035 0.0867487625307196
0.904 0.0867487625307196
0.9045 0.0859601374168039
0.905 0.0851715123028883
0.9055 0.0851715123028883
0.906 0.0843828871889727
0.9065 0.0843828871889727
0.907 0.083594262075057
0.9075 0.0828056369611414
0.908 0.0828056369611414
0.9085 0.0820170118472258
0.909 0.0820170118472258
0.9095 0.0812283867333101
0.91 0.0812283867333101
0.9105 0.0804397616193945
0.911 0.0796511365054789
0.9115 0.0796511365054789
0.912 0.0788625113915633
0.9125 0.0788625113915633
0.913 0.0780738862776476
0.9135 0.0780738862776476
0.914 0.077285261163732
0.9145 0.0764966360498164
0.915 0.0764966360498164
0.9155 0.0757080109359007
0.916 0.0757080109359007
0.9165 0.0749193858219851
0.917 0.0749193858219851
0.9175 0.0741307607080695
0.918 0.0733421355941538
0.9185 0.0733421355941538
0.919 0.0725535104802382
0.9195 0.0725535104802382
0.92 0.0717648853663226
0.9205 0.0709762602524069
0.921 0.0709762602524069
0.9215 0.0701876351384913
0.922 0.0701876351384913
0.9225 0.0693990100245757
0.923 0.0693990100245757
0.9235 0.06861038491066
0.924 0.0678217597967444
0.9245 0.0678217597967444
0.925 0.0670331346828288
0.9255 0.0670331346828288
0.926 0.0662445095689131
0.9265 0.0662445095689131
0.927 0.0654558844549975
0.9275 0.0646672593410819
0.928 0.0646672593410819
0.9285 0.0638786342271662
0.929 0.0638786342271662
0.9295 0.0630900091132506
0.93 0.0630900091132506
0.9305 0.062301383999335
0.931 0.0615127588854193
0.9315 0.0615127588854193
0.932 0.0607241337715037
0.9325 0.0607241337715037
0.933 0.0599355086575881
0.9335 0.0599355086575881
0.934 0.0591468835436724
0.9345 0.0583582584297568
0.935 0.0583582584297568
0.9355 0.0575696333158412
0.936 0.0575696333158412
0.9365 0.0567810082019255
0.937 0.0567810082019255
0.9375 0.0559923830880099
0.938 0.0552037579740943
0.9385 0.0552037579740943
0.939 0.0544151328601786
0.9395 0.0544151328601786
0.94 0.053626507746263
0.9405 0.053626507746263
0.941 0.0528378826323474
0.9415 0.0520492575184317
0.942 0.0520492575184317
0.9425 0.0512606324045161
0.943 0.0512606324045161
0.9435 0.0504720072906005
0.944 0.0504720072906005
0.9445 0.0496833821766848
0.945 0.0488947570627692
0.9455 0.0488947570627692
0.946 0.0481061319488536
0.9465 0.0481061319488536
0.947 0.0473175068349379
0.9475 0.0473175068349379
0.948 0.0465288817210223
0.9485 0.0457402566071067
0.949 0.0457402566071067
0.9495 0.0449516314931911
0.95 0.0449516314931911
0.9505 0.0441630063792754
0.951 0.0441630063792754
0.9515 0.0433743812653598
0.952 0.0425857561514442
0.9525 0.0425857561514442
0.953 0.0417971310375285
0.9535 0.0417971310375285
0.954 0.0410085059236129
0.9545 0.0410085059236129
0.955 0.0402198808096973
0.9555 0.0394312556957816
0.956 0.0394312556957816
0.9565 0.038642630581866
0.957 0.038642630581866
0.9575 0.0378540054679504
0.958 0.0378540054679504
0.9585 0.0370653803540347
0.959 0.0362767552401191
0.9595 0.0362767552401191
0.96 0.0354881301262035
0.9605 0.0354881301262035
0.961 0.0346995050122878
0.9615 0.0346995050122878
0.962 0.0339108798983722
0.9625 0.0331222547844566
0.963 0.0331222547844566
0.9635 0.0323336296705409
0.964 0.0323336296705409
0.9645 0.0315450045566253
0.965 0.0315450045566253
0.9655 0.0307563794427097
0.966 0.029967754328794
0.9665 0.029967754328794
0.967 0.0291791292148784
0.9675 0.0291791292148784
0.968 0.0283905041009628
0.9685 0.0283905041009628
0.969 0.0276018789870471
0.9695 0.0268132538731315
0.97 0.0268132538731315
0.9705 0.0260246287592159
0.971 0.0260246287592159
0.9715 0.0252360036453002
0.972 0.0252360036453002
0.9725 0.0244473785313846
0.973 0.023658753417469
0.9735 0.023658753417469
0.974 0.0228701283035533
0.9745 0.0228701283035533
0.975 0.0220815031896377
0.9755 0.0220815031896377
0.976 0.0212928780757221
0.9765 0.0212928780757221
0.977 0.0205042529618064
0.9775 0.0197156278478908
0.978 0.0197156278478908
0.9785 0.0189270027339752
0.979 0.0189270027339752
0.9795 0.0181383776200595
0.98 0.0181383776200595
0.9805 0.0173497525061439
0.981 0.0165611273922283
0.9815 0.0165611273922283
0.982 0.0157725022783127
0.9825 0.0157725022783127
0.983 0.014983877164397
0.9835 0.014983877164397
0.984 0.0141952520504814
0.9845 0.0134066269365658
0.985 0.0134066269365658
0.9855 0.0126180018226501
0.986 0.0126180018226501
0.9865 0.0118293767087345
0.987 0.0118293767087345
0.9875 0.0110407515948189
0.988 0.0110407515948189
0.9885 0.0102521264809032
0.989 0.00946350136698759
0.9895 0.00946350136698759
0.99 0.00867487625307196
0.9905 0.00867487625307196
0.991 0.00788625113915633
0.9915 0.00788625113915633
0.992 0.00709762602524069
0.9925 0.00630900091132506
0.993 0.00630900091132506
0.9935 0.00552037579740943
0.994 0.00552037579740943
0.9945 0.0047317506834938
0.995 0.0047317506834938
0.9955 0.00394312556957816
0.996 0.00394312556957816
0.9965 0.00315450045566253
0.997 0.0023658753417469
0.9975 0.0023658753417469
0.998 0.00157725022783127
0.9985 0.00157725022783127
0.999 0.000788625113915633
0.9995 0.000788625113915633
1 0
