"EPS" "T"
5e-04 3.02660223752545
0.001 2.90781879021283
0.0015 2.80423962415623
0.002 2.72916848545466
0.0025 2.6693016280091
0.003 2.61988771392705
0.0035 2.57807594047301
0.004 2.54006523733297
0.0045 2.50775613966394
0.005 2.47734757715191
0.0055 2.44978981737539
0.006 2.42508286033436
0.0065 2.40227643845034
0.007 2.38042028414482
0.0075 2.3595143974178
0.008 2.34050904584778
0.0085 2.32245396185626
0.009 2.30534914544324
0.0095 2.28919459660873
0.01 2.27399031535271
0.0105 2.2597363016752
0.011 2.24548228799769
0.0115 2.23122827432017
0.012 2.21887479579966
0.0125 2.20652131727915
0.013 2.19416783875864
0.0135 2.18181436023812
0.014 2.17136141687461
0.0145 2.1599582059326
0.015 2.14950526256909
0.0155 2.13905231920558
0.016 2.12954964342057
0.0165 2.11909670005706
0.017 2.10959402427205
0.0175 2.10104161606555
0.018 2.09153894028054
0.0185 2.08298653207403
0.019 2.07443412386752
0.0195 2.06588171566101
0.02 2.058279575033
0.0205 2.050677434405
0.021 2.04212502619849
0.0215 2.03452288557048
0.022 2.02692074494247
0.0225 2.02026887189297
0.023 2.01266673126496
0.0235 2.00601485821545
0.024 1.99936298516595
0.0245 1.99176084453794
0.025 1.98510897148843
0.0255 1.97940736601743
0.026 1.97275549296792
0.0265 1.96610361991841
0.027 1.96040201444741
0.0275 1.9537501413979
0.028 1.9480485359269
0.0285 1.94234693045589
0.029 1.93664532498489
0.0295 1.93094371951388
0.03 1.92524211404287
0.0305 1.91954050857187
0.031 1.91383890310086
0.0315 1.90813729762986
0.032 1.90338595973735
0.0325 1.89768435426635
0.033 1.89293301637384
0.0335 1.88723141090284
0.034 1.88248007301033
0.0345 1.87772873511783
0.035 1.87297739722532
0.0355 1.86822605933282
0.036 1.86347472144031
0.0365 1.85872338354781
0.037 1.85397204565531
0.0375 1.8492207077628
0.038 1.8444693698703
0.0385 1.83971803197779
0.039 1.83591696166379
0.0395 1.83116562377128
0.04 1.82641428587878
0.0405 1.82261321556477
0.041 1.81786187767227
0.0415 1.81406080735827
0.042 1.80930946946576
0.0425 1.80550839915176
0.043 1.80170732883775
0.0435 1.79790625852375
0.044 1.79315492063125
0.0445 1.78935385031724
0.045 1.78555278000324
0.0455 1.78175170968923
0.046 1.77795063937523
0.0465 1.77414956906123
0.047 1.77034849874722
0.0475 1.76654742843322
0.048 1.76274635811922
0.0485 1.75894528780521
0.049 1.75514421749121
0.0495 1.75134314717721
0.05 1.7484923444417
0.0505 1.7446912741277
0.051 1.74089020381369
0.0515 1.73708913349969
0.052 1.73423833076419
0.0525 1.73043726045018
0.053 1.72758645771468
0.0535 1.72378538740068
0.054 1.71998431708667
0.0545 1.71713351435117
0.055 1.71333244403717
0.0555 1.71048164130167
0.056 1.70763083856616
0.0565 1.70382976825216
0.057 1.70097896551666
0.0575 1.69717789520265
0.058 1.69432709246715
0.0585 1.69147628973165
0.059 1.68862548699614
0.0595 1.68482441668214
0.06 1.68197361394664
0.0605 1.67912281121113
0.061 1.67627200847563
0.0615 1.67342120574013
0.062 1.66962013542613
0.0625 1.66676933269062
0.063 1.66391852995512
0.0635 1.66106772721962
0.064 1.65821692448411
0.0645 1.65536612174861
0.065 1.65251531901311
0.0655 1.64966451627761
0.066 1.6468137135421
0.0665 1.6439629108066
0.067 1.6411121080711
0.0675 1.63826130533559
0.068 1.63541050260009
0.0685 1.63255969986459
0.069 1.62970889712909
0.0695 1.62780836197208
0.07 1.62495755923658
0.0705 1.62210675650108
0.071 1.61925595376558
0.0715 1.61640515103007
0.072 1.61450461587307
0.0725 1.61165381313757
0.073 1.60880301040207
0.0735 1.60595220766656
0.074 1.60405167250956
0.0745 1.60120086977406
0.075 1.59835006703856
0.0755 1.59644953188155
0.076 1.59359872914605
0.0765 1.59074792641055
0.077 1.58884739125355
0.0775 1.58599658851804
0.078 1.58409605336104
0.0785 1.58124525062554
0.079 1.57839444789004
0.0795 1.57649391273303
0.08 1.57364310999753
0.0805 1.57174257484053
0.081 1.56889177210503
0.0815 1.56699123694803
0.082 1.56414043421252
0.0825 1.56223989905552
0.083 1.55938909632002
0.0835 1.55748856116302
0.084 1.55558802600601
0.0845 1.55273722327051
0.085 1.55083668811351
0.0855 1.54798588537801
0.086 1.54608535022101
0.0865 1.544184815064
0.087 1.5413340123285
0.0875 1.5394334771715
0.088 1.536582674436
0.0885 1.53468213927899
0.089 1.53278160412199
0.0895 1.53088106896499
0.09 1.52803026622949
0.0905 1.52612973107249
0.091 1.52422919591548
0.0915 1.52137839317998
0.092 1.51947785802298
0.0925 1.51757732286598
0.093 1.51567678770898
0.0935 1.51282598497347
0.094 1.51092544981647
0.0945 1.50902491465947
0.095 1.50712437950247
0.0955 1.50522384434547
0.096 1.50237304160996
0.0965 1.50047250645296
0.097 1.49857197129596
0.0975 1.49667143613896
0.098 1.49477090098196
0.0985 1.49287036582495
0.099 1.49001956308945
0.0995 1.48811902793245
0.1 1.48621849277545
0.1005 1.48431795761845
0.101 1.48241742246144
0.1015 1.48051688730444
0.102 1.47861635214744
0.1025 1.47671581699044
0.103 1.47481528183344
0.1035 1.47291474667643
0.104 1.47101421151943
0.1045 1.46911367636243
0.105 1.46721314120543
0.1055 1.46531260604843
0.106 1.46341207089142
0.1065 1.46151153573442
0.107 1.45961100057742
0.1075 1.45771046542042
0.108 1.45580993026342
0.1085 1.45390939510642
0.109 1.45200885994941
0.1095 1.45010832479241
0.11 1.44820778963541
0.1105 1.44630725447841
0.111 1.44440671932141
0.1115 1.4425061841644
0.112 1.4406056490074
0.1125 1.4387051138504
0.113 1.4368045786934
0.1135 1.4349040435364
0.114 1.4330035083794
0.1145 1.43110297322239
0.115 1.42920243806539
0.1155 1.42825217048689
0.116 1.42635163532989
0.1165 1.42445110017289
0.117 1.42255056501588
0.1175 1.42065002985888
0.118 1.41874949470188
0.1185 1.41684895954488
0.119 1.41589869196638
0.1195 1.41399815680938
0.12 1.41209762165237
0.1205 1.41019708649537
0.121 1.40829655133837
0.1215 1.40639601618137
0.122 1.40544574860287
0.1225 1.40354521344587
0.123 1.40164467828886
0.1235 1.39974414313186
0.124 1.39879387555336
0.1245 1.39689334039636
0.125 1.39499280523936
0.1255 1.39309227008236
0.126 1.39119173492535
0.1265 1.39024146734685
0.127 1.38834093218985
0.1275 1.38644039703285
0.128 1.38453986187585
0.1285 1.38358959429735
0.129 1.38168905914035
0.1295 1.37978852398334
0.13 1.37883825640484
0.1305 1.37693772124784
0.131 1.37503718609084
0.1315 1.37313665093384
0.132 1.37218638335534
0.1325 1.37028584819833
0.133 1.36838531304133
0.1335 1.36743504546283
0.134 1.36553451030583
0.1345 1.36363397514883
0.135 1.36268370757033
0.1355 1.36078317241332
0.136 1.35888263725632
0.1365 1.35793236967782
0.137 1.35603183452082
0.1375 1.35413129936382
0.138 1.35318103178532
0.1385 1.35128049662832
0.139 1.34937996147131
0.1395 1.34842969389281
0.14 1.34652915873581
0.1405 1.34557889115731
0.141 1.34367835600031
0.1415 1.34177782084331
0.142 1.34082755326481
0.1425 1.3389270181078
0.143 1.3379767505293
0.1435 1.3360762153723
0.144 1.3341756802153
0.1445 1.3332254126368
0.145 1.3313248774798
0.1455 1.3303746099013
0.146 1.32847407474429
0.1465 1.32657353958729
0.147 1.32562327200879
0.1475 1.32372273685179
0.148 1.32277246927329
0.1485 1.32087193411629
0.149 1.31992166653779
0.1495 1.31802113138078
0.15 1.31707086380228
0.1505 1.31517032864528
0.151 1.31422006106678
0.1515 1.31231952590978
0.152 1.31136925833128
0.1525 1.30946872317427
0.153 1.30756818801727
0.1535 1.30661792043877
0.154 1.30471738528177
0.1545 1.30376711770327
0.155 1.30186658254627
0.1555 1.30091631496777
0.156 1.29901577981076
0.1565 1.29806551223226
0.157 1.29616497707526
0.1575 1.29521470949676
0.158 1.29331417433976
0.1585 1.29236390676126
0.159 1.29141363918276
0.1595 1.28951310402576
0.16 1.28856283644725
0.1605 1.28666230129025
0.161 1.28571203371175
0.1615 1.28381149855475
0.162 1.28286123097625
0.1625 1.28096069581925
0.163 1.28001042824075
0.1635 1.27810989308374
0.164 1.27715962550524
0.1645 1.27620935792674
0.165 1.27430882276974
0.1655 1.27335855519124
0.166 1.27145802003424
0.1665 1.27050775245574
0.167 1.26860721729874
0.1675 1.26765694972023
0.168 1.26670668214173
0.1685 1.26480614698473
0.169 1.26385587940623
0.1695 1.26195534424923
0.17 1.26100507667073
0.1705 1.25910454151373
0.171 1.25815427393522
0.1715 1.25720400635672
0.172 1.25530347119972
0.1725 1.25435320362122
0.173 1.25340293604272
0.1735 1.25150240088572
0.174 1.25055213330722
0.1745 1.24865159815022
0.175 1.24770133057171
0.1755 1.24675106299321
0.176 1.24485052783621
0.1765 1.24390026025771
0.177 1.24294999267921
0.1775 1.24104945752221
0.178 1.24009918994371
0.1785 1.23819865478671
0.179 1.2372483872082
0.1795 1.2362981196297
0.18 1.2343975844727
0.1805 1.2334473168942
0.181 1.2324970493157
0.1815 1.2305965141587
0.182 1.2296462465802
0.1825 1.2286959790017
0.183 1.22679544384469
0.1835 1.22584517626619
0.184 1.22489490868769
0.1845 1.22299437353069
0.185 1.22204410595219
0.1855 1.22109383837369
0.186 1.21919330321669
0.1865 1.21824303563819
0.187 1.21729276805969
0.1875 1.21539223290268
0.188 1.21444196532418
0.1885 1.21349169774568
0.189 1.21254143016718
0.1895 1.21064089501018
0.19 1.20969062743168
0.1905 1.20874035985318
0.191 1.20683982469617
0.1915 1.20588955711767
0.192 1.20493928953917
0.1925 1.20398902196067
0.193 1.20208848680367
0.1935 1.20113821922517
0.194 1.20018795164667
0.1945 1.19828741648967
0.195 1.19733714891117
0.1955 1.19638688133266
0.196 1.19543661375416
0.1965 1.19353607859716
0.197 1.19258581101866
0.1975 1.19163554344016
0.198 1.19068527586166
0.1985 1.18878474070466
0.199 1.18783447312616
0.1995 1.18688420554766
0.2 1.18498367039065
0.2005 1.18403340281215
0.201 1.18308313523365
0.2015 1.18213286765515
0.202 1.18023233249815
0.2025 1.17928206491965
0.203 1.17833179734115
0.2035 1.17738152976265
0.204 1.17643126218415
0.2045 1.17453072702714
0.205 1.17358045944864
0.2055 1.17263019187014
0.206 1.17167992429164
0.2065 1.16977938913464
0.207 1.16882912155614
0.2075 1.16787885397764
0.208 1.16692858639914
0.2085 1.16597831882064
0.209 1.16407778366363
0.2095 1.16312751608513
0.21 1.16217724850663
0.2105 1.16122698092813
0.211 1.15932644577113
0.2115 1.15837617819263
0.212 1.15742591061413
0.2125 1.15647564303563
0.213 1.15552537545713
0.2135 1.15362484030012
0.214 1.15267457272162
0.2145 1.15172430514312
0.215 1.15077403756462
0.2155 1.14982376998612
0.216 1.14792323482912
0.2165 1.14697296725062
0.217 1.14602269967212
0.2175 1.14507243209361
0.218 1.14412216451511
0.2185 1.14317189693661
0.219 1.14127136177961
0.2195 1.14032109420111
0.22 1.13937082662261
0.2205 1.13842055904411
0.221 1.13747029146561
0.2215 1.13652002388711
0.222 1.1346194887301
0.2225 1.1336692211516
0.223 1.1327189535731
0.2235 1.1317686859946
0.224 1.1308184184161
0.2245 1.1298681508376
0.225 1.1279676156806
0.2255 1.1270173481021
0.226 1.1260670805236
0.2265 1.1251168129451
0.227 1.12416654536659
0.2275 1.12321627778809
0.228 1.12131574263109
0.2285 1.12036547505259
0.229 1.11941520747409
0.2295 1.11846493989559
0.23 1.11751467231709
0.2305 1.11656440473859
0.231 1.11561413716009
0.2315 1.11466386958159
0.232 1.11276333442458
0.2325 1.11181306684608
0.233 1.11086279926758
0.2335 1.10991253168908
0.234 1.10896226411058
0.2345 1.10801199653208
0.235 1.10706172895358
0.2355 1.10516119379658
0.236 1.10421092621808
0.2365 1.10326065863957
0.237 1.10231039106107
0.2375 1.10136012348257
0.238 1.10040985590407
0.2385 1.09945958832557
0.239 1.09850932074707
0.2395 1.09755905316857
0.24 1.09565851801157
0.2405 1.09470825043307
0.241 1.09375798285456
0.2415 1.09280771527606
0.242 1.09185744769756
0.2425 1.09090718011906
0.243 1.08995691254056
0.2435 1.08900664496206
0.244 1.08805637738356
0.2445 1.08710610980506
0.245 1.08520557464806
0.2455 1.08425530706956
0.246 1.08330503949105
0.2465 1.08235477191255
0.247 1.08140450433405
0.2475 1.08045423675555
0.248 1.07950396917705
0.2485 1.07855370159855
0.249 1.07760343402005
0.2495 1.07665316644155
0.25 1.07570289886305
0.2505 1.07475263128455
0.251 1.07285209612754
0.2515 1.07190182854904
0.252 1.07095156097054
0.2525 1.07000129339204
0.253 1.06905102581354
0.2535 1.06810075823504
0.254 1.06715049065654
0.2545 1.06620022307804
0.255 1.06524995549954
0.2555 1.06429968792104
0.256 1.06334942034254
0.2565 1.06239915276403
0.257 1.06144888518553
0.2575 1.06049861760703
0.258 1.05859808245003
0.2585 1.05764781487153
0.259 1.05669754729303
0.2595 1.05574727971453
0.26 1.05479701213603
0.2605 1.05384674455753
0.261 1.05289647697903
0.2615 1.05194620940052
0.262 1.05099594182202
0.2625 1.05004567424352
0.263 1.04909540666502
0.2635 1.04814513908652
0.264 1.04719487150802
0.2645 1.04624460392952
0.265 1.04529433635102
0.2655 1.04434406877252
0.266 1.04339380119402
0.2665 1.04244353361551
0.267 1.04149326603701
0.2675 1.04054299845851
0.268 1.03959273088001
0.2685 1.03864246330151
0.269 1.03674192814451
0.2695 1.03579166056601
0.27 1.03484139298751
0.2705 1.03389112540901
0.271 1.03294085783051
0.2715 1.031990590252
0.272 1.0310403226735
0.2725 1.030090055095
0.273 1.0291397875165
0.2735 1.028189519938
0.274 1.0272392523595
0.2745 1.026288984781
0.275 1.0253387172025
0.2755 1.024388449624
0.276 1.0234381820455
0.2765 1.022487914467
0.277 1.02153764688849
0.2775 1.02058737930999
0.278 1.01963711173149
0.2785 1.01868684415299
0.279 1.01773657657449
0.2795 1.01678630899599
0.28 1.01583604141749
0.2805 1.01488577383899
0.281 1.01393550626049
0.2815 1.01298523868199
0.282 1.01203497110349
0.2825 1.01108470352498
0.283 1.01013443594648
0.2835 1.00918416836798
0.284 1.00823390078948
0.2845 1.00728363321098
0.285 1.00633336563248
0.2855 1.00538309805398
0.286 1.00443283047548
0.2865 1.00348256289698
0.287 1.00253229531848
0.2875 1.00158202773998
0.288 1.00063176016147
0.2885 0.999681492582973
0.289 0.998731225004472
0.2895 0.997780957425972
0.29 0.996830689847471
0.2905 0.99588042226897
0.291 0.994930154690469
0.2915 0.993979887111968
0.292 0.993029619533467
0.2925 0.992079351954966
0.293 0.991129084376465
0.2935 0.990178816797964
0.294 0.989228549219463
0.2945 0.988278281640962
0.295 0.987328014062461
0.2955 0.98637774648396
0.296 0.985427478905459
0.2965 0.984477211326959
0.297 0.983526943748458
0.2975 0.982576676169957
0.298 0.982576676169957
0.2985 0.981626408591456
0.299 0.980676141012955
0.2995 0.979725873434454
0.3 0.978775605855953
0.3005 0.977825338277452
0.301 0.976875070698951
0.3015 0.97592480312045
0.302 0.974974535541949
0.3025 0.974024267963448
0.303 0.973074000384947
0.3035 0.972123732806446
0.304 0.971173465227946
0.3045 0.970223197649445
0.305 0.969272930070944
0.3055 0.968322662492443
0.306 0.967372394913942
0.3065 0.966422127335441
0.307 0.96547185975694
0.3075 0.964521592178439
0.308 0.963571324599938
0.3085 0.962621057021437
0.309 0.961670789442936
0.3095 0.960720521864435
0.31 0.959770254285934
0.3105 0.959770254285934
0.311 0.958819986707434
0.3115 0.957869719128933
0.312 0.956919451550432
0.3125 0.955969183971931
0.313 0.95501891639343
0.3135 0.954068648814929
0.314 0.953118381236428
0.3145 0.952168113657927
0.315 0.951217846079426
0.3155 0.950267578500925
0.316 0.949317310922424
0.3165 0.948367043343923
0.317 0.947416775765422
0.3175 0.946466508186921
0.318 0.945516240608421
0.3185 0.94456597302992
0.319 0.94456597302992
0.3195 0.943615705451419
0.32 0.942665437872918
0.3205 0.941715170294417
0.321 0.940764902715916
0.3215 0.939814635137415
0.322 0.938864367558914
0.3225 0.937914099980413
0.323 0.936963832401912
0.3235 0.936013564823411
0.324 0.93506329724491
0.3245 0.93411302966641
0.325 0.933162762087908
0.3255 0.932212494509408
0.326 0.932212494509408
0.3265 0.931262226930907
0.327 0.930311959352406
0.3275 0.929361691773905
0.328 0.928411424195404
0.3285 0.927461156616903
0.329 0.926510889038402
0.3295 0.925560621459901
0.33 0.9246103538814
0.3305 0.923660086302899
0.331 0.922709818724398
0.3315 0.921759551145897
0.332 0.921759551145897
0.3325 0.920809283567397
0.333 0.919859015988896
0.3335 0.918908748410395
0.334 0.917958480831894
0.3345 0.917008213253393
0.335 0.916057945674892
0.3355 0.915107678096391
0.336 0.91415741051789
0.3365 0.913207142939389
0.337 0.912256875360888
0.3375 0.912256875360888
0.338 0.911306607782387
0.3385 0.910356340203886
0.339 0.909406072625385
0.3395 0.908455805046885
0.34 0.907505537468384
0.3405 0.906555269889883
0.341 0.905605002311382
0.3415 0.904654734732881
0.342 0.90370446715438
0.3425 0.90370446715438
0.343 0.902754199575879
0.3435 0.901803931997378
0.344 0.900853664418877
0.3445 0.899903396840376
0.345 0.898953129261875
0.3455 0.898002861683374
0.346 0.897052594104873
0.3465 0.896102326526372
0.347 0.895152058947872
0.3475 0.895152058947872
0.348 0.894201791369371
0.3485 0.89325152379087
0.349 0.892301256212369
0.3495 0.891350988633868
0.35 0.890400721055367
0.3505 0.889450453476866
0.351 0.888500185898365
0.3515 0.887549918319864
0.352 0.887549918319864
0.3525 0.886599650741363
0.353 0.885649383162862
0.3535 0.884699115584361
0.354 0.88374884800586
0.3545 0.882798580427359
0.355 0.881848312848859
0.3555 0.880898045270358
0.356 0.879947777691857
0.3565 0.879947777691857
0.357 0.878997510113356
0.3575 0.878047242534855
0.358 0.877096974956354
0.3585 0.876146707377853
0.359 0.875196439799352
0.3595 0.874246172220851
0.36 0.87329590464235
0.3605 0.87329590464235
0.361 0.872345637063849
0.3615 0.871395369485348
0.362 0.870445101906847
0.3625 0.869494834328347
0.363 0.868544566749846
0.3635 0.867594299171345
0.364 0.866644031592844
0.3645 0.866644031592844
0.365 0.865693764014343
0.3655 0.864743496435842
0.366 0.863793228857341
0.3665 0.86284296127884
0.367 0.861892693700339
0.3675 0.860942426121838
0.368 0.860942426121838
0.3685 0.859992158543337
0.369 0.859041890964836
0.3695 0.858091623386335
0.37 0.857141355807835
0.3705 0.856191088229334
0.371 0.855240820650833
0.3715 0.855240820650833
0.372 0.854290553072332
0.3725 0.853340285493831
0.373 0.85239001791533
0.3735 0.851439750336829
0.374 0.850489482758328
0.3745 0.849539215179827
0.375 0.848588947601326
0.3755 0.848588947601326
0.376 0.847638680022825
0.3765 0.846688412444324
0.377 0.845738144865823
0.3775 0.844787877287323
0.378 0.843837609708822
0.3785 0.842887342130321
0.379 0.842887342130321
0.3795 0.84193707455182
0.38 0.840986806973319
0.3805 0.840036539394818
0.381 0.839086271816317
0.3815 0.838136004237816
0.382 0.838136004237816
0.3825 0.837185736659315
0.383 0.836235469080814
0.3835 0.835285201502313
0.384 0.834334933923812
0.3845 0.833384666345311
0.385 0.83243439876681
0.3855 0.83243439876681
0.386 0.83148413118831
0.3865 0.830533863609809
0.387 0.829583596031308
0.3875 0.828633328452807
0.388 0.827683060874306
0.3885 0.827683060874306
0.389 0.826732793295805
0.3895 0.825782525717304
0.39 0.824832258138803
0.3905 0.823881990560302
0.391 0.822931722981801
0.3915 0.8219814554033
0.392 0.8219814554033
0.3925 0.821031187824799
0.393 0.820080920246298
0.3935 0.819130652667797
0.394 0.818180385089297
0.3945 0.817230117510796
0.395 0.817230117510796
0.3955 0.816279849932295
0.396 0.815329582353794
0.3965 0.814379314775293
0.397 0.813429047196792
0.3975 0.812478779618291
0.398 0.812478779618291
0.3985 0.81152851203979
0.399 0.810578244461289
0.3995 0.809627976882788
0.4 0.808677709304287
0.4005 0.807727441725786
0.401 0.807727441725786
0.4015 0.806777174147285
0.402 0.805826906568785
0.4025 0.804876638990284
0.403 0.803926371411783
0.4035 0.802976103833282
0.404 0.802976103833282
0.4045 0.802025836254781
0.405 0.80107556867628
0.4055 0.800125301097779
0.406 0.799175033519278
0.4065 0.799175033519278
0.407 0.798224765940777
0.4075 0.797274498362276
0.408 0.796324230783775
0.4085 0.795373963205274
0.409 0.794423695626774
0.4095 0.794423695626774
0.41 0.793473428048273
0.4105 0.792523160469772
0.411 0.791572892891271
0.4115 0.79062262531277
0.412 0.789672357734269
0.4125 0.789672357734269
0.413 0.788722090155768
0.4135 0.787771822577267
0.414 0.786821554998766
0.4145 0.785871287420265
0.415 0.785871287420265
0.4155 0.784921019841764
0.416 0.783970752263263
0.4165 0.783020484684762
0.417 0.782070217106261
0.4175 0.781119949527761
0.418 0.781119949527761
0.4185 0.78016968194926
0.419 0.779219414370759
0.4195 0.778269146792258
0.42 0.777318879213757
0.4205 0.777318879213757
0.421 0.776368611635256
0.4215 0.775418344056755
0.422 0.774468076478254
0.4225 0.773517808899753
0.423 0.773517808899753
0.4235 0.772567541321252
0.424 0.771617273742751
0.4245 0.77066700616425
0.425 0.769716738585749
0.4255 0.768766471007248
0.426 0.768766471007248
0.4265 0.767816203428748
0.427 0.766865935850247
0.4275 0.765915668271746
0.428 0.764965400693245
0.4285 0.764965400693245
0.429 0.764015133114744
0.4295 0.763064865536243
0.43 0.762114597957742
0.4305 0.761164330379241
0.431 0.761164330379241
0.4315 0.76021406280074
0.432 0.759263795222239
0.4325 0.758313527643738
0.433 0.757363260065237
0.4335 0.757363260065237
0.434 0.756412992486736
0.4345 0.755462724908236
0.435 0.754512457329735
0.4355 0.753562189751234
0.436 0.753562189751234
0.4365 0.752611922172733
0.437 0.751661654594232
0.4375 0.750711387015731
0.438 0.74976111943723
0.4385 0.74976111943723
0.439 0.748810851858729
0.4395 0.747860584280228
0.44 0.746910316701727
0.4405 0.745960049123226
0.441 0.745960049123226
0.4415 0.745009781544725
0.442 0.744059513966224
0.4425 0.743109246387723
0.443 0.742158978809223
0.4435 0.742158978809223
0.444 0.741208711230722
0.4445 0.740258443652221
0.445 0.73930817607372
0.4455 0.738357908495219
0.446 0.738357908495219
0.4465 0.737407640916718
0.447 0.736457373338217
0.4475 0.735507105759716
0.448 0.734556838181215
0.4485 0.734556838181215
0.449 0.733606570602714
0.4495 0.732656303024213
0.45 0.731706035445712
0.4505 0.731706035445712
0.451 0.730755767867212
0.4515 0.72980550028871
0.452 0.72885523271021
0.4525 0.727904965131709
0.453 0.727904965131709
0.4535 0.726954697553208
0.454 0.726004429974707
0.4545 0.725054162396206
0.455 0.724103894817705
0.4555 0.724103894817705
0.456 0.723153627239204
0.4565 0.722203359660703
0.457 0.721253092082202
0.4575 0.721253092082202
0.458 0.720302824503701
0.4585 0.7193525569252
0.459 0.718402289346699
0.4595 0.717452021768199
0.46 0.717452021768199
0.4605 0.716501754189698
0.461 0.715551486611197
0.4615 0.714601219032696
0.462 0.713650951454195
0.4625 0.713650951454195
0.463 0.712700683875694
0.4635 0.711750416297193
0.464 0.710800148718692
0.4645 0.710800148718692
0.465 0.709849881140191
0.4655 0.70889961356169
0.466 0.707949345983189
0.4665 0.706999078404688
0.467 0.706999078404688
0.4675 0.706048810826187
0.468 0.705098543247687
0.4685 0.704148275669186
0.469 0.704148275669186
0.4695 0.703198008090685
0.47 0.702247740512184
0.4705 0.701297472933683
0.471 0.700347205355182
0.4715 0.700347205355182
0.472 0.699396937776681
0.4725 0.69844667019818
0.473 0.697496402619679
0.4735 0.697496402619679
0.474 0.696546135041178
0.4745 0.695595867462677
0.475 0.694645599884176
0.4755 0.694645599884176
0.476 0.693695332305675
0.4765 0.692745064727174
0.477 0.691794797148674
0.4775 0.690844529570173
0.478 0.690844529570173
0.4785 0.689894261991672
0.479 0.688943994413171
0.4795 0.68799372683467
0.48 0.68799372683467
0.4805 0.687043459256169
0.481 0.686093191677668
0.4815 0.685142924099167
0.482 0.685142924099167
0.4825 0.684192656520666
0.483 0.683242388942165
0.4835 0.682292121363664
0.484 0.681341853785163
0.4845 0.681341853785163
0.485 0.680391586206662
0.4855 0.679441318628161
0.486 0.678491051049661
0.4865 0.678491051049661
0.487 0.67754078347116
0.4875 0.676590515892659
0.488 0.675640248314158
0.4885 0.675640248314158
0.489 0.674689980735657
0.4895 0.673739713157156
0.49 0.672789445578655
0.4905 0.671839178000154
0.491 0.671839178000154
0.4915 0.670888910421653
0.492 0.669938642843152
0.4925 0.668988375264651
0.493 0.668988375264651
0.4935 0.66803810768615
0.494 0.66708784010765
0.4945 0.666137572529149
0.495 0.666137572529149
0.4955 0.665187304950648
0.496 0.664237037372147
0.4965 0.663286769793646
0.497 0.663286769793646
0.4975 0.662336502215145
0.498 0.661386234636644
0.4985 0.660435967058143
0.499 0.660435967058143
0.4995 0.659485699479642
0.5 0.658535431901141
0.5005 0.65758516432264
0.501 0.65758516432264
0.5015 0.656634896744139
0.502 0.655684629165638
0.5025 0.654734361587137
0.503 0.654734361587137
0.5035 0.653784094008637
0.504 0.652833826430136
0.5045 0.651883558851635
0.505 0.650933291273134
0.5055 0.650933291273134
0.506 0.649983023694633
0.5065 0.649032756116132
0.507 0.648082488537631
0.5075 0.648082488537631
0.508 0.64713222095913
0.5085 0.646181953380629
0.509 0.645231685802128
0.5095 0.645231685802128
0.51 0.644281418223627
0.5105 0.643331150645126
0.511 0.642380883066625
0.5115 0.642380883066625
0.512 0.641430615488125
0.5125 0.640480347909624
0.513 0.639530080331123
0.5135 0.639530080331123
0.514 0.638579812752622
0.5145 0.637629545174121
0.515 0.63667927759562
0.5155 0.63667927759562
0.516 0.635729010017119
0.5165 0.634778742438618
0.517 0.633828474860117
0.5175 0.633828474860117
0.518 0.632878207281616
0.5185 0.631927939703115
0.519 0.630977672124614
0.5195 0.630977672124614
0.52 0.630027404546113
0.5205 0.629077136967612
0.521 0.628126869389112
0.5215 0.628126869389112
0.522 0.627176601810611
0.5225 0.62622633423211
0.523 0.625276066653609
0.5235 0.625276066653609
0.524 0.624325799075108
0.5245 0.623375531496607
0.525 0.622425263918106
0.5255 0.622425263918106
0.526 0.621474996339605
0.5265 0.620524728761104
0.527 0.620524728761104
0.5275 0.619574461182603
0.528 0.618624193604102
0.5285 0.617673926025601
0.529 0.617673926025601
0.5295 0.6167236584471
0.53 0.6157733908686
0.5305 0.614823123290099
0.531 0.614823123290099
0.5315 0.613872855711598
0.532 0.612922588133097
0.5325 0.611972320554596
0.533 0.611972320554596
0.5335 0.611022052976095
0.534 0.610071785397594
0.5345 0.609121517819093
0.535 0.609121517819093
0.5355 0.608171250240592
0.536 0.607220982662091
0.5365 0.60627071508359
0.537 0.60627071508359
0.5375 0.605320447505089
0.538 0.604370179926588
0.5385 0.603419912348087
0.539 0.603419912348087
0.5395 0.602469644769587
0.54 0.601519377191086
0.5405 0.600569109612585
0.541 0.600569109612585
0.5415 0.599618842034084
0.542 0.598668574455583
0.5425 0.598668574455583
0.543 0.597718306877082
0.5435 0.596768039298581
0.544 0.59581777172008
0.5445 0.59581777172008
0.545 0.594867504141579
0.5455 0.593917236563078
0.546 0.592966968984577
0.5465 0.592966968984577
0.547 0.592016701406076
0.5475 0.591066433827576
0.548 0.590116166249075
0.5485 0.590116166249075
0.549 0.589165898670574
0.5495 0.588215631092073
0.55 0.588215631092073
0.5505 0.587265363513572
0.551 0.586315095935071
0.5515 0.58536482835657
0.552 0.58536482835657
0.5525 0.584414560778069
0.553 0.583464293199568
0.5535 0.582514025621067
0.554 0.582514025621067
0.5545 0.581563758042566
0.555 0.580613490464065
0.5555 0.579663222885564
0.556 0.579663222885564
0.5565 0.578712955307063
0.557 0.577762687728563
0.5575 0.577762687728563
0.558 0.576812420150062
0.5585 0.575862152571561
0.559 0.57491188499306
0.5595 0.57491188499306
0.56 0.573961617414559
0.5605 0.573011349836058
0.561 0.572061082257557
0.5615 0.572061082257557
0.562 0.571110814679056
0.5625 0.570160547100555
0.563 0.569210279522054
0.5635 0.569210279522054
0.564 0.568260011943553
0.5645 0.567309744365052
0.565 0.567309744365052
0.5655 0.566359476786551
0.566 0.56540920920805
0.5665 0.56445894162955
0.567 0.56445894162955
0.5675 0.563508674051049
0.568 0.562558406472548
0.5685 0.561608138894047
0.569 0.561608138894047
0.5695 0.560657871315546
0.57 0.559707603737045
0.5705 0.559707603737045
0.571 0.558757336158544
0.5715 0.557807068580043
0.572 0.556856801001542
0.5725 0.556856801001542
0.573 0.555906533423041
0.5735 0.55495626584454
0.574 0.55495626584454
0.5745 0.554005998266039
0.575 0.553055730687538
0.5755 0.552105463109038
0.576 0.552105463109038
0.5765 0.551155195530537
0.577 0.550204927952036
0.5775 0.549254660373535
0.578 0.549254660373535
0.5785 0.548304392795034
0.579 0.547354125216533
0.5795 0.547354125216533
0.58 0.546403857638032
0.5805 0.545453590059531
0.581 0.54450332248103
0.5815 0.54450332248103
0.582 0.543553054902529
0.5825 0.542602787324028
0.583 0.541652519745527
0.5835 0.541652519745527
0.584 0.540702252167026
0.5845 0.539751984588525
0.585 0.539751984588525
0.5855 0.538801717010025
0.586 0.537851449431524
0.5865 0.536901181853023
0.587 0.536901181853023
0.5875 0.535950914274522
0.588 0.535000646696021
0.5885 0.535000646696021
0.589 0.53405037911752
0.5895 0.533100111539019
0.59 0.532149843960518
0.5905 0.532149843960518
0.591 0.531199576382017
0.5915 0.530249308803516
0.592 0.530249308803516
0.5925 0.529299041225015
0.593 0.528348773646514
0.5935 0.527398506068014
0.594 0.527398506068014
0.5945 0.526448238489513
0.595 0.525497970911012
0.5955 0.525497970911012
0.596 0.524547703332511
0.5965 0.52359743575401
0.597 0.522647168175509
0.5975 0.522647168175509
0.598 0.521696900597008
0.5985 0.520746633018507
0.599 0.519796365440006
0.5995 0.519796365440006
0.6 0.518846097861505
0.6005 0.517895830283004
0.601 0.517895830283004
0.6015 0.516945562704503
0.602 0.515995295126002
0.6025 0.515045027547501
0.603 0.515045027547501
0.6035 0.514094759969001
0.604 0.5131444923905
0.6045 0.5131444923905
0.605 0.512194224811999
0.6055 0.511243957233498
0.606 0.510293689654997
0.6065 0.510293689654997
0.607 0.509343422076496
0.6075 0.508393154497995
0.608 0.508393154497995
0.6085 0.507442886919494
0.609 0.506492619340993
0.6095 0.505542351762492
0.61 0.505542351762492
0.6105 0.504592084183991
0.611 0.50364181660549
0.6115 0.50364181660549
0.612 0.502691549026989
0.6125 0.501741281448489
0.613 0.501741281448489
0.6135 0.500791013869988
0.614 0.499840746291487
0.6145 0.498890478712986
0.615 0.498890478712986
0.6155 0.497940211134485
0.616 0.496989943555984
0.6165 0.496989943555984
0.617 0.496039675977483
0.6175 0.495089408398982
0.618 0.494139140820481
0.6185 0.494139140820481
0.619 0.49318887324198
0.6195 0.492238605663479
0.62 0.492238605663479
0.6205 0.491288338084978
0.621 0.490338070506477
0.6215 0.489387802927976
0.622 0.489387802927976
0.6225 0.488437535349476
0.623 0.487487267770975
0.6235 0.487487267770975
0.624 0.486537000192474
0.6245 0.485586732613973
0.625 0.484636465035472
0.6255 0.484636465035472
0.626 0.483686197456971
0.6265 0.48273592987847
0.627 0.48273592987847
0.6275 0.481785662299969
0.628 0.480835394721468
0.6285 0.480835394721468
0.629 0.479885127142967
0.6295 0.478934859564466
0.63 0.477984591985965
0.6305 0.477984591985965
0.631 0.477034324407464
0.6315 0.476084056828964
0.632 0.476084056828964
0.6325 0.475133789250463
0.633 0.474183521671962
0.6335 0.473233254093461
0.634 0.473233254093461
0.6345 0.47228298651496
0.635 0.471332718936459
0.6355 0.471332718936459
0.636 0.470382451357958
0.6365 0.469432183779457
0.637 0.469432183779457
0.6375 0.468481916200956
0.638 0.467531648622455
0.6385 0.466581381043954
0.639 0.466581381043954
0.6395 0.465631113465453
0.64 0.464680845886952
0.6405 0.464680845886952
0.641 0.463730578308451
0.6415 0.462780310729951
0.642 0.46183004315145
0.6425 0.46183004315145
0.643 0.460879775572949
0.6435 0.459929507994448
0.644 0.459929507994448
0.6445 0.458979240415947
0.645 0.458028972837446
0.6455 0.458028972837446
0.646 0.457078705258945
0.6465 0.456128437680444
0.647 0.455178170101943
0.6475 0.455178170101943
0.648 0.454227902523442
0.6485 0.453277634944941
0.649 0.453277634944941
0.6495 0.45232736736644
0.65 0.451377099787939
0.6505 0.451377099787939
0.651 0.450426832209439
0.6515 0.449476564630938
0.652 0.448526297052437
0.6525 0.448526297052437
0.653 0.447576029473936
0.6535 0.446625761895435
0.654 0.446625761895435
0.6545 0.445675494316934
0.655 0.444725226738433
0.6555 0.443774959159932
0.656 0.443774959159932
0.6565 0.442824691581431
0.657 0.44187442400293
0.6575 0.44187442400293
0.658 0.440924156424429
0.6585 0.439973888845928
0.659 0.439973888845928
0.6595 0.439023621267427
0.66 0.438073353688927
0.6605 0.437123086110426
0.661 0.437123086110426
0.6615 0.436172818531925
0.662 0.435222550953424
0.6625 0.435222550953424
0.663 0.434272283374923
0.6635 0.433322015796422
0.664 0.433322015796422
0.6645 0.432371748217921
0.665 0.43142148063942
0.6655 0.43142148063942
0.666 0.430471213060919
0.6665 0.429520945482418
0.667 0.428570677903917
0.6675 0.428570677903917
0.668 0.427620410325416
0.6685 0.426670142746915
0.669 0.426670142746915
0.6695 0.425719875168414
0.67 0.424769607589914
0.6705 0.424769607589914
0.671 0.423819340011413
0.6715 0.422869072432912
0.672 0.421918804854411
0.6725 0.421918804854411
0.673 0.42096853727591
0.6735 0.420018269697409
0.674 0.420018269697409
0.6745 0.419068002118908
0.675 0.418117734540407
0.6755 0.418117734540407
0.676 0.417167466961906
0.6765 0.416217199383405
0.677 0.415266931804904
0.6775 0.415266931804904
0.678 0.414316664226403
0.6785 0.413366396647902
0.679 0.413366396647902
0.6795 0.412416129069402
0.68 0.411465861490901
0.6805 0.411465861490901
0.681 0.4105155939124
0.6815 0.409565326333899
0.682 0.409565326333899
0.6825 0.408615058755398
0.683 0.407664791176897
0.6835 0.406714523598396
0.684 0.406714523598396
0.6845 0.405764256019895
0.685 0.404813988441394
0.6855 0.404813988441394
0.686 0.403863720862893
0.6865 0.402913453284392
0.687 0.402913453284392
0.6875 0.401963185705891
0.688 0.40101291812739
0.6885 0.40006265054889
0.689 0.40006265054889
0.6895 0.399112382970389
0.69 0.398162115391888
0.6905 0.398162115391888
0.691 0.397211847813387
0.6915 0.396261580234886
0.692 0.396261580234886
0.6925 0.395311312656385
0.693 0.394361045077884
0.6935 0.394361045077884
0.694 0.393410777499383
0.6945 0.392460509920882
0.695 0.391510242342381
0.6955 0.391510242342381
0.696 0.39055997476388
0.6965 0.389609707185379
0.697 0.389609707185379
0.6975 0.388659439606878
0.698 0.387709172028377
0.6985 0.387709172028377
0.699 0.386758904449877
0.6995 0.385808636871376
0.7 0.385808636871376
0.7005 0.384858369292875
0.701 0.383908101714374
0.7015 0.382957834135873
0.702 0.382957834135873
0.7025 0.382007566557372
0.703 0.381057298978871
0.7035 0.381057298978871
0.704 0.38010703140037
0.7045 0.379156763821869
0.705 0.379156763821869
0.7055 0.378206496243368
0.706 0.377256228664867
0.7065 0.377256228664867
0.707 0.376305961086366
0.7075 0.375355693507865
0.708 0.374405425929365
0.7085 0.374405425929365
0.709 0.373455158350864
0.7095 0.372504890772363
0.71 0.372504890772363
0.7105 0.371554623193862
0.711 0.370604355615361
0.7115 0.370604355615361
0.712 0.36965408803686
0.7125 0.368703820458359
0.713 0.368703820458359
0.7135 0.367753552879858
0.714 0.366803285301357
0.7145 0.366803285301357
0.715 0.365853017722856
0.7155 0.364902750144355
0.716 0.363952482565854
0.7165 0.363952482565854
0.717 0.363002214987353
0.7175 0.362051947408852
0.718 0.362051947408852
0.7185 0.361101679830352
0.719 0.360151412251851
0.7195 0.360151412251851
0.72 0.35920114467335
0.7205 0.358250877094849
0.721 0.358250877094849
0.7215 0.357300609516348
0.722 0.356350341937847
0.7225 0.356350341937847
0.723 0.355400074359346
0.7235 0.354449806780845
0.724 0.353499539202344
0.7245 0.353499539202344
0.725 0.352549271623843
0.7255 0.351599004045342
0.726 0.351599004045342
0.7265 0.350648736466841
0.727 0.34969846888834
0.7275 0.34969846888834
0.728 0.34874820130984
0.7285 0.347797933731339
0.729 0.347797933731339
0.7295 0.346847666152838
0.73 0.345897398574337
0.7305 0.345897398574337
0.731 0.344947130995836
0.7315 0.343996863417335
0.732 0.343046595838834
0.7325 0.343046595838834
0.733 0.342096328260333
0.7335 0.341146060681832
0.734 0.341146060681832
0.7345 0.340195793103331
0.735 0.33924552552483
0.7355 0.33924552552483
0.736 0.338295257946329
0.7365 0.337344990367828
0.737 0.337344990367828
0.7375 0.336394722789328
0.738 0.335444455210827
0.7385 0.335444455210827
0.739 0.334494187632326
0.7395 0.333543920053825
0.74 0.332593652475324
0.7405 0.332593652475324
0.741 0.331643384896823
0.7415 0.330693117318322
0.742 0.330693117318322
0.7425 0.329742849739821
0.743 0.32879258216132
0.7435 0.32879258216132
0.744 0.327842314582819
0.7445 0.326892047004318
0.745 0.326892047004318
0.7455 0.325941779425817
0.746 0.324991511847316
0.7465 0.324991511847316
0.747 0.324041244268815
0.7475 0.323090976690315
0.748 0.323090976690315
0.7485 0.322140709111814
0.749 0.321190441533313
0.7495 0.320240173954812
0.75 0.320240173954812
0.7505 0.319289906376311
0.751 0.31833963879781
0.7515 0.31833963879781
0.752 0.317389371219309
0.7525 0.316439103640808
0.753 0.316439103640808
0.7535 0.315488836062307
0.754 0.314538568483806
0.7545 0.314538568483806
0.755 0.313588300905305
0.7555 0.312638033326804
0.756 0.312638033326804
0.7565 0.311687765748303
0.757 0.310737498169803
0.7575 0.310737498169803
0.758 0.309787230591302
0.7585 0.308836963012801
0.759 0.3078866954343
0.7595 0.3078866954343
0.76 0.306936427855799
0.7605 0.305986160277298
0.761 0.305986160277298
0.7615 0.305035892698797
0.762 0.304085625120296
0.7625 0.304085625120296
0.763 0.303135357541795
0.7635 0.302185089963294
0.764 0.302185089963294
0.7645 0.301234822384793
0.765 0.300284554806292
0.7655 0.300284554806292
0.766 0.299334287227791
0.7665 0.298384019649291
0.767 0.298384019649291
0.7675 0.29743375207079
0.768 0.296483484492289
0.7685 0.296483484492289
0.769 0.295533216913788
0.7695 0.294582949335287
0.77 0.293632681756786
0.7705 0.293632681756786
0.771 0.292682414178285
0.7715 0.291732146599784
0.772 0.291732146599784
0.7725 0.290781879021283
0.773 0.289831611442782
0.7735 0.289831611442782
0.774 0.288881343864281
0.7745 0.28793107628578
0.775 0.28793107628578
0.7755 0.286980808707279
0.776 0.286030541128778
0.7765 0.286030541128778
0.777 0.285080273550278
0.7775 0.284130005971777
0.778 0.284130005971777
0.7785 0.283179738393276
0.779 0.282229470814775
0.7795 0.282229470814775
0.78 0.281279203236274
0.7805 0.280328935657773
0.781 0.280328935657773
0.7815 0.279378668079272
0.782 0.278428400500771
0.7825 0.27747813292227
0.783 0.27747813292227
0.7835 0.276527865343769
0.784 0.275577597765268
0.7845 0.275577597765268
0.785 0.274627330186767
0.7855 0.273677062608266
0.786 0.273677062608266
0.7865 0.272726795029766
0.787 0.271776527451265
0.7875 0.271776527451265
0.788 0.270826259872764
0.7885 0.269875992294263
0.789 0.269875992294263
0.7895 0.268925724715762
0.79 0.267975457137261
0.7905 0.267975457137261
0.791 0.26702518955876
0.7915 0.266074921980259
0.792 0.266074921980259
0.7925 0.265124654401758
0.793 0.264174386823257
0.7935 0.264174386823257
0.794 0.263224119244756
0.7945 0.262273851666255
0.795 0.261323584087754
0.7955 0.261323584087754
0.796 0.260373316509253
0.7965 0.259423048930753
0.797 0.259423048930753
0.7975 0.258472781352252
0.798 0.257522513773751
0.7985 0.257522513773751
0.799 0.25657224619525
0.7995 0.255621978616749
0.8 0.255621978616749
0.8005 0.254671711038248
0.801 0.253721443459747
0.8015 0.253721443459747
0.802 0.252771175881246
0.8025 0.251820908302745
0.803 0.251820908302745
0.8035 0.250870640724244
0.804 0.249920373145743
0.8045 0.249920373145743
0.805 0.248970105567242
0.8055 0.248019837988741
0.806 0.248019837988741
0.8065 0.247069570410241
0.807 0.24611930283174
0.8075 0.24611930283174
0.808 0.245169035253239
0.8085 0.244218767674738
0.809 0.244218767674738
0.8095 0.243268500096237
0.81 0.242318232517736
0.8105 0.241367964939235
0.811 0.241367964939235
0.8115 0.240417697360734
0.812 0.239467429782233
0.8125 0.239467429782233
0.813 0.238517162203732
0.8135 0.237566894625231
0.814 0.237566894625231
0.8145 0.23661662704673
0.815 0.235666359468229
0.8155 0.235666359468229
0.816 0.234716091889729
0.8165 0.233765824311228
0.817 0.233765824311228
0.8175 0.232815556732727
0.818 0.231865289154226
0.8185 0.231865289154226
0.819 0.230915021575725
0.8195 0.229964753997224
0.82 0.229964753997224
0.8205 0.229014486418723
0.821 0.228064218840222
0.8215 0.228064218840222
0.822 0.227113951261721
0.8225 0.22616368368322
0.823 0.22616368368322
0.8235 0.225213416104719
0.824 0.224263148526218
0.8245 0.224263148526218
0.825 0.223312880947717
0.8255 0.222362613369217
0.826 0.222362613369217
0.8265 0.221412345790716
0.827 0.220462078212215
0.8275 0.219511810633714
0.828 0.219511810633714
0.8285 0.218561543055213
0.829 0.217611275476712
0.8295 0.217611275476712
0.83 0.216661007898211
0.8305 0.21571074031971
0.831 0.21571074031971
0.8315 0.214760472741209
0.832 0.213810205162708
0.8325 0.213810205162708
0.833 0.212859937584207
0.8335 0.211909670005706
0.834 0.211909670005706
0.8345 0.210959402427205
0.835 0.210009134848704
0.8355 0.210009134848704
0.836 0.209058867270204
0.8365 0.208108599691703
0.837 0.208108599691703
0.8375 0.207158332113202
0.838 0.206208064534701
0.8385 0.206208064534701
0.839 0.2052577969562
0.8395 0.204307529377699
0.84 0.204307529377699
0.8405 0.203357261799198
0.841 0.202406994220697
0.8415 0.202406994220697
0.842 0.201456726642196
0.8425 0.200506459063695
0.843 0.200506459063695
0.8435 0.199556191485194
0.844 0.198605923906693
0.8445 0.198605923906693
0.845 0.197655656328192
0.8455 0.196705388749692
0.846 0.196705388749692
0.8465 0.195755121171191
0.847 0.19480485359269
0.8475 0.193854586014189
0.848 0.193854586014189
0.8485 0.192904318435688
0.849 0.191954050857187
0.8495 0.191954050857187
0.85 0.191003783278686
0.8505 0.190053515700185
0.851 0.190053515700185
0.8515 0.189103248121684
0.852 0.188152980543183
0.8525 0.188152980543183
0.853 0.187202712964682
0.8535 0.186252445386181
0.854 0.186252445386181
0.8545 0.18530217780768
0.855 0.184351910229179
0.8555 0.184351910229179
0.856 0.183401642650679
0.8565 0.182451375072178
0.857 0.182451375072178
0.8575 0.181501107493677
0.858 0.180550839915176
0.8585 0.180550839915176
0.859 0.179600572336675
0.8595 0.178650304758174
0.86 0.178650304758174
0.8605 0.177700037179673
0.861 0.176749769601172
0.8615 0.176749769601172
0.862 0.175799502022671
0.8625 0.17484923444417
0.863 0.17484923444417
0.8635 0.173898966865669
0.864 0.172948699287168
0.8645 0.172948699287168
0.865 0.171998431708667
0.8655 0.171048164130167
0.866 0.171048164130167
0.8665 0.170097896551666
0.867 0.169147628973165
0.8675 0.169147628973165
0.868 0.168197361394664
0.8685 0.167247093816163
0.869 0.167247093816163
0.8695 0.166296826237662
0.87 0.165346558659161
0.8705 0.165346558659161
0.871 0.16439629108066
0.8715 0.163446023502159
0.872 0.162495755923658
0.8725 0.162495755923658
0.873 0.161545488345157
0.8735 0.160595220766656
0.874 0.160595220766656
0.8745 0.159644953188155
0.875 0.158694685609654
0.8755 0.158694685609654
0.876 0.157744418031154
0.8765 0.156794150452653
0.877 0.156794150452653
0.8775 0.155843882874152
0.878 0.154893615295651
0.8785 0.154893615295651
0.879 0.15394334771715
0.8795 0.152993080138649
0.88 0.152993080138649
0.8805 0.152042812560148
0.881 0.151092544981647
0.8815 0.151092544981647
0.882 0.150142277403146
0.8825 0.149192009824645
0.883 0.149192009824645
0.8835 0.148241742246144
0.884 0.147291474667643
0.8845 0.147291474667643
0.885 0.146341207089142
0.8855 0.145390939510642
0.886 0.145390939510642
0.8865 0.144440671932141
0.887 0.14349040435364
0.8875 0.14349040435364
0.888 0.142540136775139
0.8885 0.141589869196638
0.889 0.141589869196638
0.8895 0.140639601618137
0.89 0.139689334039636
0.8905 0.139689334039636
0.891 0.138739066461135
0.8915 0.137788798882634
0.892 0.137788798882634
0.8925 0.136838531304133
0.893 0.135888263725632
0.8935 0.135888263725632
0.894 0.134937996147131
0.8945 0.13398772856863
0.895 0.13398772856863
0.8955 0.13303746099013
0.896 0.132087193411629
0.8965 0.132087193411629
0.897 0.131136925833128
0.8975 0.130186658254627
0.898 0.130186658254627
0.8985 0.129236390676126
0.899 0.128286123097625
0.8995 0.128286123097625
0.9 0.127335855519124
0.9005 0.126385587940623
0.901 0.126385587940623
0.9015 0.125435320362122
0.902 0.124485052783621
0.9025 0.124485052783621
0.903 0.12353478520512
0.9035 0.122584517626619
0.904 0.121634250048118
0.9045 0.121634250048118
0.905 0.120683982469618
0.9055 0.119733714891117
0.906 0.119733714891117
0.9065 0.118783447312616
0.907 0.117833179734115
0.9075 0.117833179734115
0.908 0.116882912155614
0.9085 0.115932644577113
0.909 0.115932644577113
0.9095 0.114982376998612
0.91 0.114032109420111
0.9105 0.114032109420111
0.911 0.11308184184161
0.9115 0.112131574263109
0.912 0.112131574263109
0.9125 0.111181306684608
0.913 0.110231039106107
0.9135 0.110231039106107
0.914 0.109280771527606
0.9145 0.108330503949105
0.915 0.108330503949105
0.9155 0.107380236370605
0.916 0.106429968792104
0.9165 0.106429968792104
0.917 0.105479701213603
0.9175 0.104529433635102
0.918 0.104529433635102
0.9185 0.103579166056601
0.919 0.1026288984781
0.9195 0.1026288984781
0.92 0.101678630899599
0.9205 0.100728363321098
0.921 0.100728363321098
0.9215 0.0997780957425971
0.922 0.0988278281640962
0.9225 0.0988278281640962
0.923 0.0978775605855953
0.9235 0.0969272930070944
0.924 0.0969272930070944
0.9245 0.0959770254285934
0.925 0.0950267578500925
0.9255 0.0950267578500925
0.926 0.0940764902715916
0.9265 0.0931262226930907
0.927 0.0931262226930907
0.9275 0.0921759551145897
0.928 0.0912256875360888
0.9285 0.0912256875360888
0.929 0.0902754199575879
0.9295 0.089325152379087
0.93 0.089325152379087
0.9305 0.088374884800586
0.931 0.0874246172220851
0.9315 0.0874246172220851
0.932 0.0864743496435842
0.9325 0.0855240820650833
0.933 0.0855240820650833
0.9335 0.0845738144865823
0.934 0.0836235469080814
0.9345 0.0836235469080814
0.935 0.0826732793295805
0.9355 0.0817230117510796
0.936 0.0817230117510796
0.9365 0.0807727441725786
0.937 0.0798224765940777
0.9375 0.0798224765940777
0.938 0.0788722090155768
0.9385 0.0779219414370759
0.939 0.0779219414370759
0.9395 0.0769716738585749
0.94 0.076021406280074
0.9405 0.076021406280074
0.941 0.0750711387015731
0.9415 0.0741208711230722
0.942 0.0741208711230722
0.9425 0.0731706035445712
0.943 0.0722203359660703
0.9435 0.0722203359660703
0.944 0.0712700683875694
0.9445 0.0703198008090685
0.945 0.0703198008090685
0.9455 0.0693695332305675
0.946 0.0684192656520666
0.9465 0.0684192656520666
0.947 0.0674689980735657
0.9475 0.0665187304950648
0.948 0.0665187304950648
0.9485 0.0655684629165638
0.949 0.0646181953380629
0.9495 0.0646181953380629
0.95 0.063667927759562
0.9505 0.0627176601810611
0.951 0.0627176601810611
0.9515 0.0617673926025601
0.952 0.0608171250240592
0.9525 0.0608171250240592
0.953 0.0598668574455583
0.9535 0.0589165898670574
0.954 0.0579663222885564
0.9545 0.0579663222885564
0.955 0.0570160547100555
0.9555 0.0560657871315546
0.956 0.0560657871315546
0.9565 0.0551155195530537
0.957 0.0541652519745527
0.9575 0.0541652519745527
0.958 0.0532149843960518
0.9585 0.0522647168175509
0.959 0.0522647168175509
0.9595 0.05131444923905
0.96 0.050364181660549
0.9605 0.050364181660549
0.961 0.0494139140820481
0.9615 0.0484636465035472
0.962 0.0484636465035472
0.9625 0.0475133789250463
0.963 0.0465631113465453
0.9635 0.0465631113465453
0.964 0.0456128437680444
0.9645 0.0446625761895435
0.965 0.0446625761895435
0.9655 0.0437123086110426
0.966 0.0427620410325416
0.9665 0.0427620410325416
0.967 0.0418117734540407
0.9675 0.0408615058755398
0.968 0.0408615058755398
0.9685 0.0399112382970389
0.969 0.0389609707185379
0.9695 0.0389609707185379
0.97 0.038010703140037
0.9705 0.0370604355615361
0.971 0.0370604355615361
0.9715 0.0361101679830352
0.972 0.0351599004045342
0.9725 0.0351599004045342
0.973 0.0342096328260333
0.9735 0.0332593652475324
0.974 0.0332593652475324
0.9745 0.0323090976690315
0.975 0.0313588300905305
0.9755 0.0313588300905305
0.976 0.0304085625120296
0.9765 0.0294582949335287
0.977 0.0294582949335287
0.9775 0.0285080273550278
0.978 0.0275577597765268
0.9785 0.0275577597765268
0.979 0.0266074921980259
0.9795 0.025657224619525
0.98 0.025657224619525
0.9805 0.0247069570410241
0.981 0.0237566894625231
0.9815 0.0237566894625231
0.982 0.0228064218840222
0.9825 0.0218561543055213
0.983 0.0218561543055213
0.9835 0.0209058867270204
0.984 0.0199556191485194
0.9845 0.0199556191485194
0.985 0.0190053515700185
0.9855 0.0180550839915176
0.986 0.0180550839915176
0.9865 0.0171048164130167
0.987 0.0161545488345157
0.9875 0.0161545488345157
0.988 0.0152042812560148
0.9885 0.0142540136775139
0.989 0.0142540136775139
0.9895 0.013303746099013
0.99 0.012353478520512
0.9905 0.012353478520512
0.991 0.0114032109420111
0.9915 0.0104529433635102
0.992 0.0104529433635102
0.9925 0.00950267578500925
0.993 0.00855240820650833
0.9935 0.00855240820650833
0.994 0.0076021406280074
0.9945 0.00665187304950648
0.995 0.00665187304950648
0.9955 0.00570160547100555
0.996 0.00475133789250463
0.9965 0.00475133789250463
0.997 0.0038010703140037
0.9975 0.00285080273550278
0.998 0.00285080273550278
0.9985 0.00190053515700185
0.999 0.000950267578500925
0.9995 0.000950267578500925
1 0
