"EPS" "T"
5e-04 3.06853699037923
0.001 2.9454700444608
0.0015 2.84376182469351
0.002 2.76951482426339
0.0025 2.71052405679836
0.003 2.66170411131006
0.0035 2.62000374120547
0.004 2.58338878208924
0.0045 2.54982506956603
0.005 2.52032968583352
0.0055 2.49388554869402
0.006 2.4684584937522
0.0065 2.4460826854034
0.007 2.42370687705459
0.0075 2.40438231529881
0.008 2.38505775354302
0.0085 2.36776735618258
0.009 2.35047695882214
0.0095 2.33420364365937
0.01 2.31894741069428
0.0105 2.30470825992686
0.011 2.29046910915944
0.0115 2.27724704058969
0.012 2.26402497201994
0.0125 2.25181998564787
0.013 2.23961499927579
0.0135 2.22842709510139
0.014 2.21723919092699
0.0145 2.20605128675258
0.015 2.19588046477586
0.0155 2.18570964279913
0.016 2.1755388208224
0.0165 2.16638508104334
0.017 2.15621425906661
0.0175 2.14706051928755
0.018 2.13892386170617
0.0185 2.12977012192711
0.019 2.12163346434573
0.0195 2.11349680676435
0.02 2.10536014918296
0.0205 2.09722349160158
0.021 2.0890868340202
0.0215 2.08196725863649
0.022 2.07484768325278
0.0225 2.06772810786907
0.023 2.06060853248536
0.0235 2.05348895710165
0.024 2.04636938171793
0.0245 2.03924980633422
0.025 2.03314731314819
0.0255 2.02602773776448
0.026 2.01992524457844
0.0265 2.0138227513924
0.027 2.00772025820636
0.0275 2.00161776502033
0.028 1.99551527183429
0.0285 1.98941277864825
0.029 1.98432736765989
0.0295 1.97822487447385
0.03 1.97313946348548
0.0305 1.96703697029945
0.031 1.96195155931108
0.0315 1.95686614832272
0.032 1.95076365513668
0.0325 1.94567824414831
0.033 1.94059283315995
0.0335 1.93550742217159
0.034 1.93042201118322
0.0345 1.92533660019486
0.035 1.92126827140416
0.0355 1.9161828604158
0.036 1.91109744942744
0.0365 1.90702912063674
0.037 1.90194370964838
0.0375 1.89787538085769
0.038 1.89278996986932
0.0385 1.88872164107863
0.039 1.88363623009027
0.0395 1.87956790129957
0.04 1.87549957250888
0.0405 1.87143124371819
0.041 1.86634583272983
0.0415 1.86227750393913
0.042 1.85820917514844
0.0425 1.85414084635775
0.043 1.85007251756706
0.0435 1.84600418877637
0.044 1.84193585998568
0.0445 1.83786753119498
0.045 1.83379920240429
0.0455 1.83074795581127
0.046 1.82667962702058
0.0465 1.82261129822989
0.047 1.8185429694392
0.0475 1.81549172284618
0.048 1.81142339405549
0.0485 1.8073550652648
0.049 1.80430381867178
0.0495 1.80023548988109
0.05 1.79718424328807
0.0505 1.79311591449738
0.051 1.79006466790436
0.0515 1.78599633911366
0.052 1.78294509252065
0.0525 1.77989384592763
0.053 1.77582551713694
0.0535 1.77277427054392
0.054 1.7697230239509
0.0545 1.76565469516021
0.055 1.76260344856719
0.0555 1.75955220197417
0.056 1.75650095538115
0.0565 1.75344970878813
0.057 1.75039846219511
0.0575 1.74633013340442
0.058 1.7432788868114
0.0585 1.74022764021838
0.059 1.73717639362536
0.0595 1.73412514703235
0.06 1.73107390043933
0.0605 1.72802265384631
0.061 1.72497140725329
0.0615 1.72192016066027
0.062 1.71886891406725
0.0625 1.71581766747423
0.063 1.71378350307889
0.0635 1.71073225648587
0.064 1.70768100989285
0.0645 1.70462976329983
0.065 1.70157851670681
0.0655 1.69852727011379
0.066 1.69649310571845
0.0665 1.69344185912543
0.067 1.69039061253241
0.0675 1.68733936593939
0.068 1.68530520154404
0.0685 1.68225395495103
0.069 1.67920270835801
0.0695 1.67716854396266
0.07 1.67411729736964
0.0705 1.67106605077662
0.071 1.66903188638128
0.0715 1.66598063978826
0.072 1.66394647539291
0.0725 1.66089522879989
0.073 1.65886106440455
0.0735 1.65580981781153
0.074 1.65275857121851
0.0745 1.65072440682317
0.075 1.64767316023015
0.0755 1.6456389958348
0.076 1.64360483143945
0.0765 1.64055358484644
0.077 1.63851942045109
0.0775 1.63546817385807
0.078 1.63343400946273
0.0785 1.63038276286971
0.079 1.62834859847436
0.0795 1.62631443407901
0.08 1.623263187486
0.0805 1.62122902309065
0.081 1.6191948586953
0.0815 1.61614361210229
0.082 1.61410944770694
0.0825 1.61207528331159
0.083 1.60902403671857
0.0835 1.60698987232323
0.084 1.60495570792788
0.0845 1.60292154353254
0.085 1.59987029693952
0.0855 1.59783613254417
0.086 1.59580196814883
0.0865 1.59376780375348
0.087 1.59071655716046
0.0875 1.58868239276512
0.088 1.58664822836977
0.0885 1.58461406397442
0.089 1.58257989957908
0.0895 1.57952865298606
0.09 1.57749448859071
0.0905 1.57546032419537
0.091 1.57342615980002
0.0915 1.57139199540468
0.092 1.56935783100933
0.0925 1.56732366661398
0.093 1.56528950221864
0.0935 1.56325533782329
0.094 1.56020409123027
0.0945 1.55816992683493
0.095 1.55613576243958
0.0955 1.55410159804424
0.096 1.55206743364889
0.0965 1.55003326925355
0.097 1.5479991048582
0.0975 1.54596494046285
0.098 1.54393077606751
0.0985 1.54189661167216
0.099 1.53986244727682
0.0995 1.53782828288147
0.1 1.53579411848612
0.1005 1.53375995409078
0.101 1.53172578969543
0.1015 1.52969162530009
0.102 1.52765746090474
0.1025 1.52664037870707
0.103 1.52460621431172
0.1035 1.52257204991638
0.104 1.52053788552103
0.1045 1.51850372112568
0.105 1.51646955673034
0.1055 1.51443539233499
0.106 1.51240122793965
0.1065 1.5103670635443
0.107 1.50833289914895
0.1075 1.50731581695128
0.108 1.50528165255594
0.1085 1.50324748816059
0.109 1.50121332376524
0.1095 1.4991791593699
0.11 1.49714499497455
0.1105 1.49612791277688
0.111 1.49409374838153
0.1115 1.49205958398619
0.112 1.49002541959084
0.1125 1.4879912551955
0.113 1.48595709080015
0.1135 1.48494000860248
0.114 1.48290584420713
0.1145 1.48087167981179
0.115 1.47883751541644
0.1155 1.47782043321877
0.116 1.47578626882342
0.1165 1.47375210442808
0.117 1.47171794003273
0.1175 1.47070085783506
0.118 1.46866669343971
0.1185 1.46663252904436
0.119 1.46459836464902
0.1195 1.46358128245135
0.12 1.461547118056
0.1205 1.45951295366065
0.121 1.45849587146298
0.1215 1.45646170706764
0.122 1.45442754267229
0.1225 1.45341046047462
0.123 1.45137629607927
0.1235 1.44934213168393
0.124 1.44832504948625
0.1245 1.44629088509091
0.125 1.44425672069556
0.1255 1.44323963849789
0.126 1.44120547410254
0.1265 1.4391713097072
0.127 1.43815422750952
0.1275 1.43612006311418
0.128 1.43408589871883
0.1285 1.43306881652116
0.129 1.43103465212581
0.1295 1.42900048773047
0.13 1.42798340553279
0.1305 1.42594924113745
0.131 1.42493215893977
0.1315 1.42289799454443
0.132 1.42086383014908
0.1325 1.41984674795141
0.133 1.41781258355606
0.1335 1.41679550135839
0.134 1.41476133696305
0.1345 1.41374425476537
0.135 1.41171009037003
0.1355 1.40967592597468
0.136 1.40865884377701
0.1365 1.40662467938166
0.137 1.40560759718399
0.1375 1.40357343278864
0.138 1.40255635059097
0.1385 1.40052218619562
0.139 1.39950510399795
0.1395 1.39747093960261
0.14 1.39645385740493
0.1405 1.39441969300959
0.141 1.39340261081191
0.1415 1.39136844641657
0.142 1.39035136421889
0.1425 1.38831719982355
0.143 1.38730011762588
0.1435 1.38526595323053
0.144 1.38424887103286
0.1445 1.38221470663751
0.145 1.38119762443984
0.1455 1.37916346004449
0.146 1.37814637784682
0.1465 1.37611221345147
0.147 1.3750951312538
0.1475 1.37306096685846
0.148 1.37204388466078
0.1485 1.37000972026544
0.149 1.36899263806776
0.1495 1.36695847367242
0.15 1.36594139147474
0.1505 1.36492430927707
0.151 1.36289014488173
0.1515 1.36187306268405
0.152 1.35983889828871
0.1525 1.35882181609103
0.153 1.35678765169569
0.1535 1.35577056949802
0.154 1.35475348730034
0.1545 1.352719322905
0.155 1.35170224070732
0.1555 1.34966807631198
0.156 1.3486509941143
0.1565 1.34661682971896
0.157 1.34559974752129
0.1575 1.34458266532361
0.158 1.34254850092827
0.1585 1.34153141873059
0.159 1.34051433653292
0.1595 1.33848017213758
0.16 1.3374630899399
0.1605 1.33542892554456
0.161 1.33441184334688
0.1615 1.33339476114921
0.162 1.33136059675387
0.1625 1.33034351455619
0.163 1.32932643235852
0.1635 1.32729226796317
0.164 1.3262751857655
0.1645 1.32424102137015
0.165 1.32322393917248
0.1655 1.32220685697481
0.166 1.32017269257946
0.1665 1.31915561038179
0.167 1.31813852818412
0.1675 1.31610436378877
0.168 1.3150872815911
0.1685 1.31407019939343
0.169 1.31203603499808
0.1695 1.31101895280041
0.17 1.31000187060273
0.1705 1.30796770620739
0.171 1.30695062400971
0.1715 1.30593354181204
0.172 1.30491645961437
0.1725 1.30288229521902
0.173 1.30186521302135
0.1735 1.30084813082368
0.174 1.29881396642833
0.1745 1.29779688423066
0.175 1.29677980203299
0.1755 1.29474563763764
0.176 1.29372855543997
0.1765 1.29271147324229
0.177 1.29169439104462
0.1775 1.28966022664927
0.178 1.2886431444516
0.1785 1.28762606225393
0.179 1.28559189785858
0.1795 1.28457481566091
0.18 1.28355773346324
0.1805 1.28254065126556
0.181 1.28050648687022
0.1815 1.27948940467255
0.182 1.27847232247487
0.1825 1.2774552402772
0.183 1.27542107588185
0.1835 1.27440399368418
0.184 1.27338691148651
0.1845 1.27236982928884
0.185 1.27033566489349
0.1855 1.26931858269582
0.186 1.26830150049814
0.1865 1.26728441830047
0.187 1.26525025390512
0.1875 1.26423317170745
0.188 1.26321608950978
0.1885 1.26219900731211
0.189 1.26016484291676
0.1895 1.25914776071909
0.19 1.25813067852141
0.1905 1.25711359632374
0.191 1.25609651412607
0.1915 1.25406234973072
0.192 1.25304526753305
0.1925 1.25202818533538
0.193 1.2510111031377
0.1935 1.24999402094003
0.194 1.24795985654468
0.1945 1.24694277434701
0.195 1.24592569214934
0.1955 1.24490860995167
0.196 1.24389152775399
0.1965 1.24185736335865
0.197 1.24084028116097
0.1975 1.2398231989633
0.198 1.23880611676563
0.1985 1.23778903456796
0.199 1.23575487017261
0.1995 1.23473778797494
0.2 1.23372070577726
0.2005 1.23270362357959
0.201 1.23168654138192
0.2015 1.22965237698657
0.202 1.2286352947889
0.2025 1.22761821259123
0.203 1.22660113039355
0.2035 1.22558404819588
0.204 1.22456696599821
0.2045 1.22253280160286
0.205 1.22151571940519
0.2055 1.22049863720752
0.206 1.21948155500984
0.2065 1.21846447281217
0.207 1.2174473906145
0.2075 1.21643030841682
0.208 1.21439614402148
0.2085 1.21337906182381
0.209 1.21236197962613
0.2095 1.21134489742846
0.21 1.21032781523079
0.2105 1.20931073303311
0.211 1.20727656863777
0.2115 1.20625948644009
0.212 1.20524240424242
0.2125 1.20422532204475
0.213 1.20320823984708
0.2135 1.2021911576494
0.214 1.20117407545173
0.2145 1.20015699325406
0.215 1.19812282885871
0.2155 1.19710574666104
0.216 1.19608866446337
0.2165 1.19507158226569
0.217 1.19405450006802
0.2175 1.19303741787035
0.218 1.19202033567267
0.2185 1.191003253475
0.219 1.18896908907965
0.2195 1.18795200688198
0.22 1.18693492468431
0.2205 1.18591784248664
0.221 1.18490076028896
0.2215 1.18388367809129
0.222 1.18286659589362
0.2225 1.18184951369594
0.223 1.18083243149827
0.2235 1.1798153493006
0.224 1.17778118490525
0.2245 1.17676410270758
0.225 1.17574702050991
0.2255 1.17472993831223
0.226 1.17371285611456
0.2265 1.17269577391689
0.227 1.17167869171922
0.2275 1.17066160952154
0.228 1.16964452732387
0.2285 1.1686274451262
0.229 1.16761036292852
0.2295 1.16557619853318
0.23 1.1645591163355
0.2305 1.16354203413783
0.231 1.16252495194016
0.2315 1.16150786974249
0.232 1.16049078754481
0.2325 1.15947370534714
0.233 1.15845662314947
0.2335 1.15743954095179
0.234 1.15642245875412
0.2345 1.15540537655645
0.235 1.15438829435878
0.2355 1.1533712121611
0.236 1.15235412996343
0.2365 1.15133704776576
0.237 1.14930288337041
0.2375 1.14828580117274
0.238 1.14726871897506
0.2385 1.14625163677739
0.239 1.14523455457972
0.2395 1.14421747238205
0.24 1.14320039018437
0.2405 1.1421833079867
0.241 1.14116622578903
0.2415 1.14014914359135
0.242 1.13913206139368
0.2425 1.13811497919601
0.243 1.13709789699834
0.2435 1.13608081480066
0.244 1.13506373260299
0.2445 1.13404665040532
0.245 1.13302956820764
0.2455 1.13201248600997
0.246 1.1309954038123
0.2465 1.12997832161463
0.247 1.12896123941695
0.2475 1.12794415721928
0.248 1.12692707502161
0.2485 1.12489291062626
0.249 1.12387582842859
0.2495 1.12285874623091
0.25 1.12184166403324
0.2505 1.12082458183557
0.251 1.1198074996379
0.2515 1.11879041744022
0.252 1.11777333524255
0.2525 1.11675625304488
0.253 1.1157391708472
0.2535 1.11472208864953
0.254 1.11370500645186
0.2545 1.11268792425419
0.255 1.11167084205651
0.2555 1.11065375985884
0.256 1.10963667766117
0.2565 1.10861959546349
0.257 1.10760251326582
0.2575 1.10658543106815
0.258 1.10556834887047
0.2585 1.1045512666728
0.259 1.10353418447513
0.2595 1.10251710227746
0.26 1.10150002007978
0.2605 1.10048293788211
0.261 1.09946585568444
0.2615 1.09844877348676
0.262 1.09743169128909
0.2625 1.09641460909142
0.263 1.09539752689375
0.2635 1.09438044469607
0.264 1.0933633624984
0.2645 1.09234628030073
0.265 1.09132919810305
0.2655 1.09031211590538
0.266 1.08929503370771
0.2665 1.08827795151003
0.267 1.08726086931236
0.2675 1.08624378711469
0.268 1.08522670491702
0.2685 1.08420962271934
0.269 1.08319254052167
0.2695 1.082175458324
0.27 1.08115837612632
0.2705 1.08014129392865
0.271 1.07912421173098
0.2715 1.07810712953331
0.272 1.07810712953331
0.2725 1.07709004733563
0.273 1.07607296513796
0.2735 1.07505588294029
0.274 1.07403880074261
0.2745 1.07302171854494
0.275 1.07200463634727
0.2755 1.0709875541496
0.276 1.06997047195192
0.2765 1.06895338975425
0.277 1.06793630755658
0.2775 1.0669192253589
0.278 1.06590214316123
0.2785 1.06488506096356
0.279 1.06386797876588
0.2795 1.06285089656821
0.28 1.06183381437054
0.2805 1.06081673217287
0.281 1.05979964997519
0.2815 1.05878256777752
0.282 1.05776548557985
0.2825 1.05674840338217
0.283 1.0557313211845
0.2835 1.05471423898683
0.284 1.05369715678916
0.2845 1.05369715678916
0.285 1.05268007459148
0.2855 1.05166299239381
0.286 1.05064591019614
0.2865 1.04962882799846
0.287 1.04861174580079
0.2875 1.04759466360312
0.288 1.04657758140544
0.2885 1.04556049920777
0.289 1.0445434170101
0.2895 1.04352633481243
0.29 1.04250925261475
0.2905 1.04149217041708
0.291 1.04047508821941
0.2915 1.03945800602173
0.292 1.03844092382406
0.2925 1.03742384162639
0.293 1.03742384162639
0.2935 1.03640675942872
0.294 1.03538967723104
0.2945 1.03437259503337
0.295 1.0333555128357
0.2955 1.03233843063802
0.296 1.03132134844035
0.2965 1.03030426624268
0.297 1.029287184045
0.2975 1.02827010184733
0.298 1.02725301964966
0.2985 1.02623593745199
0.299 1.02521885525431
0.2995 1.02420177305664
0.3 1.02420177305664
0.3005 1.02318469085897
0.301 1.02216760866129
0.3015 1.02115052646362
0.302 1.02013344426595
0.3025 1.01911636206828
0.303 1.0180992798706
0.3035 1.01708219767293
0.304 1.01606511547526
0.3045 1.01504803327758
0.305 1.01403095107991
0.3055 1.01301386888224
0.306 1.01301386888224
0.3065 1.01199678668457
0.307 1.01097970448689
0.3075 1.00996262228922
0.308 1.00894554009155
0.3085 1.00792845789387
0.309 1.0069113756962
0.3095 1.00589429349853
0.31 1.00487721130085
0.3105 1.00386012910318
0.311 1.00284304690551
0.3115 1.00284304690551
0.312 1.00182596470784
0.3125 1.00080888251016
0.313 0.99979180031249
0.3135 0.998774718114817
0.314 0.997757635917144
0.3145 0.996740553719471
0.315 0.995723471521798
0.3155 0.994706389324125
0.316 0.994706389324125
0.3165 0.993689307126452
0.317 0.992672224928779
0.3175 0.991655142731107
0.318 0.990638060533434
0.3185 0.989620978335761
0.319 0.988603896138088
0.3195 0.987586813940415
0.32 0.986569731742742
0.3205 0.985552649545069
0.321 0.985552649545069
0.3215 0.984535567347396
0.322 0.983518485149723
0.3225 0.98250140295205
0.323 0.981484320754377
0.3235 0.980467238556704
0.324 0.979450156359031
0.3245 0.978433074161358
0.325 0.978433074161358
0.3255 0.977415991963686
0.326 0.976398909766013
0.3265 0.97538182756834
0.327 0.974364745370667
0.3275 0.973347663172994
0.328 0.972330580975321
0.3285 0.971313498777648
0.329 0.970296416579975
0.3295 0.970296416579975
0.33 0.969279334382302
0.3305 0.968262252184629
0.331 0.967245169986956
0.3315 0.966228087789283
0.332 0.96521100559161
0.3325 0.964193923393937
0.333 0.963176841196264
0.3335 0.963176841196264
0.334 0.962159758998592
0.3345 0.961142676800919
0.335 0.960125594603246
0.3355 0.959108512405573
0.336 0.9580914302079
0.3365 0.957074348010227
0.337 0.957074348010227
0.3375 0.956057265812554
0.338 0.955040183614881
0.3385 0.954023101417208
0.339 0.953006019219535
0.3395 0.951988937021862
0.34 0.950971854824189
0.3405 0.949954772626516
0.341 0.949954772626516
0.3415 0.948937690428843
0.342 0.947920608231171
0.3425 0.946903526033498
0.343 0.945886443835825
0.3435 0.944869361638152
0.344 0.943852279440479
0.3445 0.943852279440479
0.345 0.942835197242806
0.3455 0.941818115045133
0.346 0.94080103284746
0.3465 0.939783950649787
0.347 0.938766868452114
0.3475 0.937749786254441
0.348 0.937749786254441
0.3485 0.936732704056768
0.349 0.935715621859095
0.3495 0.934698539661422
0.35 0.93368145746375
0.3505 0.932664375266077
0.351 0.932664375266077
0.3515 0.931647293068404
0.352 0.930630210870731
0.3525 0.929613128673058
0.353 0.928596046475385
0.3535 0.927578964277712
0.354 0.926561882080039
0.3545 0.926561882080039
0.355 0.925544799882366
0.3555 0.924527717684693
0.356 0.92351063548702
0.3565 0.922493553289347
0.357 0.921476471091674
0.3575 0.921476471091674
0.358 0.920459388894001
0.3585 0.919442306696329
0.359 0.918425224498656
0.3595 0.917408142300983
0.36 0.91639106010331
0.3605 0.91639106010331
0.361 0.915373977905637
0.3615 0.914356895707964
0.362 0.913339813510291
0.3625 0.912322731312618
0.363 0.911305649114945
0.3635 0.910288566917272
0.364 0.910288566917272
0.3645 0.909271484719599
0.365 0.908254402521926
0.3655 0.907237320324253
0.366 0.90622023812658
0.3665 0.905203155928908
0.367 0.905203155928908
0.3675 0.904186073731235
0.368 0.903168991533562
0.3685 0.902151909335889
0.369 0.901134827138216
0.3695 0.901134827138216
0.37 0.900117744940543
0.3705 0.89910066274287
0.371 0.898083580545197
0.3715 0.897066498347524
0.372 0.896049416149851
0.3725 0.896049416149851
0.373 0.895032333952178
0.3735 0.894015251754505
0.374 0.892998169556832
0.3745 0.891981087359159
0.375 0.890964005161486
0.3755 0.890964005161486
0.376 0.889946922963814
0.3765 0.888929840766141
0.377 0.887912758568468
0.3775 0.886895676370795
0.378 0.886895676370795
0.3785 0.885878594173122
0.379 0.884861511975449
0.3795 0.883844429777776
0.38 0.882827347580103
0.3805 0.88181026538243
0.381 0.88181026538243
0.3815 0.880793183184757
0.382 0.879776100987084
0.3825 0.878759018789411
0.383 0.877741936591738
0.3835 0.877741936591738
0.384 0.876724854394065
0.3845 0.875707772196393
0.385 0.87469068999872
0.3855 0.873673607801047
0.386 0.872656525603374
0.3865 0.872656525603374
0.387 0.871639443405701
0.3875 0.870622361208028
0.388 0.869605279010355
0.3885 0.868588196812682
0.389 0.868588196812682
0.3895 0.867571114615009
0.39 0.866554032417336
0.3905 0.865536950219663
0.391 0.86451986802199
0.3915 0.86451986802199
0.392 0.863502785824317
0.3925 0.862485703626644
0.393 0.861468621428972
0.3935 0.860451539231299
0.394 0.860451539231299
0.3945 0.859434457033626
0.395 0.858417374835953
0.3955 0.85740029263828
0.396 0.856383210440607
0.3965 0.855366128242934
0.397 0.855366128242934
0.3975 0.854349046045261
0.398 0.853331963847588
0.3985 0.852314881649915
0.399 0.851297799452242
0.3995 0.851297799452242
0.4 0.850280717254569
0.4005 0.849263635056896
0.401 0.848246552859223
0.4015 0.847229470661551
0.402 0.847229470661551
0.4025 0.846212388463878
0.403 0.845195306266205
0.4035 0.844178224068532
0.404 0.844178224068532
0.4045 0.843161141870859
0.405 0.842144059673186
0.4055 0.841126977475513
0.406 0.84010989527784
0.4065 0.84010989527784
0.407 0.839092813080167
0.4075 0.838075730882494
0.408 0.837058648684821
0.4085 0.836041566487148
0.409 0.836041566487148
0.4095 0.835024484289475
0.41 0.834007402091802
0.4105 0.83299031989413
0.411 0.831973237696457
0.4115 0.831973237696457
0.412 0.830956155498784
0.4125 0.829939073301111
0.413 0.828921991103438
0.4135 0.827904908905765
0.414 0.827904908905765
0.4145 0.826887826708092
0.415 0.825870744510419
0.4155 0.824853662312746
0.416 0.824853662312746
0.4165 0.823836580115073
0.417 0.8228194979174
0.4175 0.821802415719727
0.418 0.820785333522054
0.4185 0.820785333522054
0.419 0.819768251324381
0.4195 0.818751169126708
0.42 0.817734086929035
0.4205 0.816717004731363
0.421 0.816717004731363
0.4215 0.81569992253369
0.422 0.814682840336017
0.4225 0.813665758138344
0.423 0.813665758138344
0.4235 0.812648675940671
0.424 0.811631593742998
0.4245 0.810614511545325
0.425 0.809597429347652
0.4255 0.809597429347652
0.426 0.808580347149979
0.4265 0.807563264952306
0.427 0.806546182754633
0.4275 0.806546182754633
0.428 0.80552910055696
0.4285 0.804512018359287
0.429 0.803494936161614
0.4295 0.802477853963942
0.43 0.802477853963942
0.4305 0.801460771766269
0.431 0.800443689568596
0.4315 0.799426607370923
0.432 0.799426607370923
0.4325 0.79840952517325
0.433 0.797392442975577
0.4335 0.796375360777904
0.434 0.795358278580231
0.4345 0.795358278580231
0.435 0.794341196382558
0.4355 0.793324114184885
0.436 0.792307031987212
0.4365 0.792307031987212
0.437 0.791289949789539
0.4375 0.790272867591866
0.438 0.789255785394193
0.4385 0.789255785394193
0.439 0.788238703196521
0.4395 0.787221620998848
0.44 0.786204538801175
0.4405 0.785187456603502
0.441 0.785187456603502
0.4415 0.784170374405829
0.442 0.783153292208156
0.4425 0.782136210010483
0.443 0.782136210010483
0.4435 0.78111912781281
0.444 0.780102045615137
0.4445 0.779084963417464
0.445 0.779084963417464
0.4455 0.778067881219791
0.446 0.777050799022118
0.4465 0.776033716824445
0.447 0.775016634626773
0.4475 0.775016634626773
0.448 0.7739995524291
0.4485 0.772982470231427
0.449 0.771965388033754
0.4495 0.771965388033754
0.45 0.770948305836081
0.4505 0.769931223638408
0.451 0.768914141440735
0.4515 0.768914141440735
0.452 0.767897059243062
0.4525 0.766879977045389
0.453 0.765862894847716
0.4535 0.765862894847716
0.454 0.764845812650043
0.4545 0.76382873045237
0.455 0.762811648254697
0.4555 0.762811648254697
0.456 0.761794566057024
0.4565 0.760777483859352
0.457 0.759760401661679
0.4575 0.758743319464006
0.458 0.758743319464006
0.4585 0.757726237266333
0.459 0.75670915506866
0.4595 0.755692072870987
0.46 0.755692072870987
0.4605 0.754674990673314
0.461 0.753657908475641
0.4615 0.752640826277968
0.462 0.752640826277968
0.4625 0.751623744080295
0.463 0.750606661882622
0.4635 0.749589579684949
0.464 0.749589579684949
0.4645 0.748572497487276
0.465 0.747555415289603
0.4655 0.74653833309193
0.466 0.74653833309193
0.4665 0.745521250894257
0.467 0.744504168696585
0.4675 0.743487086498912
0.468 0.743487086498912
0.4685 0.742470004301239
0.469 0.741452922103566
0.4695 0.740435839905893
0.47 0.740435839905893
0.4705 0.73941875770822
0.471 0.738401675510547
0.4715 0.737384593312874
0.472 0.737384593312874
0.4725 0.736367511115201
0.473 0.735350428917528
0.4735 0.734333346719855
0.474 0.734333346719855
0.4745 0.733316264522182
0.475 0.732299182324509
0.4755 0.731282100126836
0.476 0.731282100126836
0.4765 0.730265017929164
0.477 0.729247935731491
0.4775 0.728230853533818
0.478 0.728230853533818
0.4785 0.727213771336145
0.479 0.726196689138472
0.4795 0.725179606940799
0.48 0.725179606940799
0.4805 0.724162524743126
0.481 0.723145442545453
0.4815 0.72212836034778
0.482 0.72212836034778
0.4825 0.721111278150107
0.483 0.720094195952434
0.4835 0.719077113754761
0.484 0.719077113754761
0.4845 0.718060031557088
0.485 0.717042949359415
0.4855 0.716025867161743
0.486 0.716025867161743
0.4865 0.71500878496407
0.487 0.713991702766397
0.4875 0.713991702766397
0.488 0.712974620568724
0.4885 0.711957538371051
0.489 0.710940456173378
0.4895 0.710940456173378
0.49 0.709923373975705
0.4905 0.708906291778032
0.491 0.707889209580359
0.4915 0.707889209580359
0.492 0.706872127382686
0.4925 0.705855045185013
0.493 0.70483796298734
0.4935 0.70483796298734
0.494 0.703820880789667
0.4945 0.702803798591994
0.495 0.701786716394322
0.4955 0.701786716394322
0.496 0.700769634196649
0.4965 0.699752551998976
0.497 0.698735469801303
0.4975 0.698735469801303
0.498 0.69771838760363
0.4985 0.696701305405957
0.499 0.696701305405957
0.4995 0.695684223208284
0.5 0.694667141010611
0.5005 0.693650058812938
0.501 0.693650058812938
0.5015 0.692632976615265
0.502 0.691615894417592
0.5025 0.690598812219919
0.503 0.690598812219919
0.5035 0.689581730022246
0.504 0.688564647824573
0.5045 0.687547565626901
0.505 0.687547565626901
0.5055 0.686530483429228
0.506 0.685513401231555
0.5065 0.685513401231555
0.507 0.684496319033882
0.5075 0.683479236836209
0.508 0.682462154638536
0.5085 0.682462154638536
0.509 0.681445072440863
0.5095 0.68042799024319
0.51 0.679410908045517
0.5105 0.679410908045517
0.511 0.678393825847844
0.5115 0.677376743650171
0.512 0.676359661452498
0.5125 0.676359661452498
0.513 0.675342579254825
0.5135 0.674325497057152
0.514 0.674325497057152
0.5145 0.67330841485948
0.515 0.672291332661807
0.5155 0.671274250464134
0.516 0.671274250464134
0.5165 0.670257168266461
0.517 0.669240086068788
0.5175 0.668223003871115
0.518 0.668223003871115
0.5185 0.667205921673442
0.519 0.666188839475769
0.5195 0.666188839475769
0.52 0.665171757278096
0.5205 0.664154675080423
0.521 0.66313759288275
0.5215 0.66313759288275
0.522 0.662120510685077
0.5225 0.661103428487404
0.523 0.660086346289731
0.5235 0.660086346289731
0.524 0.659069264092058
0.5245 0.658052181894386
0.525 0.658052181894386
0.5255 0.657035099696713
0.526 0.65601801749904
0.5265 0.655000935301367
0.527 0.655000935301367
0.5275 0.653983853103694
0.528 0.652966770906021
0.5285 0.652966770906021
0.529 0.651949688708348
0.5295 0.650932606510675
0.53 0.649915524313002
0.5305 0.649915524313002
0.531 0.648898442115329
0.5315 0.647881359917656
0.532 0.646864277719983
0.5325 0.646864277719983
0.533 0.64584719552231
0.5335 0.644830113324637
0.534 0.644830113324637
0.5345 0.643813031126965
0.535 0.642795948929292
0.5355 0.641778866731619
0.536 0.641778866731619
0.5365 0.640761784533946
0.537 0.639744702336273
0.5375 0.639744702336273
0.538 0.6387276201386
0.5385 0.637710537940927
0.539 0.636693455743254
0.5395 0.636693455743254
0.54 0.635676373545581
0.5405 0.634659291347908
0.541 0.634659291347908
0.5415 0.633642209150235
0.542 0.632625126952562
0.5425 0.631608044754889
0.543 0.631608044754889
0.5435 0.630590962557216
0.544 0.629573880359544
0.5445 0.628556798161871
0.545 0.628556798161871
0.5455 0.627539715964198
0.546 0.626522633766525
0.5465 0.626522633766525
0.547 0.625505551568852
0.5475 0.624488469371179
0.548 0.623471387173506
0.5485 0.623471387173506
0.549 0.622454304975833
0.5495 0.62143722277816
0.55 0.62143722277816
0.5505 0.620420140580487
0.551 0.619403058382814
0.5515 0.618385976185141
0.552 0.618385976185141
0.5525 0.617368893987468
0.553 0.616351811789795
0.5535 0.616351811789795
0.554 0.615334729592123
0.5545 0.61431764739445
0.555 0.613300565196777
0.5555 0.613300565196777
0.556 0.612283482999104
0.5565 0.611266400801431
0.557 0.611266400801431
0.5575 0.610249318603758
0.558 0.609232236406085
0.5585 0.608215154208412
0.559 0.608215154208412
0.5595 0.607198072010739
0.56 0.606180989813066
0.5605 0.606180989813066
0.561 0.605163907615393
0.5615 0.60414682541772
0.562 0.60414682541772
0.5625 0.603129743220047
0.563 0.602112661022374
0.5635 0.601095578824702
0.564 0.601095578824702
0.5645 0.600078496627029
0.565 0.599061414429356
0.5655 0.599061414429356
0.566 0.598044332231683
0.5665 0.59702725003401
0.567 0.596010167836337
0.5675 0.596010167836337
0.568 0.594993085638664
0.5685 0.593976003440991
0.569 0.593976003440991
0.5695 0.592958921243318
0.57 0.591941839045645
0.5705 0.590924756847972
0.571 0.590924756847972
0.5715 0.589907674650299
0.572 0.588890592452626
0.5725 0.588890592452626
0.573 0.587873510254953
0.5735 0.58685642805728
0.574 0.585839345859608
0.5745 0.585839345859608
0.575 0.584822263661935
0.5755 0.583805181464262
0.576 0.583805181464262
0.5765 0.582788099266589
0.577 0.581771017068916
0.5775 0.581771017068916
0.578 0.580753934871243
0.5785 0.57973685267357
0.579 0.578719770475897
0.5795 0.578719770475897
0.58 0.577702688278224
0.5805 0.576685606080551
0.581 0.576685606080551
0.5815 0.575668523882878
0.582 0.574651441685205
0.5825 0.573634359487532
0.583 0.573634359487532
0.5835 0.572617277289859
0.584 0.571600195092187
0.5845 0.571600195092187
0.585 0.570583112894514
0.5855 0.569566030696841
0.586 0.569566030696841
0.5865 0.568548948499168
0.587 0.567531866301495
0.5875 0.566514784103822
0.588 0.566514784103822
0.5885 0.565497701906149
0.589 0.564480619708476
0.5895 0.564480619708476
0.59 0.563463537510803
0.5905 0.56244645531313
0.591 0.56244645531313
0.5915 0.561429373115457
0.592 0.560412290917784
0.5925 0.559395208720111
0.593 0.559395208720111
0.5935 0.558378126522438
0.594 0.557361044324766
0.5945 0.557361044324766
0.595 0.556343962127093
0.5955 0.55532687992942
0.596 0.55532687992942
0.5965 0.554309797731747
0.597 0.553292715534074
0.5975 0.552275633336401
0.598 0.552275633336401
0.5985 0.551258551138728
0.599 0.550241468941055
0.5995 0.550241468941055
0.6 0.549224386743382
0.6005 0.548207304545709
0.601 0.547190222348036
0.6015 0.547190222348036
0.602 0.546173140150363
0.6025 0.54515605795269
0.603 0.54515605795269
0.6035 0.544138975755017
0.604 0.543121893557345
0.6045 0.543121893557345
0.605 0.542104811359672
0.6055 0.541087729161999
0.606 0.541087729161999
0.6065 0.540070646964326
0.607 0.539053564766653
0.6075 0.53803648256898
0.608 0.53803648256898
0.6085 0.537019400371307
0.609 0.536002318173634
0.6095 0.536002318173634
0.61 0.534985235975961
0.6105 0.533968153778288
0.611 0.533968153778288
0.6115 0.532951071580615
0.612 0.531933989382942
0.6125 0.530916907185269
0.613 0.530916907185269
0.6135 0.529899824987596
0.614 0.528882742789924
0.6145 0.528882742789924
0.615 0.527865660592251
0.6155 0.526848578394578
0.616 0.526848578394578
0.6165 0.525831496196905
0.617 0.524814413999232
0.6175 0.523797331801559
0.618 0.523797331801559
0.6185 0.522780249603886
0.619 0.521763167406213
0.6195 0.521763167406213
0.62 0.52074608520854
0.6205 0.519729003010867
0.621 0.519729003010867
0.6215 0.518711920813194
0.622 0.517694838615521
0.6225 0.517694838615521
0.623 0.516677756417848
0.6235 0.515660674220175
0.624 0.514643592022502
0.6245 0.514643592022502
0.625 0.513626509824829
0.6255 0.512609427627157
0.626 0.512609427627157
0.6265 0.511592345429484
0.627 0.510575263231811
0.6275 0.510575263231811
0.628 0.509558181034138
0.6285 0.508541098836465
0.629 0.507524016638792
0.6295 0.507524016638792
0.63 0.506506934441119
0.6305 0.505489852243446
0.631 0.505489852243446
0.6315 0.504472770045773
0.632 0.5034556878481
0.6325 0.5034556878481
0.633 0.502438605650427
0.6335 0.501421523452754
0.634 0.501421523452754
0.6345 0.500404441255081
0.635 0.499387359057408
0.6355 0.498370276859736
0.636 0.498370276859736
0.6365 0.497353194662063
0.637 0.49633611246439
0.6375 0.49633611246439
0.638 0.495319030266717
0.6385 0.494301948069044
0.639 0.494301948069044
0.6395 0.493284865871371
0.64 0.492267783673698
0.6405 0.492267783673698
0.641 0.491250701476025
0.6415 0.490233619278352
0.642 0.490233619278352
0.6425 0.489216537080679
0.643 0.488199454883006
0.6435 0.487182372685333
0.644 0.487182372685333
0.6445 0.48616529048766
0.645 0.485148208289988
0.6455 0.485148208289988
0.646 0.484131126092315
0.6465 0.483114043894642
0.647 0.483114043894642
0.6475 0.482096961696969
0.648 0.481079879499296
0.6485 0.481079879499296
0.649 0.480062797301623
0.6495 0.47904571510395
0.65 0.478028632906277
0.6505 0.478028632906277
0.651 0.477011550708604
0.6515 0.475994468510931
0.652 0.475994468510931
0.6525 0.474977386313258
0.653 0.473960304115585
0.6535 0.473960304115585
0.654 0.472943221917912
0.6545 0.471926139720239
0.655 0.471926139720239
0.6555 0.470909057522567
0.656 0.469891975324894
0.6565 0.469891975324894
0.657 0.468874893127221
0.6575 0.467857810929548
0.658 0.466840728731875
0.6585 0.466840728731875
0.659 0.465823646534202
0.6595 0.464806564336529
0.66 0.464806564336529
0.6605 0.463789482138856
0.661 0.462772399941183
0.6615 0.462772399941183
0.662 0.46175531774351
0.6625 0.460738235545837
0.663 0.460738235545837
0.6635 0.459721153348164
0.664 0.458704071150491
0.6645 0.458704071150491
0.665 0.457686988952818
0.6655 0.456669906755145
0.666 0.455652824557473
0.6665 0.455652824557473
0.667 0.4546357423598
0.6675 0.453618660162127
0.668 0.453618660162127
0.6685 0.452601577964454
0.669 0.451584495766781
0.6695 0.451584495766781
0.67 0.450567413569108
0.6705 0.449550331371435
0.671 0.449550331371435
0.6715 0.448533249173762
0.672 0.447516166976089
0.6725 0.447516166976089
0.673 0.446499084778416
0.6735 0.445482002580743
0.674 0.445482002580743
0.6745 0.44446492038307
0.675 0.443447838185397
0.6755 0.442430755987724
0.676 0.442430755987724
0.6765 0.441413673790052
0.677 0.440396591592379
0.6775 0.440396591592379
0.678 0.439379509394706
0.6785 0.438362427197033
0.679 0.438362427197033
0.6795 0.43734534499936
0.68 0.436328262801687
0.6805 0.436328262801687
0.681 0.435311180604014
0.6815 0.434294098406341
0.682 0.434294098406341
0.6825 0.433277016208668
0.683 0.432259934010995
0.6835 0.432259934010995
0.684 0.431242851813322
0.6845 0.430225769615649
0.685 0.429208687417976
0.6855 0.429208687417976
0.686 0.428191605220303
0.6865 0.42717452302263
0.687 0.42717452302263
0.6875 0.426157440824958
0.688 0.425140358627285
0.6885 0.425140358627285
0.689 0.424123276429612
0.6895 0.423106194231939
0.69 0.423106194231939
0.6905 0.422089112034266
0.691 0.421072029836593
0.6915 0.421072029836593
0.692 0.42005494763892
0.6925 0.419037865441247
0.693 0.419037865441247
0.6935 0.418020783243574
0.694 0.417003701045901
0.6945 0.415986618848228
0.695 0.415986618848228
0.6955 0.414969536650555
0.696 0.413952454452882
0.6965 0.413952454452882
0.697 0.412935372255209
0.6975 0.411918290057537
0.698 0.411918290057537
0.6985 0.410901207859864
0.699 0.409884125662191
0.6995 0.409884125662191
0.7 0.408867043464518
0.7005 0.407849961266845
0.701 0.407849961266845
0.7015 0.406832879069172
0.702 0.405815796871499
0.7025 0.405815796871499
0.703 0.404798714673826
0.7035 0.403781632476153
0.704 0.403781632476153
0.7045 0.40276455027848
0.705 0.401747468080807
0.7055 0.401747468080807
0.706 0.400730385883134
0.7065 0.399713303685461
0.707 0.398696221487788
0.7075 0.398696221487788
0.708 0.397679139290116
0.7085 0.396662057092443
0.709 0.396662057092443
0.7095 0.39564497489477
0.71 0.394627892697097
0.7105 0.394627892697097
0.711 0.393610810499424
0.7115 0.392593728301751
0.712 0.392593728301751
0.7125 0.391576646104078
0.713 0.390559563906405
0.7135 0.390559563906405
0.714 0.389542481708732
0.7145 0.388525399511059
0.715 0.388525399511059
0.7155 0.387508317313386
0.716 0.386491235115713
0.7165 0.386491235115713
0.717 0.38547415291804
0.7175 0.384457070720367
0.718 0.384457070720367
0.7185 0.383439988522695
0.719 0.382422906325022
0.7195 0.381405824127349
0.72 0.381405824127349
0.7205 0.380388741929676
0.721 0.379371659732003
0.7215 0.379371659732003
0.722 0.37835457753433
0.7225 0.377337495336657
0.723 0.377337495336657
0.7235 0.376320413138984
0.724 0.375303330941311
0.7245 0.375303330941311
0.725 0.374286248743638
0.7255 0.373269166545965
0.726 0.373269166545965
0.7265 0.372252084348292
0.727 0.371235002150619
0.7275 0.371235002150619
0.728 0.370217919952946
0.7285 0.369200837755274
0.729 0.369200837755274
0.7295 0.368183755557601
0.73 0.367166673359928
0.7305 0.367166673359928
0.731 0.366149591162255
0.7315 0.365132508964582
0.732 0.365132508964582
0.7325 0.364115426766909
0.733 0.363098344569236
0.7335 0.363098344569236
0.734 0.362081262371563
0.7345 0.36106418017389
0.735 0.360047097976217
0.7355 0.360047097976217
0.736 0.359030015778544
0.7365 0.358012933580871
0.737 0.358012933580871
0.7375 0.356995851383198
0.738 0.355978769185525
0.7385 0.355978769185525
0.739 0.354961686987852
0.7395 0.35394460479018
0.74 0.35394460479018
0.7405 0.352927522592507
0.741 0.351910440394834
0.7415 0.351910440394834
0.742 0.350893358197161
0.7425 0.349876275999488
0.743 0.349876275999488
0.7435 0.348859193801815
0.744 0.347842111604142
0.7445 0.347842111604142
0.745 0.346825029406469
0.7455 0.345807947208796
0.746 0.345807947208796
0.7465 0.344790865011123
0.747 0.34377378281345
0.7475 0.34377378281345
0.748 0.342756700615777
0.7485 0.341739618418104
0.749 0.341739618418104
0.7495 0.340722536220431
0.75 0.339705454022759
0.7505 0.339705454022759
0.751 0.338688371825086
0.7515 0.337671289627413
0.752 0.33665420742974
0.7525 0.33665420742974
0.753 0.335637125232067
0.7535 0.334620043034394
0.754 0.334620043034394
0.7545 0.333602960836721
0.755 0.332585878639048
0.7555 0.332585878639048
0.756 0.331568796441375
0.7565 0.330551714243702
0.757 0.330551714243702
0.7575 0.329534632046029
0.758 0.328517549848356
0.7585 0.328517549848356
0.759 0.327500467650683
0.7595 0.32648338545301
0.76 0.32648338545301
0.7605 0.325466303255338
0.761 0.324449221057665
0.7615 0.324449221057665
0.762 0.323432138859992
0.7625 0.322415056662319
0.763 0.322415056662319
0.7635 0.321397974464646
0.764 0.320380892266973
0.7645 0.320380892266973
0.765 0.3193638100693
0.7655 0.318346727871627
0.766 0.318346727871627
0.7665 0.317329645673954
0.767 0.316312563476281
0.7675 0.316312563476281
0.768 0.315295481278608
0.7685 0.314278399080935
0.769 0.314278399080935
0.7695 0.313261316883262
0.77 0.312244234685589
0.7705 0.312244234685589
0.771 0.311227152487916
0.7715 0.310210070290244
0.772 0.310210070290244
0.7725 0.309192988092571
0.773 0.308175905894898
0.7735 0.308175905894898
0.774 0.307158823697225
0.7745 0.306141741499552
0.775 0.305124659301879
0.7755 0.305124659301879
0.776 0.304107577104206
0.7765 0.303090494906533
0.777 0.303090494906533
0.7775 0.30207341270886
0.778 0.301056330511187
0.7785 0.301056330511187
0.779 0.300039248313514
0.7795 0.299022166115841
0.78 0.299022166115841
0.7805 0.298005083918168
0.781 0.296988001720495
0.7815 0.296988001720495
0.782 0.295970919522823
0.7825 0.29495383732515
0.783 0.29495383732515
0.7835 0.293936755127477
0.784 0.292919672929804
0.7845 0.292919672929804
0.785 0.291902590732131
0.7855 0.290885508534458
0.786 0.290885508534458
0.7865 0.289868426336785
0.787 0.288851344139112
0.7875 0.288851344139112
0.788 0.287834261941439
0.7885 0.286817179743766
0.789 0.286817179743766
0.7895 0.285800097546093
0.79 0.28478301534842
0.7905 0.28478301534842
0.791 0.283765933150747
0.7915 0.282748850953075
0.792 0.282748850953075
0.7925 0.281731768755402
0.793 0.280714686557729
0.7935 0.280714686557729
0.794 0.279697604360056
0.7945 0.278680522162383
0.795 0.278680522162383
0.7955 0.27766343996471
0.796 0.276646357767037
0.7965 0.276646357767037
0.797 0.275629275569364
0.7975 0.274612193371691
0.798 0.274612193371691
0.7985 0.273595111174018
0.799 0.272578028976345
0.7995 0.272578028976345
0.8 0.271560946778672
0.8005 0.270543864580999
0.801 0.270543864580999
0.8015 0.269526782383326
0.802 0.268509700185653
0.8025 0.268509700185653
0.803 0.267492617987981
0.8035 0.266475535790308
0.804 0.266475535790308
0.8045 0.265458453592635
0.805 0.264441371394962
0.8055 0.263424289197289
0.806 0.263424289197289
0.8065 0.262407206999616
0.807 0.261390124801943
0.8075 0.261390124801943
0.808 0.26037304260427
0.8085 0.259355960406597
0.809 0.259355960406597
0.8095 0.258338878208924
0.81 0.257321796011251
0.8105 0.257321796011251
0.811 0.256304713813578
0.8115 0.255287631615905
0.812 0.255287631615905
0.8125 0.254270549418232
0.813 0.25325346722056
0.8135 0.25325346722056
0.814 0.252236385022887
0.8145 0.251219302825214
0.815 0.251219302825214
0.8155 0.250202220627541
0.816 0.249185138429868
0.8165 0.249185138429868
0.817 0.248168056232195
0.8175 0.247150974034522
0.818 0.247150974034522
0.8185 0.246133891836849
0.819 0.245116809639176
0.8195 0.245116809639176
0.82 0.244099727441503
0.8205 0.24308264524383
0.821 0.24308264524383
0.8215 0.242065563046157
0.822 0.241048480848484
0.8225 0.241048480848484
0.823 0.240031398650811
0.8235 0.239014316453139
0.824 0.239014316453139
0.8245 0.237997234255466
0.825 0.236980152057793
0.8255 0.236980152057793
0.826 0.23596306986012
0.8265 0.234945987662447
0.827 0.234945987662447
0.8275 0.233928905464774
0.828 0.232911823267101
0.8285 0.232911823267101
0.829 0.231894741069428
0.8295 0.230877658871755
0.83 0.230877658871755
0.8305 0.229860576674082
0.831 0.228843494476409
0.8315 0.228843494476409
0.832 0.227826412278736
0.8325 0.226809330081063
0.833 0.226809330081063
0.8335 0.22579224788339
0.834 0.224775165685717
0.8345 0.224775165685717
0.835 0.223758083488045
0.8355 0.222741001290372
0.836 0.222741001290372
0.8365 0.221723919092699
0.837 0.220706836895026
0.8375 0.220706836895026
0.838 0.219689754697353
0.8385 0.21867267249968
0.839 0.21867267249968
0.8395 0.217655590302007
0.84 0.216638508104334
0.8405 0.216638508104334
0.841 0.215621425906661
0.8415 0.214604343708988
0.842 0.214604343708988
0.8425 0.213587261511315
0.843 0.212570179313642
0.8435 0.212570179313642
0.844 0.211553097115969
0.8445 0.210536014918296
0.845 0.210536014918296
0.8455 0.209518932720624
0.846 0.208501850522951
0.8465 0.208501850522951
0.847 0.207484768325278
0.8475 0.206467686127605
0.848 0.206467686127605
0.8485 0.205450603929932
0.849 0.204433521732259
0.8495 0.204433521732259
0.85 0.203416439534586
0.8505 0.202399357336913
0.851 0.202399357336913
0.8515 0.20138227513924
0.852 0.200365192941567
0.8525 0.200365192941567
0.853 0.199348110743894
0.8535 0.198331028546221
0.854 0.198331028546221
0.8545 0.197313946348548
0.855 0.196296864150875
0.8555 0.196296864150875
0.856 0.195279781953203
0.8565 0.19426269975553
0.857 0.19426269975553
0.8575 0.193245617557857
0.858 0.192228535360184
0.8585 0.192228535360184
0.859 0.191211453162511
0.8595 0.190194370964838
0.86 0.190194370964838
0.8605 0.189177288767165
0.861 0.188160206569492
0.8615 0.188160206569492
0.862 0.187143124371819
0.8625 0.186126042174146
0.863 0.186126042174146
0.8635 0.185108959976473
0.864 0.1840918777788
0.8645 0.1840918777788
0.865 0.183074795581127
0.8655 0.182057713383454
0.866 0.182057713383454
0.8665 0.181040631185782
0.867 0.180023548988109
0.8675 0.180023548988109
0.868 0.179006466790436
0.8685 0.177989384592763
0.869 0.177989384592763
0.8695 0.17697230239509
0.87 0.175955220197417
0.8705 0.174938137999744
0.871 0.174938137999744
0.8715 0.173921055802071
0.872 0.172903973604398
0.8725 0.172903973604398
0.873 0.171886891406725
0.8735 0.170869809209052
0.874 0.170869809209052
0.8745 0.169852727011379
0.875 0.168835644813706
0.8755 0.168835644813706
0.876 0.167818562616033
0.8765 0.16680148041836
0.877 0.16680148041836
0.8775 0.165784398220688
0.878 0.164767316023015
0.8785 0.164767316023015
0.879 0.163750233825342
0.8795 0.162733151627669
0.88 0.162733151627669
0.8805 0.161716069429996
0.881 0.160698987232323
0.8815 0.160698987232323
0.882 0.15968190503465
0.8825 0.158664822836977
0.883 0.158664822836977
0.8835 0.157647740639304
0.884 0.156630658441631
0.8845 0.156630658441631
0.885 0.155613576243958
0.8855 0.154596494046285
0.886 0.154596494046285
0.8865 0.153579411848612
0.887 0.152562329650939
0.8875 0.152562329650939
0.888 0.151545247453267
0.8885 0.150528165255594
0.889 0.150528165255594
0.8895 0.149511083057921
0.89 0.148494000860248
0.8905 0.148494000860248
0.891 0.147476918662575
0.8915 0.146459836464902
0.892 0.146459836464902
0.8925 0.145442754267229
0.893 0.144425672069556
0.8935 0.144425672069556
0.894 0.143408589871883
0.8945 0.14239150767421
0.895 0.14239150767421
0.8955 0.141374425476537
0.896 0.140357343278864
0.8965 0.140357343278864
0.897 0.139340261081191
0.8975 0.138323178883518
0.898 0.138323178883518
0.8985 0.137306096685846
0.899 0.136289014488173
0.8995 0.136289014488173
0.9 0.1352719322905
0.9005 0.134254850092827
0.901 0.134254850092827
0.9015 0.133237767895154
0.902 0.132220685697481
0.9025 0.132220685697481
0.903 0.131203603499808
0.9035 0.130186521302135
0.904 0.130186521302135
0.9045 0.129169439104462
0.905 0.128152356906789
0.9055 0.128152356906789
0.906 0.127135274709116
0.9065 0.126118192511443
0.907 0.126118192511443
0.9075 0.12510111031377
0.908 0.124084028116097
0.9085 0.124084028116097
0.909 0.123066945918425
0.9095 0.122049863720752
0.91 0.122049863720752
0.9105 0.121032781523079
0.911 0.120015699325406
0.9115 0.120015699325406
0.912 0.118998617127733
0.9125 0.11798153493006
0.913 0.11798153493006
0.9135 0.116964452732387
0.914 0.115947370534714
0.9145 0.115947370534714
0.915 0.114930288337041
0.9155 0.113913206139368
0.916 0.113913206139368
0.9165 0.112896123941695
0.917 0.111879041744022
0.9175 0.111879041744022
0.918 0.110861959546349
0.9185 0.109844877348676
0.919 0.109844877348676
0.9195 0.108827795151003
0.92 0.107810712953331
0.9205 0.107810712953331
0.921 0.106793630755658
0.9215 0.105776548557985
0.922 0.105776548557985
0.9225 0.104759466360312
0.923 0.103742384162639
0.9235 0.103742384162639
0.924 0.102725301964966
0.9245 0.101708219767293
0.925 0.101708219767293
0.9255 0.10069113756962
0.926 0.0996740553719471
0.9265 0.0996740553719471
0.927 0.0986569731742742
0.9275 0.0976398909766013
0.928 0.0976398909766013
0.9285 0.0966228087789283
0.929 0.0956057265812554
0.9295 0.0956057265812554
0.93 0.0945886443835825
0.9305 0.0935715621859095
0.931 0.0935715621859095
0.9315 0.0925544799882366
0.932 0.0915373977905637
0.9325 0.0915373977905637
0.933 0.0905203155928908
0.9335 0.0895032333952178
0.934 0.0895032333952178
0.9345 0.0884861511975449
0.935 0.087469068999872
0.9355 0.087469068999872
0.936 0.086451986802199
0.9365 0.0854349046045261
0.937 0.0854349046045261
0.9375 0.0844178224068532
0.938 0.0834007402091802
0.9385 0.0834007402091802
0.939 0.0823836580115073
0.9395 0.0823836580115073
0.94 0.0813665758138344
0.9405 0.0803494936161614
0.941 0.0803494936161614
0.9415 0.0793324114184885
0.942 0.0783153292208156
0.9425 0.0783153292208156
0.943 0.0772982470231427
0.9435 0.0762811648254697
0.944 0.0762811648254697
0.9445 0.0752640826277968
0.945 0.0742470004301239
0.9455 0.0742470004301239
0.946 0.0732299182324509
0.9465 0.072212836034778
0.947 0.072212836034778
0.9475 0.0711957538371051
0.948 0.0701786716394322
0.9485 0.0701786716394322
0.949 0.0691615894417592
0.9495 0.0681445072440863
0.95 0.0681445072440863
0.9505 0.0671274250464134
0.951 0.0661103428487404
0.9515 0.0661103428487404
0.952 0.0650932606510675
0.9525 0.0640761784533946
0.953 0.0640761784533946
0.9535 0.0630590962557216
0.954 0.0620420140580487
0.9545 0.0620420140580487
0.955 0.0610249318603758
0.9555 0.0600078496627029
0.956 0.0600078496627029
0.9565 0.0589907674650299
0.957 0.057973685267357
0.9575 0.057973685267357
0.958 0.0569566030696841
0.9585 0.0559395208720111
0.959 0.0559395208720111
0.9595 0.0549224386743382
0.96 0.0539053564766653
0.9605 0.0539053564766653
0.961 0.0528882742789923
0.9615 0.0518711920813194
0.962 0.0518711920813194
0.9625 0.0508541098836465
0.963 0.0498370276859736
0.9635 0.0498370276859736
0.964 0.0488199454883006
0.9645 0.0478028632906277
0.965 0.0478028632906277
0.9655 0.0467857810929548
0.966 0.0457686988952818
0.9665 0.0457686988952818
0.967 0.0447516166976089
0.9675 0.043734534499936
0.968 0.043734534499936
0.9685 0.0427174523022631
0.969 0.0417003701045901
0.9695 0.0417003701045901
0.97 0.0406832879069172
0.9705 0.0396662057092443
0.971 0.0396662057092443
0.9715 0.0386491235115713
0.972 0.0376320413138984
0.9725 0.0376320413138984
0.973 0.0366149591162255
0.9735 0.0355978769185525
0.974 0.0355978769185525
0.9745 0.0345807947208796
0.975 0.0335637125232067
0.9755 0.0335637125232067
0.976 0.0325466303255338
0.9765 0.0315295481278608
0.977 0.0315295481278608
0.9775 0.0305124659301879
0.978 0.029495383732515
0.9785 0.029495383732515
0.979 0.028478301534842
0.9795 0.0274612193371691
0.98 0.0274612193371691
0.9805 0.0264441371394962
0.981 0.0254270549418232
0.9815 0.0254270549418232
0.982 0.0244099727441503
0.9825 0.0233928905464774
0.983 0.0233928905464774
0.9835 0.0223758083488045
0.984 0.0213587261511315
0.9845 0.0213587261511315
0.985 0.0203416439534586
0.9855 0.0193245617557857
0.986 0.0193245617557857
0.9865 0.0183074795581127
0.987 0.0172903973604398
0.9875 0.0172903973604398
0.988 0.0162733151627669
0.9885 0.0152562329650939
0.989 0.0152562329650939
0.9895 0.014239150767421
0.99 0.0132220685697481
0.9905 0.0132220685697481
0.991 0.0122049863720752
0.9915 0.0111879041744022
0.992 0.0111879041744022
0.9925 0.0101708219767293
0.993 0.00915373977905637
0.9935 0.00915373977905637
0.994 0.00813665758138344
0.9945 0.00711957538371051
0.995 0.00711957538371051
0.9955 0.00610249318603758
0.996 0.00508541098836465
0.9965 0.00508541098836465
0.997 0.00406832879069172
0.9975 0.00305124659301879
0.998 0.00305124659301879
0.9985 0.00203416439534586
0.999 0.00101708219767293
0.9995 0.00101708219767293
1 0
