"EPS" "T"
5e-04 3.10468986789519
0.001 2.97748238829788
0.0015 2.87716429463172
0.002 2.80373558689669
0.0025 2.74581998642962
0.003 2.69721225032333
0.0035 2.65584396427543
0.004 2.61964671398351
0.0045 2.58655208514519
0.005 2.55759428491166
0.0055 2.53070489898052
0.006 2.50588392735178
0.0065 2.48313137002543
0.007 2.46244722700148
0.0075 2.44176308397753
0.008 2.42314735525597
0.0085 2.40556583368561
0.009 2.38901851926645
0.0095 2.37247120484729
0.01 2.35799230473052
0.0105 2.34351340461376
0.011 2.32903450449699
0.0115 2.31558981153142
0.012 2.30317932571705
0.0125 2.29076883990268
0.013 2.2793925612395
0.0135 2.26698207542513
0.014 2.25664000391316
0.0145 2.24526372524998
0.015 2.23492165373801
0.0155 2.22457958222603
0.016 2.21527171786525
0.0165 2.20596385350448
0.017 2.1966559891437
0.0175 2.18734812478292
0.018 2.17804026042214
0.0185 2.16976660321256
0.019 2.16149294600298
0.0195 2.1532192887934
0.02 2.14494563158382
0.0205 2.13770618152543
0.021 2.12943252431585
0.0215 2.12219307425747
0.022 2.11495362419909
0.0225 2.1077141741407
0.023 2.10047472408232
0.0235 2.09426948117513
0.024 2.08703003111675
0.0245 2.07979058105837
0.025 2.07358533815118
0.0255 2.067380095244
0.026 2.06117485233681
0.0265 2.05496960942963
0.027 2.04876436652244
0.0275 2.04255912361525
0.028 2.03635388070807
0.0285 2.03118284495208
0.029 2.0249776020449
0.0295 2.01980656628891
0.03 2.01360132338172
0.0305 2.00843028762573
0.031 2.00325925186975
0.0315 1.99808821611376
0.032 1.99291718035777
0.0325 1.98774614460178
0.033 1.98257510884579
0.0335 1.97740407308981
0.034 1.97223303733382
0.0345 1.96706200157783
0.035 1.96189096582184
0.0355 1.95775413721705
0.036 1.95258310146106
0.0365 1.94844627285627
0.037 1.94327523710029
0.0375 1.9391384084955
0.038 1.93396737273951
0.0385 1.92983054413472
0.039 1.92569371552993
0.0395 1.92155688692514
0.04 1.91742005832035
0.0405 1.91224902256436
0.041 1.90811219395957
0.0415 1.90397536535478
0.042 1.89983853674999
0.0425 1.8957017081452
0.043 1.89156487954041
0.0435 1.88742805093561
0.044 1.88432542948202
0.0445 1.88018860087723
0.045 1.87605177227244
0.0455 1.87191494366765
0.046 1.86881232221406
0.0465 1.86467549360927
0.047 1.86053866500448
0.0475 1.85743604355088
0.048 1.85329921494609
0.0485 1.8501965934925
0.049 1.84605976488771
0.0495 1.84295714343412
0.05 1.83882031482933
0.0505 1.83571769337574
0.051 1.83158086477094
0.0515 1.82847824331735
0.052 1.82537562186376
0.0525 1.82123879325897
0.053 1.81813617180538
0.0535 1.81503355035178
0.054 1.81193092889819
0.0545 1.8088283074446
0.055 1.80469147883981
0.0555 1.80158885738621
0.056 1.79848623593262
0.0565 1.79538361447903
0.057 1.79228099302544
0.0575 1.78917837157184
0.058 1.78607575011825
0.0585 1.78297312866466
0.059 1.77987050721106
0.0595 1.77676788575747
0.06 1.77366526430388
0.0605 1.77056264285029
0.061 1.76746002139669
0.0615 1.7643573999431
0.062 1.76125477848951
0.0625 1.75815215703592
0.063 1.75608374273352
0.0635 1.75298112127993
0.064 1.74987849982633
0.0645 1.74677587837274
0.065 1.74470746407035
0.0655 1.74160484261675
0.066 1.73850222116316
0.0665 1.73539959970957
0.067 1.73333118540717
0.0675 1.73022856395358
0.068 1.72712594249999
0.0685 1.72505752819759
0.069 1.721954906744
0.0695 1.71885228529041
0.07 1.71678387098801
0.0705 1.71368124953442
0.071 1.71161283523202
0.0715 1.70851021377843
0.072 1.70644179947604
0.0725 1.70333917802244
0.073 1.70127076372005
0.0735 1.69816814226645
0.074 1.69609972796406
0.0745 1.69299710651047
0.075 1.69092869220807
0.0755 1.68782607075448
0.076 1.68575765645208
0.0765 1.68368924214969
0.077 1.6805866206961
0.0775 1.6785182063937
0.078 1.67541558494011
0.0785 1.67334717063771
0.079 1.67127875633532
0.0795 1.66817613488172
0.08 1.66610772057933
0.0805 1.66403930627693
0.081 1.66093668482334
0.0815 1.65886827052095
0.082 1.65679985621855
0.0825 1.65473144191616
0.083 1.65162882046256
0.0835 1.64956040616017
0.084 1.64749199185777
0.0845 1.64542357755538
0.085 1.64232095610178
0.0855 1.64025254179939
0.086 1.63818412749699
0.0865 1.6361157131946
0.087 1.6340472988922
0.0875 1.63197888458981
0.088 1.62887626313622
0.0885 1.62680784883382
0.089 1.62473943453143
0.0895 1.62267102022903
0.09 1.62060260592663
0.0905 1.61853419162424
0.091 1.61646577732184
0.0915 1.61439736301945
0.092 1.61232894871705
0.0925 1.61026053441466
0.093 1.60715791296107
0.0935 1.60508949865867
0.094 1.60302108435628
0.0945 1.60095267005388
0.095 1.59888425575149
0.0955 1.59681584144909
0.096 1.5947474271467
0.0965 1.5926790128443
0.097 1.5906105985419
0.0975 1.58854218423951
0.098 1.58647376993711
0.0985 1.58440535563472
0.099 1.58233694133232
0.0995 1.58026852702993
0.1 1.57923431987873
0.1005 1.57716590557634
0.101 1.57509749127394
0.1015 1.57302907697155
0.102 1.57096066266915
0.1025 1.56889224836676
0.103 1.56682383406436
0.1035 1.56475541976196
0.104 1.56268700545957
0.1045 1.56061859115717
0.105 1.55958438400598
0.1055 1.55751596970358
0.106 1.55544755540119
0.1065 1.55337914109879
0.107 1.5513107267964
0.1075 1.549242312494
0.108 1.54717389819161
0.1085 1.54613969104041
0.109 1.54407127673801
0.1095 1.54200286243562
0.11 1.53993444813322
0.1105 1.53786603383083
0.111 1.53683182667963
0.1115 1.53476341237723
0.112 1.53269499807484
0.1125 1.53062658377244
0.113 1.52959237662125
0.1135 1.52752396231885
0.114 1.52545554801646
0.1145 1.52338713371406
0.115 1.52235292656286
0.1155 1.52028451226047
0.116 1.51821609795807
0.1165 1.51614768365568
0.117 1.51511347650448
0.1175 1.51304506220208
0.118 1.51097664789969
0.1185 1.50994244074849
0.119 1.5078740264461
0.1195 1.5058056121437
0.12 1.50373719784131
0.1205 1.50270299069011
0.121 1.50063457638771
0.1215 1.49856616208532
0.122 1.49753195493412
0.1225 1.49546354063173
0.123 1.49339512632933
0.1235 1.49236091917813
0.124 1.49029250487574
0.1245 1.48925829772454
0.125 1.48718988342214
0.1255 1.48512146911975
0.126 1.48408726196855
0.1265 1.48201884766616
0.127 1.47995043336376
0.1275 1.47891622621256
0.128 1.47684781191017
0.1285 1.47581360475897
0.129 1.47374519045658
0.1295 1.47167677615418
0.13 1.47064256900298
0.1305 1.46857415470059
0.131 1.46753994754939
0.1315 1.465471533247
0.132 1.4644373260958
0.1325 1.4623689117934
0.133 1.46030049749101
0.1335 1.45926629033981
0.134 1.45719787603741
0.1345 1.45616366888622
0.135 1.45409525458382
0.1355 1.45306104743262
0.136 1.45099263313023
0.1365 1.44995842597903
0.137 1.44789001167664
0.1375 1.44685580452544
0.138 1.44478739022304
0.1385 1.44375318307185
0.139 1.44168476876945
0.1395 1.44065056161825
0.14 1.43858214731586
0.1405 1.43754794016466
0.141 1.43547952586227
0.1415 1.43444531871107
0.142 1.43237690440867
0.1425 1.43134269725747
0.143 1.42927428295508
0.1435 1.42824007580388
0.144 1.42617166150149
0.1445 1.42513745435029
0.145 1.42306904004789
0.1455 1.4220348328967
0.146 1.4199664185943
0.1465 1.4189322114431
0.147 1.41686379714071
0.1475 1.41582958998951
0.148 1.41479538283831
0.1485 1.41272696853592
0.149 1.41169276138472
0.1495 1.40962434708233
0.15 1.40859013993113
0.1505 1.40652172562873
0.151 1.40548751847753
0.1515 1.40445331132634
0.152 1.40238489702394
0.1525 1.40135068987274
0.153 1.39928227557035
0.1535 1.39824806841915
0.154 1.39617965411676
0.1545 1.39514544696556
0.155 1.39411123981436
0.1555 1.39204282551197
0.156 1.39100861836077
0.1565 1.38997441120957
0.157 1.38790599690718
0.1575 1.38687178975598
0.158 1.38480337545358
0.1585 1.38376916830239
0.159 1.38273496115119
0.1595 1.38066654684879
0.16 1.37963233969759
0.1605 1.3785981325464
0.161 1.376529718244
0.1615 1.3754955110928
0.162 1.37446130394161
0.1625 1.37239288963921
0.163 1.37135868248801
0.1635 1.36929026818562
0.164 1.36825606103442
0.1645 1.36722185388322
0.165 1.36515343958083
0.1655 1.36411923242963
0.166 1.36308502527843
0.1665 1.36101661097604
0.167 1.35998240382484
0.1675 1.35894819667364
0.168 1.35791398952245
0.1685 1.35584557522005
0.169 1.35481136806885
0.1695 1.35377716091765
0.17 1.35170874661526
0.1705 1.35067453946406
0.171 1.34964033231286
0.1715 1.34757191801047
0.172 1.34653771085927
0.1725 1.34550350370807
0.173 1.34343508940568
0.1735 1.34240088225448
0.174 1.34136667510328
0.1745 1.34033246795209
0.175 1.33826405364969
0.1755 1.33722984649849
0.176 1.3361956393473
0.1765 1.3351614321961
0.177 1.3330930178937
0.1775 1.33205881074251
0.178 1.33102460359131
0.1785 1.32895618928891
0.179 1.32792198213771
0.1795 1.32688777498652
0.18 1.32585356783532
0.1805 1.32378515353292
0.181 1.32275094638173
0.1815 1.32171673923053
0.182 1.32068253207933
0.1825 1.31861411777694
0.183 1.31757991062574
0.1835 1.31654570347454
0.184 1.31551149632334
0.1845 1.31344308202095
0.185 1.31240887486975
0.1855 1.31137466771855
0.186 1.31034046056736
0.1865 1.30930625341616
0.187 1.30723783911376
0.1875 1.30620363196257
0.188 1.30516942481137
0.1885 1.30413521766017
0.189 1.30206680335777
0.1895 1.30103259620658
0.19 1.29999838905538
0.1905 1.29896418190418
0.191 1.29792997475298
0.1915 1.29586156045059
0.192 1.29482735329939
0.1925 1.29379314614819
0.193 1.292758938997
0.1935 1.2917247318458
0.194 1.2896563175434
0.1945 1.28862211039221
0.195 1.28758790324101
0.1955 1.28655369608981
0.196 1.28551948893861
0.1965 1.28345107463622
0.197 1.28241686748502
0.1975 1.28138266033382
0.198 1.28034845318263
0.1985 1.27931424603143
0.199 1.27828003888023
0.1995 1.27621162457783
0.2 1.27517741742664
0.2005 1.27414321027544
0.201 1.27310900312424
0.2015 1.27207479597304
0.202 1.27104058882185
0.2025 1.26897217451945
0.203 1.26793796736825
0.2035 1.26690376021706
0.204 1.26586955306586
0.2045 1.26483534591466
0.205 1.26380113876346
0.2055 1.26173272446107
0.206 1.26069851730987
0.2065 1.25966431015867
0.207 1.25863010300748
0.2075 1.25759589585628
0.208 1.25656168870508
0.2085 1.25552748155388
0.209 1.25345906725149
0.2095 1.25242486010029
0.21 1.25139065294909
0.2105 1.2503564457979
0.211 1.2493222386467
0.2115 1.2482880314955
0.212 1.2472538243443
0.2125 1.2462196171931
0.213 1.24415120289071
0.2135 1.24311699573951
0.214 1.24208278858831
0.2145 1.24104858143712
0.215 1.24001437428592
0.2155 1.23898016713472
0.216 1.23794595998352
0.2165 1.23691175283233
0.217 1.23484333852993
0.2175 1.23380913137873
0.218 1.23277492422754
0.2185 1.23174071707634
0.219 1.23070650992514
0.2195 1.22967230277394
0.22 1.22863809562275
0.2205 1.22760388847155
0.221 1.22656968132035
0.2215 1.22553547416915
0.222 1.22346705986676
0.2225 1.22243285271556
0.223 1.22139864556436
0.2235 1.22036443841316
0.224 1.21933023126197
0.2245 1.21829602411077
0.225 1.21726181695957
0.2255 1.21622760980837
0.226 1.21519340265718
0.2265 1.21415919550598
0.227 1.21312498835478
0.2275 1.21209078120358
0.228 1.21002236690119
0.2285 1.20898815974999
0.229 1.20795395259879
0.2295 1.2069197454476
0.23 1.2058855382964
0.2305 1.2048513311452
0.231 1.203817123994
0.2315 1.20278291684281
0.232 1.20174870969161
0.2325 1.20071450254041
0.233 1.19968029538921
0.2335 1.19864608823802
0.234 1.19761188108682
0.2345 1.19657767393562
0.235 1.19554346678442
0.2355 1.19347505248203
0.236 1.19244084533083
0.2365 1.19140663817963
0.237 1.19037243102843
0.2375 1.18933822387724
0.238 1.18830401672604
0.2385 1.18726980957484
0.239 1.18623560242364
0.2395 1.18520139527245
0.24 1.18416718812125
0.2405 1.18313298097005
0.241 1.18209877381885
0.2415 1.18106456666766
0.242 1.18003035951646
0.2425 1.17899615236526
0.243 1.17796194521406
0.2435 1.17692773806287
0.244 1.17589353091167
0.2445 1.17485932376047
0.245 1.17382511660927
0.2455 1.17279090945808
0.246 1.17175670230688
0.2465 1.17072249515568
0.247 1.16968828800448
0.2475 1.16761987370209
0.248 1.16658566655089
0.2485 1.16555145939969
0.249 1.16451725224849
0.2495 1.1634830450973
0.25 1.1624488379461
0.2505 1.1614146307949
0.251 1.1603804236437
0.2515 1.15934621649251
0.252 1.15831200934131
0.2525 1.15727780219011
0.253 1.15624359503891
0.2535 1.15520938788772
0.254 1.15417518073652
0.2545 1.15314097358532
0.255 1.15210676643412
0.2555 1.15107255928293
0.256 1.15003835213173
0.2565 1.14900414498053
0.257 1.14796993782933
0.2575 1.14693573067814
0.258 1.14590152352694
0.2585 1.14486731637574
0.259 1.14383310922454
0.2595 1.14279890207335
0.26 1.14176469492215
0.2605 1.14073048777095
0.261 1.13969628061975
0.2615 1.13866207346855
0.262 1.13762786631736
0.2625 1.13659365916616
0.263 1.13555945201496
0.2635 1.13452524486376
0.264 1.13349103771257
0.2645 1.13245683056137
0.265 1.13142262341017
0.2655 1.13038841625897
0.266 1.12935420910778
0.2665 1.12832000195658
0.267 1.12728579480538
0.2675 1.12625158765418
0.268 1.12521738050299
0.2685 1.12418317335179
0.269 1.12418317335179
0.2695 1.12314896620059
0.27 1.12211475904939
0.2705 1.1210805518982
0.271 1.120046344747
0.2715 1.1190121375958
0.272 1.1179779304446
0.2725 1.1169437232934
0.273 1.11590951614221
0.2735 1.11487530899101
0.274 1.11384110183981
0.2745 1.11280689468861
0.275 1.11177268753742
0.2755 1.11073848038622
0.276 1.10970427323502
0.2765 1.10867006608382
0.277 1.10763585893263
0.2775 1.10660165178143
0.278 1.10556744463023
0.2785 1.10453323747903
0.279 1.10349903032784
0.2795 1.10246482317664
0.28 1.10143061602544
0.2805 1.10039640887424
0.281 1.09936220172305
0.2815 1.09832799457185
0.282 1.09729378742065
0.2825 1.09729378742065
0.283 1.09625958026945
0.2835 1.09522537311826
0.284 1.09419116596706
0.2845 1.09315695881586
0.285 1.09212275166466
0.2855 1.09108854451347
0.286 1.09005433736227
0.2865 1.08902013021107
0.287 1.08798592305987
0.2875 1.08695171590867
0.288 1.08591750875748
0.2885 1.08488330160628
0.289 1.08384909445508
0.2895 1.08281488730388
0.29 1.08178068015269
0.2905 1.08074647300149
0.291 1.07971226585029
0.2915 1.07971226585029
0.292 1.07867805869909
0.2925 1.0776438515479
0.293 1.0766096443967
0.2935 1.0755754372455
0.294 1.0745412300943
0.2945 1.07350702294311
0.295 1.07247281579191
0.2955 1.07143860864071
0.296 1.07040440148951
0.2965 1.06937019433832
0.297 1.06833598718712
0.2975 1.06730178003592
0.298 1.06626757288472
0.2985 1.06626757288472
0.299 1.06523336573353
0.2995 1.06419915858233
0.3 1.06316495143113
0.3005 1.06213074427993
0.301 1.06109653712873
0.3015 1.06006232997754
0.302 1.05902812282634
0.3025 1.05799391567514
0.303 1.05695970852394
0.3035 1.05592550137275
0.304 1.05489129422155
0.3045 1.05489129422155
0.305 1.05385708707035
0.3055 1.05282287991915
0.306 1.05178867276796
0.3065 1.05075446561676
0.307 1.04972025846556
0.3075 1.04868605131436
0.308 1.04765184416317
0.3085 1.04661763701197
0.309 1.04558342986077
0.3095 1.04454922270957
0.31 1.04454922270957
0.3105 1.04351501555838
0.311 1.04248080840718
0.3115 1.04144660125598
0.312 1.04041239410478
0.3125 1.03937818695359
0.313 1.03834397980239
0.3135 1.03730977265119
0.314 1.03627556549999
0.3145 1.03524135834879
0.315 1.03524135834879
0.3155 1.0342071511976
0.316 1.0331729440464
0.3165 1.0321387368952
0.317 1.031104529744
0.3175 1.03007032259281
0.318 1.02903611544161
0.3185 1.02800190829041
0.319 1.02696770113921
0.3195 1.02593349398802
0.32 1.02593349398802
0.3205 1.02489928683682
0.321 1.02386507968562
0.3215 1.02283087253442
0.322 1.02179666538323
0.3225 1.02076245823203
0.323 1.01972825108083
0.3235 1.01869404392963
0.324 1.01765983677844
0.3245 1.01765983677844
0.325 1.01662562962724
0.3255 1.01559142247604
0.326 1.01455721532484
0.3265 1.01352300817365
0.327 1.01248880102245
0.3275 1.01145459387125
0.328 1.01042038672005
0.3285 1.01042038672005
0.329 1.00938617956886
0.3295 1.00835197241766
0.33 1.00731776526646
0.3305 1.00628355811526
0.331 1.00524935096406
0.3315 1.00421514381287
0.332 1.00318093666167
0.3325 1.00318093666167
0.333 1.00214672951047
0.3335 1.00111252235927
0.334 1.00007831520808
0.3345 0.999044108056879
0.335 0.998009900905681
0.3355 0.996975693754484
0.336 0.995941486603286
0.3365 0.995941486603286
0.337 0.994907279452089
0.3375 0.993873072300891
0.338 0.992838865149693
0.3385 0.991804657998496
0.339 0.990770450847298
0.3395 0.989736243696101
0.34 0.989736243696101
0.3405 0.988702036544903
0.341 0.987667829393705
0.3415 0.986633622242508
0.342 0.98559941509131
0.3425 0.984565207940113
0.343 0.983531000788915
0.3435 0.982496793637717
0.344 0.982496793637717
0.3445 0.98146258648652
0.345 0.980428379335322
0.3455 0.979394172184125
0.346 0.978359965032927
0.3465 0.977325757881729
0.347 0.976291550730532
0.3475 0.976291550730532
0.348 0.975257343579334
0.3485 0.974223136428137
0.349 0.973188929276939
0.3495 0.972154722125741
0.35 0.971120514974544
0.3505 0.970086307823346
0.351 0.970086307823346
0.3515 0.969052100672149
0.352 0.968017893520951
0.3525 0.966983686369754
0.353 0.965949479218556
0.3535 0.964915272067358
0.354 0.964915272067358
0.3545 0.963881064916161
0.355 0.962846857764963
0.3555 0.961812650613766
0.356 0.960778443462568
0.3565 0.95974423631137
0.357 0.958710029160173
0.3575 0.958710029160173
0.358 0.957675822008975
0.3585 0.956641614857778
0.359 0.95560740770658
0.3595 0.954573200555382
0.36 0.953538993404185
0.3605 0.953538993404185
0.361 0.952504786252987
0.3615 0.95147057910179
0.362 0.950436371950592
0.3625 0.949402164799394
0.363 0.948367957648197
0.3635 0.948367957648197
0.364 0.947333750496999
0.3645 0.946299543345802
0.365 0.945265336194604
0.3655 0.944231129043406
0.366 0.943196921892209
0.3665 0.942162714741011
0.367 0.942162714741011
0.3675 0.941128507589813
0.368 0.940094300438616
0.3685 0.939060093287418
0.369 0.938025886136221
0.3695 0.936991678985023
0.37 0.936991678985023
0.3705 0.935957471833825
0.371 0.934923264682628
0.3715 0.93388905753143
0.372 0.932854850380233
0.3725 0.931820643229035
0.373 0.931820643229035
0.3735 0.930786436077838
0.374 0.92975222892664
0.3745 0.928718021775442
0.375 0.927683814624245
0.3755 0.927683814624245
0.376 0.926649607473047
0.3765 0.92561540032185
0.377 0.924581193170652
0.3775 0.923546986019454
0.378 0.922512778868257
0.3785 0.922512778868257
0.379 0.921478571717059
0.3795 0.920444364565862
0.38 0.919410157414664
0.3805 0.918375950263466
0.381 0.917341743112269
0.3815 0.917341743112269
0.382 0.916307535961071
0.3825 0.915273328809874
0.383 0.914239121658676
0.3835 0.913204914507478
0.384 0.913204914507478
0.3845 0.912170707356281
0.385 0.911136500205083
0.3855 0.910102293053886
0.386 0.909068085902688
0.3865 0.90803387875149
0.387 0.90803387875149
0.3875 0.906999671600293
0.388 0.905965464449095
0.3885 0.904931257297898
0.389 0.9038970501467
0.3895 0.9038970501467
0.39 0.902862842995502
0.3905 0.901828635844305
0.391 0.900794428693107
0.3915 0.89976022154191
0.392 0.898726014390712
0.3925 0.898726014390712
0.393 0.897691807239514
0.3935 0.896657600088317
0.394 0.895623392937119
0.3945 0.894589185785922
0.395 0.894589185785922
0.3955 0.893554978634724
0.396 0.892520771483526
0.3965 0.891486564332329
0.397 0.890452357181131
0.3975 0.890452357181131
0.398 0.889418150029934
0.3985 0.888383942878736
0.399 0.887349735727539
0.3995 0.886315528576341
0.4 0.886315528576341
0.4005 0.885281321425143
0.401 0.884247114273946
0.4015 0.883212907122748
0.402 0.882178699971551
0.4025 0.882178699971551
0.403 0.881144492820353
0.4035 0.880110285669155
0.404 0.879076078517958
0.4045 0.87804187136676
0.405 0.87804187136676
0.4055 0.877007664215563
0.406 0.875973457064365
0.4065 0.874939249913167
0.407 0.87390504276197
0.4075 0.87390504276197
0.408 0.872870835610772
0.4085 0.871836628459575
0.409 0.870802421308377
0.4095 0.869768214157179
0.41 0.869768214157179
0.4105 0.868734007005982
0.411 0.867699799854784
0.4115 0.866665592703587
0.412 0.865631385552389
0.4125 0.865631385552389
0.413 0.864597178401191
0.4135 0.863562971249994
0.414 0.862528764098796
0.4145 0.861494556947599
0.415 0.861494556947599
0.4155 0.860460349796401
0.416 0.859426142645203
0.4165 0.858391935494006
0.417 0.857357728342808
0.4175 0.857357728342808
0.418 0.856323521191611
0.4185 0.855289314040413
0.419 0.854255106889215
0.4195 0.853220899738018
0.42 0.853220899738018
0.4205 0.85218669258682
0.421 0.851152485435623
0.4215 0.850118278284425
0.422 0.849084071133227
0.4225 0.849084071133227
0.423 0.84804986398203
0.4235 0.847015656830832
0.424 0.845981449679635
0.4245 0.845981449679635
0.425 0.844947242528437
0.4255 0.843913035377239
0.426 0.842878828226042
0.4265 0.841844621074844
0.427 0.841844621074844
0.4275 0.840810413923647
0.428 0.839776206772449
0.4285 0.838741999621251
0.429 0.837707792470054
0.4295 0.837707792470054
0.43 0.836673585318856
0.4305 0.835639378167659
0.431 0.834605171016461
0.4315 0.834605171016461
0.432 0.833570963865263
0.4325 0.832536756714066
0.433 0.831502549562868
0.4335 0.830468342411671
0.434 0.830468342411671
0.4345 0.829434135260473
0.435 0.828399928109275
0.4355 0.827365720958078
0.436 0.827365720958078
0.4365 0.82633151380688
0.437 0.825297306655683
0.4375 0.824263099504485
0.438 0.823228892353287
0.4385 0.823228892353287
0.439 0.82219468520209
0.4395 0.821160478050892
0.44 0.820126270899695
0.4405 0.820126270899695
0.441 0.819092063748497
0.4415 0.818057856597299
0.442 0.817023649446102
0.4425 0.815989442294904
0.443 0.815989442294904
0.4435 0.814955235143707
0.444 0.813921027992509
0.4445 0.812886820841311
0.445 0.812886820841311
0.4455 0.811852613690114
0.446 0.810818406538916
0.4465 0.809784199387719
0.447 0.808749992236521
0.4475 0.808749992236521
0.448 0.807715785085323
0.4485 0.806681577934126
0.449 0.805647370782928
0.4495 0.805647370782928
0.45 0.804613163631731
0.4505 0.803578956480533
0.451 0.802544749329336
0.4515 0.802544749329336
0.452 0.801510542178138
0.4525 0.80047633502694
0.453 0.799442127875743
0.4535 0.798407920724545
0.454 0.798407920724545
0.4545 0.797373713573348
0.455 0.79633950642215
0.4555 0.795305299270952
0.456 0.795305299270952
0.4565 0.794271092119755
0.457 0.793236884968557
0.4575 0.79220267781736
0.458 0.79220267781736
0.4585 0.791168470666162
0.459 0.790134263514964
0.4595 0.789100056363767
0.46 0.788065849212569
0.4605 0.788065849212569
0.461 0.787031642061372
0.4615 0.785997434910174
0.462 0.784963227758976
0.4625 0.784963227758976
0.463 0.783929020607779
0.4635 0.782894813456581
0.464 0.781860606305384
0.4645 0.781860606305384
0.465 0.780826399154186
0.4655 0.779792192002988
0.466 0.778757984851791
0.4665 0.778757984851791
0.467 0.777723777700593
0.4675 0.776689570549396
0.468 0.775655363398198
0.4685 0.774621156247
0.469 0.774621156247
0.4695 0.773586949095803
0.47 0.772552741944605
0.4705 0.771518534793408
0.471 0.771518534793408
0.4715 0.77048432764221
0.472 0.769450120491012
0.4725 0.768415913339815
0.473 0.768415913339815
0.4735 0.767381706188617
0.474 0.76634749903742
0.4745 0.765313291886222
0.475 0.765313291886222
0.4755 0.764279084735024
0.476 0.763244877583827
0.4765 0.762210670432629
0.477 0.762210670432629
0.4775 0.761176463281432
0.478 0.760142256130234
0.4785 0.759108048979036
0.479 0.759108048979036
0.4795 0.758073841827839
0.48 0.757039634676641
0.4805 0.756005427525444
0.481 0.756005427525444
0.4815 0.754971220374246
0.482 0.753937013223048
0.4825 0.752902806071851
0.483 0.752902806071851
0.4835 0.751868598920653
0.484 0.750834391769456
0.4845 0.749800184618258
0.485 0.74876597746706
0.4855 0.74876597746706
0.486 0.747731770315863
0.4865 0.746697563164665
0.487 0.745663356013468
0.4875 0.745663356013468
0.488 0.74462914886227
0.4885 0.743594941711072
0.489 0.742560734559875
0.4895 0.742560734559875
0.49 0.741526527408677
0.4905 0.74049232025748
0.491 0.739458113106282
0.4915 0.739458113106282
0.492 0.738423905955084
0.4925 0.737389698803887
0.493 0.736355491652689
0.4935 0.736355491652689
0.494 0.735321284501492
0.4945 0.734287077350294
0.495 0.733252870199096
0.4955 0.733252870199096
0.496 0.732218663047899
0.4965 0.731184455896701
0.497 0.730150248745504
0.4975 0.730150248745504
0.498 0.729116041594306
0.4985 0.728081834443108
0.499 0.727047627291911
0.4995 0.727047627291911
0.5 0.726013420140713
0.5005 0.724979212989516
0.501 0.724979212989516
0.5015 0.723945005838318
0.502 0.72291079868712
0.5025 0.721876591535923
0.503 0.721876591535923
0.5035 0.720842384384725
0.504 0.719808177233528
0.5045 0.71877397008233
0.505 0.71877397008233
0.5055 0.717739762931133
0.506 0.716705555779935
0.5065 0.715671348628737
0.507 0.715671348628737
0.5075 0.71463714147754
0.508 0.713602934326342
0.5085 0.712568727175145
0.509 0.712568727175145
0.5095 0.711534520023947
0.51 0.710500312872749
0.5105 0.709466105721552
0.511 0.709466105721552
0.5115 0.708431898570354
0.512 0.707397691419157
0.5125 0.706363484267959
0.513 0.706363484267959
0.5135 0.705329277116761
0.514 0.704295069965564
0.5145 0.703260862814366
0.515 0.703260862814366
0.5155 0.702226655663169
0.516 0.701192448511971
0.5165 0.700158241360773
0.517 0.700158241360773
0.5175 0.699124034209576
0.518 0.698089827058378
0.5185 0.698089827058378
0.519 0.697055619907181
0.5195 0.696021412755983
0.52 0.694987205604785
0.5205 0.694987205604785
0.521 0.693952998453588
0.5215 0.69291879130239
0.522 0.691884584151193
0.5225 0.691884584151193
0.523 0.690850376999995
0.5235 0.689816169848797
0.524 0.6887819626976
0.5245 0.6887819626976
0.525 0.687747755546402
0.5255 0.686713548395205
0.526 0.685679341244007
0.5265 0.685679341244007
0.527 0.684645134092809
0.5275 0.683610926941612
0.528 0.683610926941612
0.5285 0.682576719790414
0.529 0.681542512639217
0.5295 0.680508305488019
0.53 0.680508305488019
0.5305 0.679474098336821
0.531 0.678439891185624
0.5315 0.677405684034426
0.532 0.677405684034426
0.5325 0.676371476883229
0.533 0.675337269732031
0.5335 0.674303062580833
0.534 0.674303062580833
0.5345 0.673268855429636
0.535 0.672234648278438
0.5355 0.672234648278438
0.536 0.671200441127241
0.5365 0.670166233976043
0.537 0.669132026824845
0.5375 0.669132026824845
0.538 0.668097819673648
0.5385 0.66706361252245
0.539 0.666029405371253
0.5395 0.666029405371253
0.54 0.664995198220055
0.5405 0.663960991068857
0.541 0.66292678391766
0.5415 0.66292678391766
0.542 0.661892576766462
0.5425 0.660858369615265
0.543 0.660858369615265
0.5435 0.659824162464067
0.544 0.658789955312869
0.5445 0.657755748161672
0.545 0.657755748161672
0.5455 0.656721541010474
0.546 0.655687333859277
0.5465 0.654653126708079
0.547 0.654653126708079
0.5475 0.653618919556881
0.548 0.652584712405684
0.5485 0.652584712405684
0.549 0.651550505254486
0.5495 0.650516298103289
0.55 0.649482090952091
0.5505 0.649482090952091
0.551 0.648447883800893
0.5515 0.647413676649696
0.552 0.646379469498498
0.5525 0.646379469498498
0.553 0.645345262347301
0.5535 0.644311055196103
0.554 0.643276848044905
0.5545 0.643276848044905
0.555 0.642242640893708
0.5555 0.64120843374251
0.556 0.64120843374251
0.5565 0.640174226591313
0.557 0.639140019440115
0.5575 0.638105812288917
0.558 0.638105812288917
0.5585 0.63707160513772
0.559 0.636037397986522
0.5595 0.636037397986522
0.56 0.635003190835325
0.5605 0.633968983684127
0.561 0.63293477653293
0.5615 0.63293477653293
0.562 0.631900569381732
0.5625 0.630866362230534
0.563 0.629832155079337
0.5635 0.629832155079337
0.564 0.628797947928139
0.5645 0.627763740776942
0.565 0.627763740776942
0.5655 0.626729533625744
0.566 0.625695326474546
0.5665 0.624661119323349
0.567 0.624661119323349
0.5675 0.623626912172151
0.568 0.622592705020954
0.5685 0.621558497869756
0.569 0.621558497869756
0.5695 0.620524290718558
0.57 0.619490083567361
0.5705 0.619490083567361
0.571 0.618455876416163
0.5715 0.617421669264966
0.572 0.616387462113768
0.5725 0.616387462113768
0.573 0.61535325496257
0.5735 0.614319047811373
0.574 0.614319047811373
0.5745 0.613284840660175
0.575 0.612250633508978
0.5755 0.61121642635778
0.576 0.61121642635778
0.5765 0.610182219206582
0.577 0.609148012055385
0.5775 0.608113804904187
0.578 0.608113804904187
0.5785 0.60707959775299
0.579 0.606045390601792
0.5795 0.606045390601792
0.58 0.605011183450594
0.5805 0.603976976299397
0.581 0.602942769148199
0.5815 0.602942769148199
0.582 0.601908561997002
0.5825 0.600874354845804
0.583 0.600874354845804
0.5835 0.599840147694606
0.584 0.598805940543409
0.5845 0.597771733392211
0.585 0.597771733392211
0.5855 0.596737526241014
0.586 0.595703319089816
0.5865 0.595703319089816
0.587 0.594669111938618
0.5875 0.593634904787421
0.588 0.592600697636223
0.5885 0.592600697636223
0.589 0.591566490485026
0.5895 0.590532283333828
0.59 0.589498076182631
0.5905 0.589498076182631
0.591 0.588463869031433
0.5915 0.587429661880235
0.592 0.587429661880235
0.5925 0.586395454729038
0.593 0.58536124757784
0.5935 0.584327040426643
0.594 0.584327040426643
0.5945 0.583292833275445
0.595 0.582258626124247
0.5955 0.582258626124247
0.596 0.58122441897305
0.5965 0.580190211821852
0.597 0.579156004670655
0.5975 0.579156004670655
0.598 0.578121797519457
0.5985 0.577087590368259
0.599 0.577087590368259
0.5995 0.576053383217062
0.6 0.575019176065864
0.6005 0.573984968914667
0.601 0.573984968914667
0.6015 0.572950761763469
0.602 0.571916554612271
0.6025 0.571916554612271
0.603 0.570882347461074
0.6035 0.569848140309876
0.604 0.568813933158679
0.6045 0.568813933158679
0.605 0.567779726007481
0.6055 0.566745518856283
0.606 0.566745518856283
0.6065 0.565711311705086
0.607 0.564677104553888
0.6075 0.56364289740269
0.608 0.56364289740269
0.6085 0.562608690251493
0.609 0.561574483100295
0.6095 0.561574483100295
0.61 0.560540275949098
0.6105 0.5595060687979
0.611 0.558471861646702
0.6115 0.558471861646702
0.612 0.557437654495505
0.6125 0.556403447344307
0.613 0.556403447344307
0.6135 0.55536924019311
0.614 0.554335033041912
0.6145 0.553300825890714
0.615 0.553300825890714
0.6155 0.552266618739517
0.616 0.551232411588319
0.6165 0.551232411588319
0.617 0.550198204437122
0.6175 0.549163997285924
0.618 0.548129790134727
0.6185 0.548129790134727
0.619 0.547095582983529
0.6195 0.546061375832331
0.62 0.546061375832331
0.6205 0.545027168681134
0.621 0.543992961529936
0.6215 0.543992961529936
0.622 0.542958754378739
0.6225 0.541924547227541
0.623 0.540890340076343
0.6235 0.540890340076343
0.624 0.539856132925146
0.6245 0.538821925773948
0.625 0.538821925773948
0.6255 0.537787718622751
0.626 0.536753511471553
0.6265 0.535719304320355
0.627 0.535719304320355
0.6275 0.534685097169158
0.628 0.53365089001796
0.6285 0.53365089001796
0.629 0.532616682866763
0.6295 0.531582475715565
0.63 0.530548268564367
0.6305 0.530548268564367
0.631 0.52951406141317
0.6315 0.528479854261972
0.632 0.528479854261972
0.6325 0.527445647110775
0.633 0.526411439959577
0.6335 0.525377232808379
0.634 0.525377232808379
0.6345 0.524343025657182
0.635 0.523308818505984
0.6355 0.523308818505984
0.636 0.522274611354787
0.6365 0.521240404203589
0.637 0.521240404203589
0.6375 0.520206197052391
0.638 0.519171989901194
0.6385 0.518137782749996
0.639 0.518137782749996
0.6395 0.517103575598799
0.64 0.516069368447601
0.6405 0.516069368447601
0.641 0.515035161296403
0.6415 0.514000954145206
0.642 0.512966746994008
0.6425 0.512966746994008
0.643 0.511932539842811
0.6435 0.510898332691613
0.644 0.510898332691613
0.6445 0.509864125540415
0.645 0.508829918389218
0.6455 0.50779571123802
0.646 0.50779571123802
0.6465 0.506761504086823
0.647 0.505727296935625
0.6475 0.505727296935625
0.648 0.504693089784428
0.6485 0.50365888263323
0.649 0.50365888263323
0.6495 0.502624675482032
0.65 0.501590468330835
0.6505 0.500556261179637
0.651 0.500556261179637
0.6515 0.499522054028439
0.652 0.498487846877242
0.6525 0.498487846877242
0.653 0.497453639726044
0.6535 0.496419432574847
0.654 0.495385225423649
0.6545 0.495385225423649
0.655 0.494351018272451
0.6555 0.493316811121254
0.656 0.493316811121254
0.6565 0.492282603970056
0.657 0.491248396818859
0.6575 0.491248396818859
0.658 0.490214189667661
0.6585 0.489179982516463
0.659 0.488145775365266
0.6595 0.488145775365266
0.66 0.487111568214068
0.6605 0.486077361062871
0.661 0.486077361062871
0.6615 0.485043153911673
0.662 0.484008946760476
0.6625 0.482974739609278
0.663 0.482974739609278
0.6635 0.48194053245808
0.664 0.480906325306883
0.6645 0.480906325306883
0.665 0.479872118155685
0.6655 0.478837911004488
0.666 0.478837911004488
0.6665 0.47780370385329
0.667 0.476769496702092
0.6675 0.475735289550895
0.668 0.475735289550895
0.6685 0.474701082399697
0.669 0.4736668752485
0.6695 0.4736668752485
0.67 0.472632668097302
0.6705 0.471598460946104
0.671 0.471598460946104
0.6715 0.470564253794907
0.672 0.469530046643709
0.6725 0.468495839492512
0.673 0.468495839492512
0.6735 0.467461632341314
0.674 0.466427425190116
0.6745 0.466427425190116
0.675 0.465393218038919
0.6755 0.464359010887721
0.676 0.464359010887721
0.6765 0.463324803736524
0.677 0.462290596585326
0.6775 0.461256389434128
0.678 0.461256389434128
0.6785 0.460222182282931
0.679 0.459187975131733
0.6795 0.459187975131733
0.68 0.458153767980536
0.6805 0.457119560829338
0.681 0.45608535367814
0.6815 0.45608535367814
0.682 0.455051146526943
0.6825 0.454016939375745
0.683 0.454016939375745
0.6835 0.452982732224548
0.684 0.45194852507335
0.6845 0.45194852507335
0.685 0.450914317922152
0.6855 0.449880110770955
0.686 0.448845903619757
0.6865 0.448845903619757
0.687 0.44781169646856
0.6875 0.446777489317362
0.688 0.446777489317362
0.6885 0.445743282166164
0.689 0.444709075014967
0.6895 0.444709075014967
0.69 0.443674867863769
0.6905 0.442640660712572
0.691 0.441606453561374
0.6915 0.441606453561374
0.692 0.440572246410176
0.6925 0.439538039258979
0.693 0.439538039258979
0.6935 0.438503832107781
0.694 0.437469624956584
0.6945 0.437469624956584
0.695 0.436435417805386
0.6955 0.435401210654188
0.696 0.434367003502991
0.6965 0.434367003502991
0.697 0.433332796351793
0.6975 0.432298589200596
0.698 0.432298589200596
0.6985 0.431264382049398
0.699 0.4302301748982
0.6995 0.4302301748982
0.7 0.429195967747003
0.7005 0.428161760595805
0.701 0.427127553444608
0.7015 0.427127553444608
0.702 0.42609334629341
0.7025 0.425059139142212
0.703 0.425059139142212
0.7035 0.424024931991015
0.704 0.422990724839817
0.7045 0.422990724839817
0.705 0.42195651768862
0.7055 0.420922310537422
0.706 0.419888103386225
0.7065 0.419888103386225
0.707 0.418853896235027
0.7075 0.417819689083829
0.708 0.417819689083829
0.7085 0.416785481932632
0.709 0.415751274781434
0.7095 0.415751274781434
0.71 0.414717067630237
0.7105 0.413682860479039
0.711 0.412648653327841
0.7115 0.412648653327841
0.712 0.411614446176644
0.7125 0.410580239025446
0.713 0.410580239025446
0.7135 0.409546031874249
0.714 0.408511824723051
0.7145 0.408511824723051
0.715 0.407477617571853
0.7155 0.406443410420656
0.716 0.405409203269458
0.7165 0.405409203269458
0.717 0.404374996118261
0.7175 0.403340788967063
0.718 0.403340788967063
0.7185 0.402306581815865
0.719 0.401272374664668
0.7195 0.401272374664668
0.72 0.40023816751347
0.7205 0.399203960362273
0.721 0.399203960362273
0.7215 0.398169753211075
0.722 0.397135546059877
0.7225 0.39610133890868
0.723 0.39610133890868
0.7235 0.395067131757482
0.724 0.394032924606285
0.7245 0.394032924606285
0.725 0.392998717455087
0.7255 0.391964510303889
0.726 0.391964510303889
0.7265 0.390930303152692
0.727 0.389896096001494
0.7275 0.388861888850297
0.728 0.388861888850297
0.7285 0.387827681699099
0.729 0.386793474547901
0.7295 0.386793474547901
0.73 0.385759267396704
0.7305 0.384725060245506
0.731 0.384725060245506
0.7315 0.383690853094309
0.732 0.382656645943111
0.7325 0.381622438791913
0.733 0.381622438791913
0.7335 0.380588231640716
0.734 0.379554024489518
0.7345 0.379554024489518
0.735 0.378519817338321
0.7355 0.377485610187123
0.736 0.377485610187123
0.7365 0.376451403035925
0.737 0.375417195884728
0.7375 0.375417195884728
0.738 0.37438298873353
0.7385 0.373348781582333
0.739 0.372314574431135
0.7395 0.372314574431135
0.74 0.371280367279937
0.7405 0.37024616012874
0.741 0.37024616012874
0.7415 0.369211952977542
0.742 0.368177745826345
0.7425 0.368177745826345
0.743 0.367143538675147
0.7435 0.366109331523949
0.744 0.365075124372752
0.7445 0.365075124372752
0.745 0.364040917221554
0.7455 0.363006710070357
0.746 0.363006710070357
0.7465 0.361972502919159
0.747 0.360938295767961
0.7475 0.360938295767961
0.748 0.359904088616764
0.7485 0.358869881465566
0.749 0.358869881465566
0.7495 0.357835674314369
0.75 0.356801467163171
0.7505 0.355767260011973
0.751 0.355767260011973
0.7515 0.354733052860776
0.752 0.353698845709578
0.7525 0.353698845709578
0.753 0.352664638558381
0.7535 0.351630431407183
0.754 0.351630431407183
0.7545 0.350596224255985
0.755 0.349562017104788
0.7555 0.34852780995359
0.756 0.34852780995359
0.7565 0.347493602802393
0.757 0.346459395651195
0.7575 0.346459395651195
0.758 0.345425188499997
0.7585 0.3443909813488
0.759 0.3443909813488
0.7595 0.343356774197602
0.76 0.342322567046405
0.7605 0.342322567046405
0.761 0.341288359895207
0.7615 0.340254152744009
0.762 0.339219945592812
0.7625 0.339219945592812
0.763 0.338185738441614
0.7635 0.337151531290417
0.764 0.337151531290417
0.7645 0.336117324139219
0.765 0.335083116988022
0.7655 0.335083116988022
0.766 0.334048909836824
0.7665 0.333014702685626
0.767 0.333014702685626
0.7675 0.331980495534429
0.768 0.330946288383231
0.7685 0.329912081232034
0.769 0.329912081232034
0.7695 0.328877874080836
0.77 0.327843666929638
0.7705 0.327843666929638
0.771 0.326809459778441
0.7715 0.325775252627243
0.772 0.325775252627243
0.7725 0.324741045476046
0.773 0.323706838324848
0.7735 0.32267263117365
0.774 0.32267263117365
0.7745 0.321638424022453
0.775 0.320604216871255
0.7755 0.320604216871255
0.776 0.319570009720058
0.7765 0.31853580256886
0.777 0.31853580256886
0.7775 0.317501595417662
0.778 0.316467388266465
0.7785 0.316467388266465
0.779 0.315433181115267
0.7795 0.31439897396407
0.78 0.313364766812872
0.7805 0.313364766812872
0.781 0.312330559661674
0.7815 0.311296352510477
0.782 0.311296352510477
0.7825 0.310262145359279
0.783 0.309227938208082
0.7835 0.309227938208082
0.784 0.308193731056884
0.7845 0.307159523905686
0.785 0.307159523905686
0.7855 0.306125316754489
0.786 0.305091109603291
0.7865 0.304056902452094
0.787 0.304056902452094
0.7875 0.303022695300896
0.788 0.301988488149698
0.7885 0.301988488149698
0.789 0.300954280998501
0.7895 0.299920073847303
0.79 0.299920073847303
0.7905 0.298885866696106
0.791 0.297851659544908
0.7915 0.297851659544908
0.792 0.29681745239371
0.7925 0.295783245242513
0.793 0.294749038091315
0.7935 0.294749038091315
0.794 0.293714830940118
0.7945 0.29268062378892
0.795 0.29268062378892
0.7955 0.291646416637722
0.796 0.290612209486525
0.7965 0.290612209486525
0.797 0.289578002335327
0.7975 0.28854379518413
0.798 0.28854379518413
0.7985 0.287509588032932
0.799 0.286475380881734
0.7995 0.285441173730537
0.8 0.285441173730537
0.8005 0.284406966579339
0.801 0.283372759428142
0.8015 0.283372759428142
0.802 0.282338552276944
0.8025 0.281304345125746
0.803 0.281304345125746
0.8035 0.280270137974549
0.804 0.279235930823351
0.8045 0.279235930823351
0.805 0.278201723672154
0.8055 0.277167516520956
0.806 0.276133309369758
0.8065 0.276133309369758
0.807 0.275099102218561
0.8075 0.274064895067363
0.808 0.274064895067363
0.8085 0.273030687916166
0.809 0.271996480764968
0.8095 0.271996480764968
0.81 0.270962273613771
0.8105 0.269928066462573
0.811 0.269928066462573
0.8115 0.268893859311375
0.812 0.267859652160178
0.8125 0.26682544500898
0.813 0.26682544500898
0.8135 0.265791237857783
0.814 0.264757030706585
0.8145 0.264757030706585
0.815 0.263722823555387
0.8155 0.26268861640419
0.816 0.26268861640419
0.8165 0.261654409252992
0.817 0.260620202101795
0.8175 0.260620202101795
0.818 0.259585994950597
0.8185 0.258551787799399
0.819 0.257517580648202
0.8195 0.257517580648202
0.82 0.256483373497004
0.8205 0.255449166345807
0.821 0.255449166345807
0.8215 0.254414959194609
0.822 0.253380752043411
0.8225 0.253380752043411
0.823 0.252346544892214
0.8235 0.251312337741016
0.824 0.251312337741016
0.8245 0.250278130589819
0.825 0.249243923438621
0.8255 0.248209716287423
0.826 0.248209716287423
0.8265 0.247175509136226
0.827 0.246141301985028
0.8275 0.246141301985028
0.828 0.245107094833831
0.8285 0.244072887682633
0.829 0.244072887682633
0.8295 0.243038680531435
0.83 0.242004473380238
0.8305 0.242004473380238
0.831 0.24097026622904
0.8315 0.239936059077843
0.832 0.239936059077843
0.8325 0.238901851926645
0.833 0.237867644775447
0.8335 0.23683343762425
0.834 0.23683343762425
0.8345 0.235799230473052
0.835 0.234765023321855
0.8355 0.234765023321855
0.836 0.233730816170657
0.8365 0.232696609019459
0.837 0.232696609019459
0.8375 0.231662401868262
0.838 0.230628194717064
0.8385 0.230628194717064
0.839 0.229593987565867
0.8395 0.228559780414669
0.84 0.227525573263471
0.8405 0.227525573263471
0.841 0.226491366112274
0.8415 0.225457158961076
0.842 0.225457158961076
0.8425 0.224422951809879
0.843 0.223388744658681
0.8435 0.223388744658681
0.844 0.222354537507483
0.8445 0.221320330356286
0.845 0.221320330356286
0.8455 0.220286123205088
0.846 0.219251916053891
0.8465 0.218217708902693
0.847 0.218217708902693
0.8475 0.217183501751495
0.848 0.216149294600298
0.8485 0.216149294600298
0.849 0.2151150874491
0.8495 0.214080880297903
0.85 0.214080880297903
0.8505 0.213046673146705
0.851 0.212012465995507
0.8515 0.212012465995507
0.852 0.21097825884431
0.8525 0.209944051693112
0.853 0.209944051693112
0.8535 0.208909844541915
0.854 0.207875637390717
0.8545 0.206841430239519
0.855 0.206841430239519
0.8555 0.205807223088322
0.856 0.204773015937124
0.8565 0.204773015937124
0.857 0.203738808785927
0.8575 0.202704601634729
0.858 0.202704601634729
0.8585 0.201670394483531
0.859 0.200636187332334
0.8595 0.200636187332334
0.86 0.199601980181136
0.8605 0.198567773029939
0.861 0.197533565878741
0.8615 0.197533565878741
0.862 0.196499358727543
0.8625 0.195465151576346
0.863 0.195465151576346
0.8635 0.194430944425148
0.864 0.193396737273951
0.8645 0.193396737273951
0.865 0.192362530122753
0.8655 0.191328322971555
0.866 0.191328322971555
0.8665 0.190294115820358
0.867 0.18925990866916
0.8675 0.18925990866916
0.868 0.188225701517963
0.8685 0.187191494366765
0.869 0.186157287215568
0.8695 0.186157287215568
0.87 0.18512308006437
0.8705 0.184088872913172
0.871 0.184088872913172
0.8715 0.183054665761975
0.872 0.182020458610777
0.8725 0.182020458610777
0.873 0.18098625145958
0.8735 0.179952044308382
0.874 0.179952044308382
0.8745 0.178917837157184
0.875 0.177883630005987
0.8755 0.176849422854789
0.876 0.176849422854789
0.8765 0.175815215703592
0.877 0.174781008552394
0.8775 0.174781008552394
0.878 0.173746801401196
0.8785 0.172712594249999
0.879 0.172712594249999
0.8795 0.171678387098801
0.88 0.170644179947604
0.8805 0.170644179947604
0.881 0.169609972796406
0.8815 0.168575765645208
0.882 0.168575765645208
0.8825 0.167541558494011
0.883 0.166507351342813
0.8835 0.165473144191616
0.884 0.165473144191616
0.8845 0.164438937040418
0.885 0.16340472988922
0.8855 0.16340472988922
0.886 0.162370522738023
0.8865 0.161336315586825
0.887 0.161336315586825
0.8875 0.160302108435628
0.888 0.15926790128443
0.8885 0.15926790128443
0.889 0.158233694133232
0.8895 0.157199486982035
0.89 0.156165279830837
0.8905 0.156165279830837
0.891 0.15513107267964
0.8915 0.154096865528442
0.892 0.154096865528442
0.8925 0.153062658377244
0.893 0.152028451226047
0.8935 0.152028451226047
0.894 0.150994244074849
0.8945 0.149960036923652
0.895 0.149960036923652
0.8955 0.148925829772454
0.896 0.147891622621256
0.8965 0.147891622621256
0.897 0.146857415470059
0.8975 0.145823208318861
0.898 0.144789001167664
0.8985 0.144789001167664
0.899 0.143754794016466
0.8995 0.142720586865268
0.9 0.142720586865268
0.9005 0.141686379714071
0.901 0.140652172562873
0.9015 0.140652172562873
0.902 0.139617965411676
0.9025 0.138583758260478
0.903 0.138583758260478
0.9035 0.13754955110928
0.904 0.136515343958083
0.9045 0.135481136806885
0.905 0.135481136806885
0.9055 0.134446929655688
0.906 0.13341272250449
0.9065 0.13341272250449
0.907 0.132378515353292
0.9075 0.131344308202095
0.908 0.131344308202095
0.9085 0.130310101050897
0.909 0.1292758938997
0.9095 0.1292758938997
0.91 0.128241686748502
0.9105 0.127207479597304
0.911 0.127207479597304
0.9115 0.126173272446107
0.912 0.125139065294909
0.9125 0.124104858143712
0.913 0.124104858143712
0.9135 0.123070650992514
0.914 0.122036443841316
0.9145 0.122036443841316
0.915 0.121002236690119
0.9155 0.119968029538921
0.916 0.119968029538921
0.9165 0.118933822387724
0.917 0.117899615236526
0.9175 0.117899615236526
0.918 0.116865408085328
0.9185 0.115831200934131
0.919 0.115831200934131
0.9195 0.114796993782933
0.92 0.113762786631736
0.9205 0.112728579480538
0.921 0.112728579480538
0.9215 0.111694372329341
0.922 0.110660165178143
0.9225 0.110660165178143
0.923 0.109625958026945
0.9235 0.108591750875748
0.924 0.108591750875748
0.9245 0.10755754372455
0.925 0.106523336573353
0.9255 0.106523336573353
0.926 0.105489129422155
0.9265 0.104454922270957
0.927 0.10342071511976
0.9275 0.10342071511976
0.928 0.102386507968562
0.9285 0.101352300817365
0.929 0.101352300817365
0.9295 0.100318093666167
0.93 0.0992838865149693
0.9305 0.0992838865149693
0.931 0.0982496793637717
0.9315 0.0972154722125741
0.932 0.0972154722125741
0.9325 0.0961812650613765
0.933 0.095147057910179
0.9335 0.095147057910179
0.934 0.0941128507589813
0.9345 0.0930786436077838
0.935 0.0920444364565862
0.9355 0.0920444364565862
0.936 0.0910102293053886
0.9365 0.089976022154191
0.937 0.089976022154191
0.9375 0.0889418150029934
0.938 0.0879076078517958
0.9385 0.0879076078517958
0.939 0.0868734007005982
0.9395 0.0858391935494006
0.94 0.0858391935494006
0.9405 0.084804986398203
0.941 0.0837707792470054
0.9415 0.0837707792470054
0.942 0.0827365720958078
0.9425 0.0817023649446102
0.943 0.0806681577934126
0.9435 0.0806681577934126
0.944 0.079633950642215
0.9445 0.0785997434910174
0.945 0.0785997434910174
0.9455 0.0775655363398198
0.946 0.0765313291886222
0.9465 0.0765313291886222
0.947 0.0754971220374246
0.9475 0.074462914886227
0.948 0.074462914886227
0.9485 0.0734287077350294
0.949 0.0723945005838318
0.9495 0.0723945005838318
0.95 0.0713602934326342
0.9505 0.0703260862814366
0.951 0.069291879130239
0.9515 0.069291879130239
0.952 0.0682576719790414
0.9525 0.0672234648278438
0.953 0.0672234648278438
0.9535 0.0661892576766462
0.954 0.0651550505254486
0.9545 0.0651550505254486
0.955 0.064120843374251
0.9555 0.0630866362230534
0.956 0.0630866362230534
0.9565 0.0620524290718558
0.957 0.0610182219206582
0.9575 0.0599840147694606
0.958 0.0599840147694606
0.9585 0.058949807618263
0.959 0.0579156004670654
0.9595 0.0579156004670654
0.96 0.0568813933158678
0.9605 0.0558471861646703
0.961 0.0558471861646703
0.9615 0.0548129790134727
0.962 0.0537787718622751
0.9625 0.0537787718622751
0.963 0.0527445647110775
0.9635 0.0517103575598799
0.964 0.0517103575598799
0.9645 0.0506761504086823
0.965 0.0496419432574847
0.9655 0.0486077361062871
0.966 0.0486077361062871
0.9665 0.0475735289550895
0.967 0.0465393218038919
0.9675 0.0465393218038919
0.968 0.0455051146526943
0.9685 0.0444709075014967
0.969 0.0444709075014967
0.9695 0.0434367003502991
0.97 0.0424024931991015
0.9705 0.0424024931991015
0.971 0.0413682860479039
0.9715 0.0403340788967063
0.972 0.0403340788967063
0.9725 0.0392998717455087
0.973 0.0382656645943111
0.9735 0.0372314574431135
0.974 0.0372314574431135
0.9745 0.0361972502919159
0.975 0.0351630431407183
0.9755 0.0351630431407183
0.976 0.0341288359895207
0.9765 0.0330946288383231
0.977 0.0330946288383231
0.9775 0.0320604216871255
0.978 0.0310262145359279
0.9785 0.0310262145359279
0.979 0.0299920073847303
0.9795 0.0289578002335327
0.98 0.0289578002335327
0.9805 0.0279235930823351
0.981 0.0268893859311375
0.9815 0.0258551787799399
0.982 0.0258551787799399
0.9825 0.0248209716287423
0.983 0.0237867644775447
0.9835 0.0237867644775447
0.984 0.0227525573263471
0.9845 0.0217183501751495
0.985 0.0217183501751495
0.9855 0.0206841430239519
0.986 0.0196499358727543
0.9865 0.0196499358727543
0.987 0.0186157287215567
0.9875 0.0175815215703592
0.988 0.0175815215703592
0.9885 0.0165473144191616
0.989 0.015513107267964
0.9895 0.0144789001167664
0.99 0.0144789001167664
0.9905 0.0134446929655688
0.991 0.0124104858143712
0.9915 0.0124104858143712
0.992 0.0113762786631736
0.9925 0.010342071511976
0.993 0.010342071511976
0.9935 0.00930786436077837
0.994 0.00827365720958078
0.9945 0.00827365720958078
0.995 0.00723945005838318
0.9955 0.00620524290718558
0.996 0.00620524290718558
0.9965 0.00517103575598799
0.997 0.00413682860479039
0.9975 0.00310262145359279
0.998 0.00310262145359279
0.9985 0.00206841430239519
0.999 0.0010342071511976
0.9995 0.0010342071511976
1 0
