"EPS" "T"
5e-04 3.0004825394338
0.001 2.86216896201675
0.0015 2.7570506431798
0.002 2.68143922085848
0.0025 2.62058124679498
0.003 2.57078835892484
0.0035 2.5274501046675
0.004 2.48964439350684
0.0045 2.45644913492675
0.005 2.426020147895
0.0055 2.39835743241159
0.006 2.37253889796041
0.0065 2.34948663505757
0.007 2.32735646267084
0.0075 2.30707047131634
0.008 2.28770657047795
0.0085 2.26926476015568
0.009 2.25266713086563
0.0095 2.23606950157559
0.01 2.22039396280166
0.0105 2.20564051454384
0.011 2.19088706628602
0.0115 2.17705570854431
0.012 2.16414644131872
0.0125 2.15123717409313
0.013 2.13924999738366
0.0135 2.12726282067418
0.014 2.11619773448081
0.0145 2.10513264828745
0.015 2.09406756209409
0.0155 2.08392456641684
0.016 2.07378157073959
0.0165 2.06363857506234
0.017 2.0544176699012
0.0175 2.04519676474006
0.018 2.03597585957893
0.0185 2.0276770449339
0.019 2.01845613977277
0.0195 2.01015732512775
0.02 2.00185851048272
0.0205 1.99448178635381
0.021 1.98618297170879
0.0215 1.97880624757988
0.022 1.97142952345097
0.0225 1.96405279932206
0.023 1.95667607519315
0.0235 1.94929935106424
0.024 1.94284471745145
0.0245 1.93546799332254
0.025 1.92901335970974
0.0255 1.92255872609695
0.026 1.91610409248415
0.0265 1.90964945887136
0.027 1.90319482525856
0.0275 1.89674019164577
0.028 1.89120764854908
0.0285 1.88475301493629
0.029 1.87922047183961
0.0295 1.87368792874293
0.03 1.86815538564624
0.0305 1.86262284254956
0.031 1.85709029945288
0.0315 1.8515577563562
0.032 1.84602521325952
0.0325 1.84049267016283
0.033 1.83496012706615
0.0335 1.83034967448558
0.034 1.8248171313889
0.0345 1.82020667880833
0.035 1.81559622622777
0.0355 1.81006368313108
0.036 1.80545323055052
0.0365 1.80084277796995
0.037 1.79623232538938
0.0375 1.79162187280881
0.038 1.78701142022824
0.0385 1.78240096764767
0.039 1.77779051506711
0.0395 1.77318006248654
0.04 1.76856960990597
0.0405 1.76488124784152
0.041 1.76027079526095
0.0415 1.75566034268038
0.042 1.75197198061592
0.0425 1.74736152803536
0.043 1.7436731659709
0.0435 1.73906271339033
0.044 1.73537435132588
0.0445 1.73168598926142
0.045 1.72707553668086
0.0455 1.7233871746164
0.046 1.71969881255195
0.0465 1.71601045048749
0.047 1.71232208842304
0.0475 1.70771163584247
0.048 1.70402327377801
0.0485 1.70033491171356
0.049 1.69664654964911
0.0495 1.69295818758465
0.05 1.69019191603631
0.0505 1.68650355397186
0.051 1.6828151919074
0.0515 1.67912682984295
0.052 1.67543846777849
0.0525 1.67175010571404
0.053 1.6689838341657
0.0535 1.66529547210124
0.054 1.66160711003679
0.0545 1.65884083848845
0.055 1.65515247642399
0.0555 1.65238620487565
0.056 1.6486978428112
0.0565 1.64500948074674
0.057 1.6422432091984
0.0575 1.63947693765006
0.058 1.63578857558561
0.0585 1.63302230403726
0.059 1.62933394197281
0.0595 1.62656767042447
0.06 1.62380139887613
0.0605 1.62011303681167
0.061 1.61734676526333
0.0615 1.61458049371499
0.062 1.61089213165054
0.0625 1.6081258601022
0.063 1.60535958855386
0.0635 1.60259331700551
0.064 1.59982704545717
0.0645 1.59613868339272
0.065 1.59337241184438
0.0655 1.59060614029604
0.066 1.5878398687477
0.0665 1.58507359719936
0.067 1.58230732565101
0.0675 1.57954105410267
0.068 1.57677478255433
0.0685 1.57400851100599
0.069 1.57124223945765
0.0695 1.56847596790931
0.07 1.56570969636097
0.0705 1.56294342481263
0.071 1.56017715326429
0.0715 1.55833297223206
0.072 1.55556670068372
0.0725 1.55280042913538
0.073 1.55003415758704
0.0735 1.5472678860387
0.074 1.54450161449035
0.0745 1.54265743345813
0.075 1.53989116190979
0.0755 1.53712489036145
0.076 1.5343586188131
0.0765 1.53251443778088
0.077 1.52974816623254
0.0775 1.5269818946842
0.078 1.52513771365197
0.0785 1.52237144210363
0.079 1.51960517055529
0.0795 1.51776098952306
0.08 1.51499471797472
0.0805 1.51222844642638
0.081 1.51038426539415
0.0815 1.50761799384581
0.082 1.50577381281358
0.0825 1.50300754126524
0.083 1.50116336023301
0.0835 1.49839708868467
0.084 1.49655290765245
0.0845 1.4937866361041
0.085 1.49194245507188
0.0855 1.48917618352354
0.086 1.48733200249131
0.0865 1.48456573094297
0.087 1.48272154991074
0.0875 1.4799552783624
0.088 1.47811109733017
0.0885 1.47626691629794
0.089 1.4735006447496
0.0895 1.47165646371738
0.09 1.46889019216904
0.0905 1.46704601113681
0.091 1.46520183010458
0.0915 1.46243555855624
0.092 1.46059137752401
0.0925 1.45874719649179
0.093 1.45598092494344
0.0935 1.45413674391122
0.094 1.45229256287899
0.0945 1.44952629133065
0.095 1.44768211029842
0.0955 1.44583792926619
0.096 1.44399374823397
0.0965 1.44122747668563
0.097 1.4393832956534
0.0975 1.43753911462117
0.098 1.43569493358894
0.0985 1.43385075255672
0.099 1.43108448100838
0.0995 1.42924029997615
0.1 1.42739611894392
0.1005 1.42555193791169
0.101 1.42370775687947
0.1015 1.42186357584724
0.102 1.4190973042989
0.1025 1.41725312326667
0.103 1.41540894223444
0.1035 1.41356476120222
0.104 1.41172058016999
0.1045 1.40987639913776
0.105 1.40803221810554
0.1055 1.40618803707331
0.106 1.40434385604108
0.1065 1.40249967500885
0.107 1.39973340346051
0.1075 1.39788922242829
0.108 1.39604504139606
0.1085 1.39420086036383
0.109 1.3923566793316
0.1095 1.39051249829938
0.11 1.38866831726715
0.1105 1.38682413623492
0.111 1.38497995520269
0.1115 1.38313577417047
0.112 1.38129159313824
0.1125 1.37944741210601
0.113 1.37760323107378
0.1135 1.37575905004156
0.114 1.37391486900933
0.1145 1.3720706879771
0.115 1.37114859746099
0.1155 1.36930441642876
0.116 1.36746023539653
0.1165 1.36561605436431
0.117 1.36377187333208
0.1175 1.36192769229985
0.118 1.36008351126763
0.1185 1.3582393302354
0.119 1.35639514920317
0.1195 1.35455096817094
0.12 1.35270678713872
0.1205 1.3517846966226
0.121 1.34994051559038
0.1215 1.34809633455815
0.122 1.34625215352592
0.1225 1.34440797249369
0.123 1.34256379146147
0.1235 1.34071961042924
0.124 1.33979751991313
0.1245 1.3379533388809
0.125 1.33610915784867
0.1255 1.33426497681644
0.126 1.33242079578422
0.1265 1.3314987052681
0.127 1.32965452423588
0.1275 1.32781034320365
0.128 1.32596616217142
0.1285 1.32412198113919
0.129 1.32319989062308
0.1295 1.32135570959085
0.13 1.31951152855863
0.1305 1.3176673475264
0.131 1.31674525701028
0.1315 1.31490107597806
0.132 1.31305689494583
0.1325 1.3112127139136
0.133 1.31029062339749
0.1335 1.30844644236526
0.134 1.30660226133303
0.1345 1.30475808030081
0.135 1.30383598978469
0.1355 1.30199180875247
0.136 1.30014762772024
0.1365 1.29922553720413
0.137 1.2973813561719
0.1375 1.29553717513967
0.138 1.29461508462356
0.1385 1.29277090359133
0.139 1.2909267225591
0.1395 1.29000463204299
0.14 1.28816045101076
0.1405 1.28631626997853
0.141 1.28539417946242
0.1415 1.28354999843019
0.142 1.28170581739797
0.1425 1.28078372688185
0.143 1.27893954584962
0.1435 1.2770953648174
0.144 1.27617327430128
0.1445 1.27432909326906
0.145 1.27340700275294
0.1455 1.27156282172072
0.146 1.26971864068849
0.1465 1.26879655017237
0.147 1.26695236914015
0.1475 1.26603027862403
0.148 1.26418609759181
0.1485 1.26234191655958
0.149 1.26141982604347
0.1495 1.25957564501124
0.15 1.25865355449512
0.1505 1.2568093734629
0.151 1.25496519243067
0.1515 1.25404310191456
0.152 1.25219892088233
0.1525 1.25127683036622
0.153 1.24943264933399
0.1535 1.24851055881787
0.154 1.24666637778565
0.1545 1.24574428726953
0.155 1.24390010623731
0.1555 1.24205592520508
0.156 1.24113383468897
0.1565 1.23928965365674
0.157 1.23836756314062
0.1575 1.2365233821084
0.158 1.23560129159228
0.1585 1.23375711056006
0.159 1.23283502004394
0.1595 1.23099083901172
0.16 1.2300687484956
0.1605 1.22822456746337
0.161 1.22730247694726
0.1615 1.22545829591503
0.162 1.22453620539892
0.1625 1.22269202436669
0.163 1.22176993385058
0.1635 1.21992575281835
0.164 1.21900366230224
0.1645 1.21715948127001
0.165 1.2162373907539
0.1655 1.21531530023778
0.166 1.21347111920556
0.1665 1.21254902868944
0.167 1.21070484765722
0.1675 1.2097827571411
0.168 1.20793857610887
0.1685 1.20701648559276
0.169 1.20517230456053
0.1695 1.20425021404442
0.17 1.20332812352831
0.1705 1.20148394249608
0.171 1.20056185197997
0.1715 1.19871767094774
0.172 1.19779558043162
0.1725 1.1959513993994
0.173 1.19502930888328
0.1735 1.19410721836717
0.174 1.19226303733494
0.1745 1.19134094681883
0.175 1.1894967657866
0.1755 1.18857467527049
0.176 1.18765258475437
0.1765 1.18580840372215
0.177 1.18488631320603
0.1775 1.18304213217381
0.178 1.18212004165769
0.1785 1.18119795114158
0.179 1.17935377010935
0.1795 1.17843167959324
0.18 1.17658749856101
0.1805 1.1756654080449
0.181 1.17474331752878
0.1815 1.17289913649656
0.182 1.17197704598044
0.1825 1.17105495546433
0.183 1.1692107744321
0.1835 1.16828868391599
0.184 1.16736659339987
0.1845 1.16552241236765
0.185 1.16460032185153
0.1855 1.16275614081931
0.186 1.16183405030319
0.1865 1.16091195978708
0.187 1.15906777875485
0.1875 1.15814568823874
0.188 1.15722359772262
0.1885 1.1553794166904
0.189 1.15445732617428
0.1895 1.15353523565817
0.19 1.15169105462594
0.1905 1.15076896410983
0.191 1.14984687359371
0.1915 1.1489247830776
0.192 1.14708060204537
0.1925 1.14615851152926
0.193 1.14523642101315
0.1935 1.14339223998092
0.194 1.14247014946481
0.1945 1.14154805894869
0.195 1.13970387791646
0.1955 1.13878178740035
0.196 1.13785969688424
0.1965 1.13601551585201
0.197 1.1350934253359
0.1975 1.13417133481978
0.198 1.13324924430367
0.1985 1.13140506327144
0.199 1.13048297275533
0.1995 1.12956088223921
0.2 1.1286387917231
0.2005 1.12679461069087
0.201 1.12587252017476
0.2015 1.12495042965865
0.202 1.12310624862642
0.2025 1.12218415811031
0.203 1.12126206759419
0.2035 1.12033997707808
0.204 1.11849579604585
0.2045 1.11757370552974
0.205 1.11665161501362
0.2055 1.11572952449751
0.206 1.11388534346528
0.2065 1.11296325294917
0.207 1.11204116243306
0.2075 1.11111907191694
0.208 1.10927489088471
0.2085 1.1083528003686
0.209 1.10743070985249
0.2095 1.10650861933637
0.21 1.10466443830415
0.2105 1.10374234778803
0.211 1.10282025727192
0.2115 1.10189816675581
0.212 1.10097607623969
0.2125 1.09913189520746
0.213 1.09820980469135
0.2135 1.09728771417524
0.214 1.09636562365912
0.2145 1.0945214426269
0.215 1.09359935211078
0.2155 1.09267726159467
0.216 1.09175517107856
0.2165 1.09083308056244
0.217 1.08898889953021
0.2175 1.0880668090141
0.218 1.08714471849799
0.2185 1.08622262798187
0.219 1.08530053746576
0.2195 1.08345635643353
0.22 1.08253426591742
0.2205 1.08161217540131
0.221 1.08069008488519
0.2215 1.07976799436908
0.222 1.07884590385296
0.2225 1.07700172282074
0.223 1.07607963230462
0.2235 1.07515754178851
0.224 1.0742354512724
0.2245 1.07331336075628
0.225 1.07146917972405
0.2255 1.07054708920794
0.226 1.06962499869183
0.2265 1.06870290817571
0.227 1.0677808176596
0.2275 1.06685872714349
0.228 1.06501454611126
0.2285 1.06409245559515
0.229 1.06317036507903
0.2295 1.06224827456292
0.23 1.0613261840468
0.2305 1.06040409353069
0.231 1.05855991249846
0.2315 1.05763782198235
0.232 1.05671573146624
0.2325 1.05579364095012
0.233 1.05487155043401
0.2335 1.0539494599179
0.234 1.05302736940178
0.2345 1.05118318836955
0.235 1.05026109785344
0.2355 1.04933900733733
0.236 1.04841691682121
0.2365 1.0474948263051
0.237 1.04657273578899
0.2375 1.04565064527287
0.238 1.04472855475676
0.2385 1.04288437372453
0.239 1.04196228320842
0.2395 1.0410401926923
0.24 1.04011810217619
0.2405 1.03919601166008
0.241 1.03827392114396
0.2415 1.03735183062785
0.242 1.03642974011174
0.2425 1.03458555907951
0.243 1.0336634685634
0.2435 1.03274137804728
0.244 1.03181928753117
0.2445 1.03089719701505
0.245 1.02997510649894
0.2455 1.02905301598283
0.246 1.02813092546671
0.2465 1.0272088349506
0.247 1.02536465391837
0.2475 1.02444256340226
0.248 1.02352047288615
0.2485 1.02259838237003
0.249 1.02167629185392
0.2495 1.0207542013378
0.25 1.01983211082169
0.2505 1.01891002030558
0.251 1.01798792978946
0.2515 1.01706583927335
0.252 1.01614374875724
0.2525 1.01429956772501
0.253 1.0133774772089
0.2535 1.01245538669278
0.254 1.01153329617667
0.2545 1.01061120566055
0.255 1.00968911514444
0.2555 1.00876702462833
0.256 1.00784493411221
0.2565 1.0069228435961
0.257 1.00600075307999
0.2575 1.00507866256387
0.258 1.00415657204776
0.2585 1.00323448153165
0.259 1.00139030049942
0.2595 1.0004682099833
0.26 0.999546119467191
0.2605 0.998624028951077
0.261 0.997701938434963
0.2615 0.99677984791885
0.262 0.995857757402736
0.2625 0.994935666886622
0.263 0.994013576370509
0.2635 0.993091485854395
0.264 0.992169395338282
0.2645 0.991247304822168
0.265 0.990325214306054
0.2655 0.989403123789941
0.266 0.988481033273827
0.2665 0.987558942757713
0.267 0.9866368522416
0.2675 0.984792671209372
0.268 0.983870580693259
0.2685 0.982948490177145
0.269 0.982026399661031
0.2695 0.981104309144918
0.27 0.980182218628804
0.2705 0.97926012811269
0.271 0.978338037596577
0.2715 0.977415947080463
0.272 0.97649385656435
0.2725 0.975571766048236
0.273 0.974649675532122
0.2735 0.973727585016009
0.274 0.972805494499895
0.2745 0.971883403983781
0.275 0.970961313467668
0.2755 0.970039222951554
0.276 0.96911713243544
0.2765 0.968195041919327
0.277 0.967272951403213
0.2775 0.966350860887099
0.278 0.965428770370986
0.2785 0.964506679854872
0.279 0.963584589338759
0.2795 0.962662498822645
0.28 0.961740408306531
0.2805 0.960818317790418
0.281 0.959896227274304
0.2815 0.95897413675819
0.282 0.958052046242077
0.2825 0.957129955725963
0.283 0.956207865209849
0.2835 0.955285774693736
0.284 0.954363684177622
0.2845 0.953441593661508
0.285 0.952519503145395
0.2855 0.951597412629281
0.286 0.950675322113168
0.2865 0.949753231597054
0.287 0.94883114108094
0.2875 0.947909050564827
0.288 0.946986960048713
0.2885 0.946064869532599
0.289 0.945142779016486
0.2895 0.944220688500372
0.29 0.943298597984258
0.2905 0.942376507468145
0.291 0.941454416952031
0.2915 0.940532326435917
0.292 0.939610235919804
0.2925 0.93868814540369
0.293 0.937766054887576
0.2935 0.936843964371463
0.294 0.935921873855349
0.2945 0.934999783339236
0.295 0.934077692823122
0.2955 0.933155602307008
0.296 0.932233511790895
0.2965 0.931311421274781
0.297 0.930389330758667
0.2975 0.929467240242554
0.298 0.92854514972644
0.2985 0.927623059210326
0.299 0.926700968694213
0.2995 0.925778878178099
0.3 0.924856787661985
0.3005 0.923934697145872
0.301 0.923012606629758
0.3015 0.922090516113645
0.302 0.921168425597531
0.3025 0.920246335081417
0.303 0.919324244565304
0.3035 0.91840215404919
0.304 0.917480063533076
0.3045 0.916557973016963
0.305 0.915635882500849
0.3055 0.914713791984735
0.306 0.913791701468622
0.3065 0.912869610952508
0.307 0.911947520436394
0.3075 0.911025429920281
0.308 0.911025429920281
0.3085 0.910103339404167
0.309 0.909181248888054
0.3095 0.90825915837194
0.31 0.907337067855826
0.3105 0.906414977339713
0.311 0.905492886823599
0.3115 0.904570796307485
0.312 0.903648705791372
0.3125 0.902726615275258
0.313 0.901804524759144
0.3135 0.900882434243031
0.314 0.899960343726917
0.3145 0.899038253210803
0.315 0.89811616269469
0.3155 0.897194072178576
0.316 0.896271981662462
0.3165 0.895349891146349
0.317 0.894427800630235
0.3175 0.894427800630235
0.318 0.893505710114121
0.3185 0.892583619598008
0.319 0.891661529081894
0.3195 0.890739438565781
0.32 0.889817348049667
0.3205 0.888895257533553
0.321 0.88797316701744
0.3215 0.887051076501326
0.322 0.886128985985212
0.3225 0.885206895469099
0.323 0.884284804952985
0.3235 0.883362714436871
0.324 0.882440623920758
0.3245 0.881518533404644
0.325 0.881518533404644
0.3255 0.880596442888531
0.326 0.879674352372417
0.3265 0.878752261856303
0.327 0.87783017134019
0.3275 0.876908080824076
0.328 0.875985990307962
0.3285 0.875063899791849
0.329 0.874141809275735
0.3295 0.873219718759621
0.33 0.872297628243508
0.3305 0.871375537727394
0.331 0.87045344721128
0.3315 0.87045344721128
0.332 0.869531356695167
0.3325 0.868609266179053
0.333 0.86768717566294
0.3335 0.866765085146826
0.334 0.865842994630712
0.3345 0.864920904114599
0.335 0.863998813598485
0.3355 0.863076723082371
0.336 0.862154632566258
0.3365 0.861232542050144
0.337 0.86031045153403
0.3375 0.86031045153403
0.338 0.859388361017917
0.3385 0.858466270501803
0.339 0.857544179985689
0.3395 0.856622089469576
0.34 0.855699998953462
0.3405 0.854777908437348
0.341 0.853855817921235
0.3415 0.852933727405121
0.342 0.852011636889007
0.3425 0.852011636889007
0.343 0.851089546372894
0.3435 0.85016745585678
0.344 0.849245365340667
0.3445 0.848323274824553
0.345 0.847401184308439
0.3455 0.846479093792326
0.346 0.845557003276212
0.3465 0.844634912760098
0.347 0.843712822243985
0.3475 0.843712822243985
0.348 0.842790731727871
0.3485 0.841868641211757
0.349 0.840946550695644
0.3495 0.84002446017953
0.35 0.839102369663417
0.3505 0.838180279147303
0.351 0.837258188631189
0.3515 0.836336098115076
0.352 0.836336098115076
0.3525 0.835414007598962
0.353 0.834491917082848
0.3535 0.833569826566735
0.354 0.832647736050621
0.3545 0.831725645534507
0.355 0.830803555018394
0.3555 0.82988146450228
0.356 0.82988146450228
0.3565 0.828959373986166
0.357 0.828037283470053
0.3575 0.827115192953939
0.358 0.826193102437826
0.3585 0.825271011921712
0.359 0.824348921405598
0.3595 0.823426830889485
0.36 0.822504740373371
0.3605 0.822504740373371
0.361 0.821582649857257
0.3615 0.820660559341144
0.362 0.81973846882503
0.3625 0.818816378308916
0.363 0.817894287792803
0.3635 0.816972197276689
0.364 0.816972197276689
0.3645 0.816050106760575
0.365 0.815128016244462
0.3655 0.814205925728348
0.366 0.813283835212234
0.3665 0.812361744696121
0.367 0.811439654180007
0.3675 0.810517563663893
0.368 0.810517563663893
0.3685 0.80959547314778
0.369 0.808673382631666
0.3695 0.807751292115553
0.37 0.806829201599439
0.3705 0.805907111083325
0.371 0.804985020567212
0.3715 0.804985020567212
0.372 0.804062930051098
0.3725 0.803140839534984
0.373 0.802218749018871
0.3735 0.801296658502757
0.374 0.800374567986643
0.3745 0.79945247747053
0.375 0.79945247747053
0.3755 0.798530386954416
0.376 0.797608296438303
0.3765 0.796686205922189
0.377 0.795764115406075
0.3775 0.794842024889962
0.378 0.793919934373848
0.3785 0.793919934373848
0.379 0.792997843857734
0.3795 0.792075753341621
0.38 0.791153662825507
0.3805 0.790231572309393
0.381 0.78930948179328
0.3815 0.788387391277166
0.382 0.788387391277166
0.3825 0.787465300761052
0.383 0.786543210244939
0.3835 0.785621119728825
0.384 0.784699029212712
0.3845 0.783776938696598
0.385 0.783776938696598
0.3855 0.782854848180484
0.386 0.781932757664371
0.3865 0.781010667148257
0.387 0.780088576632143
0.3875 0.77916648611603
0.388 0.778244395599916
0.3885 0.778244395599916
0.389 0.777322305083802
0.3895 0.776400214567689
0.39 0.775478124051575
0.3905 0.774556033535461
0.391 0.773633943019348
0.3915 0.773633943019348
0.392 0.772711852503234
0.3925 0.77178976198712
0.393 0.770867671471007
0.3935 0.769945580954893
0.394 0.769023490438779
0.3945 0.769023490438779
0.395 0.768101399922666
0.3955 0.767179309406552
0.396 0.766257218890439
0.3965 0.765335128374325
0.397 0.764413037858211
0.3975 0.764413037858211
0.398 0.763490947342098
0.3985 0.762568856825984
0.399 0.76164676630987
0.3995 0.760724675793757
0.4 0.759802585277643
0.4005 0.759802585277643
0.401 0.758880494761529
0.4015 0.757958404245416
0.402 0.757036313729302
0.4025 0.756114223213189
0.403 0.756114223213189
0.4035 0.755192132697075
0.404 0.754270042180961
0.4045 0.753347951664848
0.405 0.752425861148734
0.4055 0.75150377063262
0.406 0.75150377063262
0.4065 0.750581680116507
0.407 0.749659589600393
0.4075 0.748737499084279
0.408 0.747815408568166
0.4085 0.747815408568166
0.409 0.746893318052052
0.4095 0.745971227535938
0.41 0.745049137019825
0.4105 0.744127046503711
0.411 0.743204955987598
0.4115 0.743204955987598
0.412 0.742282865471484
0.4125 0.74136077495537
0.413 0.740438684439257
0.4135 0.739516593923143
0.414 0.739516593923143
0.4145 0.738594503407029
0.415 0.737672412890916
0.4155 0.736750322374802
0.416 0.735828231858688
0.4165 0.734906141342575
0.417 0.734906141342575
0.4175 0.733984050826461
0.418 0.733061960310347
0.4185 0.732139869794234
0.419 0.73121777927812
0.4195 0.73121777927812
0.42 0.730295688762006
0.4205 0.729373598245893
0.421 0.728451507729779
0.4215 0.727529417213665
0.422 0.727529417213665
0.4225 0.726607326697552
0.423 0.725685236181438
0.4235 0.724763145665325
0.424 0.723841055149211
0.4245 0.723841055149211
0.425 0.722918964633097
0.4255 0.721996874116984
0.426 0.72107478360087
0.4265 0.720152693084756
0.427 0.720152693084756
0.4275 0.719230602568643
0.428 0.718308512052529
0.4285 0.717386421536415
0.429 0.716464331020302
0.4295 0.716464331020302
0.43 0.715542240504188
0.4305 0.714620149988075
0.431 0.713698059471961
0.4315 0.712775968955847
0.432 0.712775968955847
0.4325 0.711853878439734
0.433 0.71093178792362
0.4335 0.710009697407506
0.434 0.709087606891393
0.4345 0.709087606891393
0.435 0.708165516375279
0.4355 0.707243425859165
0.436 0.706321335343052
0.4365 0.705399244826938
0.437 0.705399244826938
0.4375 0.704477154310824
0.438 0.703555063794711
0.4385 0.702632973278597
0.439 0.701710882762484
0.4395 0.701710882762484
0.44 0.70078879224637
0.4405 0.699866701730256
0.441 0.698944611214143
0.4415 0.698944611214143
0.442 0.698022520698029
0.4425 0.697100430181915
0.443 0.696178339665802
0.4435 0.695256249149688
0.444 0.695256249149688
0.4445 0.694334158633574
0.445 0.693412068117461
0.4455 0.692489977601347
0.446 0.691567887085233
0.4465 0.691567887085233
0.447 0.69064579656912
0.4475 0.689723706053006
0.448 0.688801615536892
0.4485 0.688801615536892
0.449 0.687879525020779
0.4495 0.686957434504665
0.45 0.686035343988551
0.4505 0.685113253472438
0.451 0.685113253472438
0.4515 0.684191162956324
0.452 0.683269072440211
0.4525 0.682346981924097
0.453 0.682346981924097
0.4535 0.681424891407983
0.454 0.68050280089187
0.4545 0.679580710375756
0.455 0.678658619859642
0.4555 0.678658619859642
0.456 0.677736529343529
0.4565 0.676814438827415
0.457 0.675892348311301
0.4575 0.675892348311301
0.458 0.674970257795188
0.4585 0.674048167279074
0.459 0.673126076762961
0.4595 0.672203986246847
0.46 0.672203986246847
0.4605 0.671281895730733
0.461 0.67035980521462
0.4615 0.669437714698506
0.462 0.669437714698506
0.4625 0.668515624182392
0.463 0.667593533666279
0.4635 0.666671443150165
0.464 0.665749352634051
0.4645 0.665749352634051
0.465 0.664827262117938
0.4655 0.663905171601824
0.466 0.66298308108571
0.4665 0.66298308108571
0.467 0.662060990569597
0.4675 0.661138900053483
0.468 0.660216809537369
0.4685 0.660216809537369
0.469 0.659294719021256
0.4695 0.658372628505142
0.47 0.657450537989029
0.4705 0.656528447472915
0.471 0.656528447472915
0.4715 0.655606356956801
0.472 0.654684266440688
0.4725 0.653762175924574
0.473 0.653762175924574
0.4735 0.65284008540846
0.474 0.651917994892347
0.4745 0.650995904376233
0.475 0.650995904376233
0.4755 0.650073813860119
0.476 0.649151723344006
0.4765 0.648229632827892
0.477 0.648229632827892
0.4775 0.647307542311778
0.478 0.646385451795665
0.4785 0.645463361279551
0.479 0.645463361279551
0.4795 0.644541270763437
0.48 0.643619180247324
0.4805 0.64269708973121
0.481 0.641774999215097
0.4815 0.641774999215097
0.482 0.640852908698983
0.4825 0.639930818182869
0.483 0.639008727666756
0.4835 0.639008727666756
0.484 0.638086637150642
0.4845 0.637164546634528
0.485 0.636242456118415
0.4855 0.636242456118415
0.486 0.635320365602301
0.4865 0.634398275086187
0.487 0.633476184570074
0.4875 0.633476184570074
0.488 0.63255409405396
0.4885 0.631632003537847
0.489 0.630709913021733
0.4895 0.630709913021733
0.49 0.629787822505619
0.4905 0.628865731989506
0.491 0.627943641473392
0.4915 0.627943641473392
0.492 0.627021550957278
0.4925 0.626099460441165
0.493 0.625177369925051
0.4935 0.625177369925051
0.494 0.624255279408937
0.4945 0.623333188892824
0.495 0.62241109837671
0.4955 0.62241109837671
0.496 0.621489007860596
0.4965 0.620566917344483
0.497 0.619644826828369
0.4975 0.619644826828369
0.498 0.618722736312255
0.4985 0.617800645796142
0.499 0.616878555280028
0.4995 0.616878555280028
0.5 0.615956464763915
0.5005 0.615034374247801
0.501 0.614112283731687
0.5015 0.614112283731687
0.502 0.613190193215574
0.5025 0.61226810269946
0.503 0.611346012183346
0.5035 0.611346012183346
0.504 0.610423921667233
0.5045 0.609501831151119
0.505 0.608579740635005
0.5055 0.608579740635005
0.506 0.607657650118892
0.5065 0.606735559602778
0.507 0.606735559602778
0.5075 0.605813469086664
0.508 0.604891378570551
0.5085 0.603969288054437
0.509 0.603969288054437
0.5095 0.603047197538323
0.51 0.60212510702221
0.5105 0.601203016506096
0.511 0.601203016506096
0.5115 0.600280925989983
0.512 0.599358835473869
0.5125 0.598436744957755
0.513 0.598436744957755
0.5135 0.597514654441642
0.514 0.596592563925528
0.5145 0.595670473409414
0.515 0.595670473409414
0.5155 0.594748382893301
0.516 0.593826292377187
0.5165 0.592904201861073
0.517 0.592904201861073
0.5175 0.59198211134496
0.518 0.591060020828846
0.5185 0.591060020828846
0.519 0.590137930312733
0.5195 0.589215839796619
0.52 0.588293749280505
0.5205 0.588293749280505
0.521 0.587371658764392
0.5215 0.586449568248278
0.522 0.585527477732164
0.5225 0.585527477732164
0.523 0.584605387216051
0.5235 0.583683296699937
0.524 0.582761206183823
0.5245 0.582761206183823
0.525 0.58183911566771
0.5255 0.580917025151596
0.526 0.580917025151596
0.5265 0.579994934635482
0.527 0.579072844119369
0.5275 0.578150753603255
0.528 0.578150753603255
0.5285 0.577228663087141
0.529 0.576306572571028
0.5295 0.575384482054914
0.53 0.575384482054914
0.5305 0.574462391538801
0.531 0.573540301022687
0.5315 0.573540301022687
0.532 0.572618210506573
0.5325 0.57169611999046
0.533 0.570774029474346
0.5335 0.570774029474346
0.534 0.569851938958232
0.5345 0.568929848442119
0.535 0.568007757926005
0.5355 0.568007757926005
0.536 0.567085667409891
0.5365 0.566163576893778
0.537 0.566163576893778
0.5375 0.565241486377664
0.538 0.56431939586155
0.5385 0.563397305345437
0.539 0.563397305345437
0.5395 0.562475214829323
0.54 0.561553124313209
0.5405 0.560631033797096
0.541 0.560631033797096
0.5415 0.559708943280982
0.542 0.558786852764869
0.5425 0.558786852764869
0.543 0.557864762248755
0.5435 0.556942671732641
0.544 0.556020581216528
0.5445 0.556020581216528
0.545 0.555098490700414
0.5455 0.5541764001843
0.546 0.5541764001843
0.5465 0.553254309668187
0.547 0.552332219152073
0.5475 0.551410128635959
0.548 0.551410128635959
0.5485 0.550488038119846
0.549 0.549565947603732
0.5495 0.548643857087619
0.55 0.548643857087619
0.5505 0.547721766571505
0.551 0.546799676055391
0.5515 0.546799676055391
0.552 0.545877585539278
0.5525 0.544955495023164
0.553 0.54403340450705
0.5535 0.54403340450705
0.554 0.543111313990937
0.5545 0.542189223474823
0.555 0.542189223474823
0.5555 0.541267132958709
0.556 0.540345042442596
0.5565 0.539422951926482
0.557 0.539422951926482
0.5575 0.538500861410368
0.558 0.537578770894255
0.5585 0.537578770894255
0.559 0.536656680378141
0.5595 0.535734589862027
0.56 0.534812499345914
0.5605 0.534812499345914
0.561 0.5338904088298
0.5615 0.532968318313687
0.562 0.532968318313687
0.5625 0.532046227797573
0.563 0.531124137281459
0.5635 0.530202046765346
0.564 0.530202046765346
0.5645 0.529279956249232
0.565 0.528357865733118
0.5655 0.528357865733118
0.566 0.527435775217005
0.5665 0.526513684700891
0.567 0.525591594184777
0.5675 0.525591594184777
0.568 0.524669503668664
0.5685 0.52374741315255
0.569 0.52374741315255
0.5695 0.522825322636436
0.57 0.521903232120323
0.5705 0.520981141604209
0.571 0.520981141604209
0.5715 0.520059051088095
0.572 0.519136960571982
0.5725 0.519136960571982
0.573 0.518214870055868
0.5735 0.517292779539755
0.574 0.517292779539755
0.5745 0.516370689023641
0.575 0.515448598507527
0.5755 0.514526507991414
0.576 0.514526507991414
0.5765 0.5136044174753
0.577 0.512682326959186
0.5775 0.512682326959186
0.578 0.511760236443073
0.5785 0.510838145926959
0.579 0.509916055410845
0.5795 0.509916055410845
0.58 0.508993964894732
0.5805 0.508071874378618
0.581 0.508071874378618
0.5815 0.507149783862505
0.582 0.506227693346391
0.5825 0.506227693346391
0.583 0.505305602830277
0.5835 0.504383512314164
0.584 0.50346142179805
0.5845 0.50346142179805
0.585 0.502539331281936
0.5855 0.501617240765823
0.586 0.501617240765823
0.5865 0.500695150249709
0.587 0.499773059733595
0.5875 0.498850969217482
0.588 0.498850969217482
0.5885 0.497928878701368
0.589 0.497006788185254
0.5895 0.497006788185254
0.59 0.496084697669141
0.5905 0.495162607153027
0.591 0.495162607153027
0.5915 0.494240516636913
0.592 0.4933184261208
0.5925 0.492396335604686
0.593 0.492396335604686
0.5935 0.491474245088573
0.594 0.490552154572459
0.5945 0.490552154572459
0.595 0.489630064056345
0.5955 0.488707973540232
0.596 0.488707973540232
0.5965 0.487785883024118
0.597 0.486863792508004
0.5975 0.485941701991891
0.598 0.485941701991891
0.5985 0.485019611475777
0.599 0.484097520959663
0.5995 0.484097520959663
0.6 0.48317543044355
0.6005 0.482253339927436
0.601 0.482253339927436
0.6015 0.481331249411322
0.602 0.480409158895209
0.6025 0.480409158895209
0.603 0.479487068379095
0.6035 0.478564977862982
0.604 0.477642887346868
0.6045 0.477642887346868
0.605 0.476720796830754
0.6055 0.475798706314641
0.606 0.475798706314641
0.6065 0.474876615798527
0.607 0.473954525282413
0.6075 0.473954525282413
0.608 0.4730324347663
0.6085 0.472110344250186
0.609 0.471188253734072
0.6095 0.471188253734072
0.61 0.470266163217959
0.6105 0.469344072701845
0.611 0.469344072701845
0.6115 0.468421982185731
0.612 0.467499891669618
0.6125 0.467499891669618
0.613 0.466577801153504
0.6135 0.46565571063739
0.614 0.46565571063739
0.6145 0.464733620121277
0.615 0.463811529605163
0.6155 0.46288943908905
0.616 0.46288943908905
0.6165 0.461967348572936
0.617 0.461045258056822
0.6175 0.461045258056822
0.618 0.460123167540709
0.6185 0.459201077024595
0.619 0.459201077024595
0.6195 0.458278986508481
0.62 0.457356895992368
0.6205 0.457356895992368
0.621 0.456434805476254
0.6215 0.45551271496014
0.622 0.45551271496014
0.6225 0.454590624444027
0.623 0.453668533927913
0.6235 0.452746443411799
0.624 0.452746443411799
0.6245 0.451824352895686
0.625 0.450902262379572
0.6255 0.450902262379572
0.626 0.449980171863459
0.6265 0.449058081347345
0.627 0.449058081347345
0.6275 0.448135990831231
0.628 0.447213900315118
0.6285 0.447213900315118
0.629 0.446291809799004
0.6295 0.44536971928289
0.63 0.444447628766777
0.6305 0.444447628766777
0.631 0.443525538250663
0.6315 0.442603447734549
0.632 0.442603447734549
0.6325 0.441681357218436
0.633 0.440759266702322
0.6335 0.440759266702322
0.634 0.439837176186208
0.6345 0.438915085670095
0.635 0.438915085670095
0.6355 0.437992995153981
0.636 0.437070904637868
0.6365 0.437070904637868
0.637 0.436148814121754
0.6375 0.43522672360564
0.638 0.43522672360564
0.6385 0.434304633089527
0.639 0.433382542573413
0.6395 0.432460452057299
0.64 0.432460452057299
0.6405 0.431538361541186
0.641 0.430616271025072
0.6415 0.430616271025072
0.642 0.429694180508958
0.6425 0.428772089992845
0.643 0.428772089992845
0.6435 0.427849999476731
0.644 0.426927908960617
0.6445 0.426927908960617
0.645 0.426005818444504
0.6455 0.42508372792839
0.646 0.42508372792839
0.6465 0.424161637412276
0.647 0.423239546896163
0.6475 0.423239546896163
0.648 0.422317456380049
0.6485 0.421395365863936
0.649 0.421395365863936
0.6495 0.420473275347822
0.65 0.419551184831708
0.6505 0.418629094315595
0.651 0.418629094315595
0.6515 0.417707003799481
0.652 0.416784913283367
0.6525 0.416784913283367
0.653 0.415862822767254
0.6535 0.41494073225114
0.654 0.41494073225114
0.6545 0.414018641735026
0.655 0.413096551218913
0.6555 0.413096551218913
0.656 0.412174460702799
0.6565 0.411252370186685
0.657 0.411252370186685
0.6575 0.410330279670572
0.658 0.409408189154458
0.6585 0.409408189154458
0.659 0.408486098638345
0.6595 0.407564008122231
0.66 0.407564008122231
0.6605 0.406641917606117
0.661 0.405719827090004
0.6615 0.405719827090004
0.662 0.40479773657389
0.6625 0.403875646057776
0.663 0.402953555541663
0.6635 0.402953555541663
0.664 0.402031465025549
0.6645 0.401109374509435
0.665 0.401109374509435
0.6655 0.400187283993322
0.666 0.399265193477208
0.6665 0.399265193477208
0.667 0.398343102961094
0.6675 0.397421012444981
0.668 0.397421012444981
0.6685 0.396498921928867
0.669 0.395576831412754
0.6695 0.395576831412754
0.67 0.39465474089664
0.6705 0.393732650380526
0.671 0.393732650380526
0.6715 0.392810559864413
0.672 0.391888469348299
0.6725 0.391888469348299
0.673 0.390966378832185
0.6735 0.390044288316072
0.674 0.390044288316072
0.6745 0.389122197799958
0.675 0.388200107283844
0.6755 0.388200107283844
0.676 0.387278016767731
0.6765 0.386355926251617
0.677 0.386355926251617
0.6775 0.385433835735503
0.678 0.38451174521939
0.6785 0.38451174521939
0.679 0.383589654703276
0.6795 0.382667564187162
0.68 0.382667564187162
0.6805 0.381745473671049
0.681 0.380823383154935
0.6815 0.380823383154935
0.682 0.379901292638822
0.6825 0.378979202122708
0.683 0.378979202122708
0.6835 0.378057111606594
0.684 0.377135021090481
0.6845 0.377135021090481
0.685 0.376212930574367
0.6855 0.375290840058253
0.686 0.37436874954214
0.6865 0.37436874954214
0.687 0.373446659026026
0.6875 0.372524568509912
0.688 0.372524568509912
0.6885 0.371602477993799
0.689 0.370680387477685
0.6895 0.370680387477685
0.69 0.369758296961571
0.6905 0.368836206445458
0.691 0.368836206445458
0.6915 0.367914115929344
0.692 0.366992025413231
0.6925 0.366992025413231
0.693 0.366069934897117
0.6935 0.365147844381003
0.694 0.365147844381003
0.6945 0.36422575386489
0.695 0.363303663348776
0.6955 0.363303663348776
0.696 0.362381572832662
0.6965 0.361459482316549
0.697 0.361459482316549
0.6975 0.360537391800435
0.698 0.359615301284321
0.6985 0.359615301284321
0.699 0.358693210768208
0.6995 0.357771120252094
0.7 0.357771120252094
0.7005 0.35684902973598
0.701 0.355926939219867
0.7015 0.355926939219867
0.702 0.355004848703753
0.7025 0.35408275818764
0.703 0.35408275818764
0.7035 0.353160667671526
0.704 0.352238577155412
0.7045 0.352238577155412
0.705 0.351316486639299
0.7055 0.350394396123185
0.706 0.350394396123185
0.7065 0.349472305607071
0.707 0.348550215090958
0.7075 0.348550215090958
0.708 0.347628124574844
0.7085 0.34670603405873
0.709 0.34670603405873
0.7095 0.345783943542617
0.71 0.344861853026503
0.7105 0.344861853026503
0.711 0.343939762510389
0.7115 0.343017671994276
0.712 0.343017671994276
0.7125 0.342095581478162
0.713 0.341173490962048
0.7135 0.341173490962048
0.714 0.340251400445935
0.7145 0.339329309929821
0.715 0.339329309929821
0.7155 0.338407219413708
0.716 0.337485128897594
0.7165 0.337485128897594
0.717 0.33656303838148
0.7175 0.335640947865367
0.718 0.335640947865367
0.7185 0.334718857349253
0.719 0.333796766833139
0.7195 0.333796766833139
0.72 0.332874676317026
0.7205 0.331952585800912
0.721 0.331952585800912
0.7215 0.331030495284798
0.722 0.330108404768685
0.7225 0.330108404768685
0.723 0.329186314252571
0.7235 0.328264223736457
0.724 0.328264223736457
0.7245 0.327342133220344
0.725 0.32642004270423
0.7255 0.32642004270423
0.726 0.325497952188117
0.7265 0.325497952188117
0.727 0.324575861672003
0.7275 0.323653771155889
0.728 0.323653771155889
0.7285 0.322731680639776
0.729 0.321809590123662
0.7295 0.321809590123662
0.73 0.320887499607548
0.7305 0.319965409091435
0.731 0.319965409091435
0.7315 0.319043318575321
0.732 0.318121228059207
0.7325 0.318121228059207
0.733 0.317199137543094
0.7335 0.31627704702698
0.734 0.31627704702698
0.7345 0.315354956510866
0.735 0.314432865994753
0.7355 0.314432865994753
0.736 0.313510775478639
0.7365 0.312588684962526
0.737 0.312588684962526
0.7375 0.311666594446412
0.738 0.310744503930298
0.7385 0.310744503930298
0.739 0.309822413414185
0.7395 0.308900322898071
0.74 0.308900322898071
0.7405 0.307978232381957
0.741 0.307056141865844
0.7415 0.307056141865844
0.742 0.30613405134973
0.7425 0.305211960833616
0.743 0.305211960833616
0.7435 0.304289870317503
0.744 0.303367779801389
0.7445 0.303367779801389
0.745 0.302445689285275
0.7455 0.301523598769162
0.746 0.301523598769162
0.7465 0.300601508253048
0.747 0.299679417736934
0.7475 0.299679417736934
0.748 0.298757327220821
0.7485 0.297835236704707
0.749 0.297835236704707
0.7495 0.296913146188594
0.75 0.296913146188594
0.7505 0.29599105567248
0.751 0.295068965156366
0.7515 0.295068965156366
0.752 0.294146874640253
0.7525 0.293224784124139
0.753 0.293224784124139
0.7535 0.292302693608025
0.754 0.291380603091912
0.7545 0.291380603091912
0.755 0.290458512575798
0.7555 0.289536422059684
0.756 0.289536422059684
0.7565 0.288614331543571
0.757 0.287692241027457
0.7575 0.287692241027457
0.758 0.286770150511343
0.7585 0.28584805999523
0.759 0.28584805999523
0.7595 0.284925969479116
0.76 0.284003878963002
0.7605 0.284003878963002
0.761 0.283081788446889
0.7615 0.282159697930775
0.762 0.282159697930775
0.7625 0.281237607414662
0.763 0.280315516898548
0.7635 0.280315516898548
0.764 0.279393426382434
0.7645 0.278471335866321
0.765 0.278471335866321
0.7655 0.277549245350207
0.766 0.276627154834093
0.7665 0.276627154834093
0.767 0.27570506431798
0.7675 0.27570506431798
0.768 0.274782973801866
0.7685 0.273860883285752
0.769 0.273860883285752
0.7695 0.272938792769639
0.77 0.272016702253525
0.7705 0.272016702253525
0.771 0.271094611737412
0.7715 0.270172521221298
0.772 0.270172521221298
0.7725 0.269250430705184
0.773 0.268328340189071
0.7735 0.268328340189071
0.774 0.267406249672957
0.7745 0.266484159156843
0.775 0.266484159156843
0.7755 0.26556206864073
0.776 0.264639978124616
0.7765 0.264639978124616
0.777 0.263717887608502
0.7775 0.262795797092389
0.778 0.262795797092389
0.7785 0.261873706576275
0.779 0.260951616060161
0.7795 0.260951616060161
0.78 0.260029525544048
0.7805 0.260029525544048
0.781 0.259107435027934
0.7815 0.25818534451182
0.782 0.25818534451182
0.7825 0.257263253995707
0.783 0.256341163479593
0.7835 0.256341163479593
0.784 0.25541907296348
0.7845 0.254496982447366
0.785 0.254496982447366
0.7855 0.253574891931252
0.786 0.252652801415139
0.7865 0.252652801415139
0.787 0.251730710899025
0.7875 0.250808620382911
0.788 0.250808620382911
0.7885 0.249886529866798
0.789 0.248964439350684
0.7895 0.248964439350684
0.79 0.24804234883457
0.7905 0.247120258318457
0.791 0.247120258318457
0.7915 0.246198167802343
0.792 0.246198167802343
0.7925 0.245276077286229
0.793 0.244353986770116
0.7935 0.244353986770116
0.794 0.243431896254002
0.7945 0.242509805737889
0.795 0.242509805737889
0.7955 0.241587715221775
0.796 0.240665624705661
0.7965 0.240665624705661
0.797 0.239743534189548
0.7975 0.238821443673434
0.798 0.238821443673434
0.7985 0.23789935315732
0.799 0.236977262641207
0.7995 0.236977262641207
0.8 0.236055172125093
0.8005 0.235133081608979
0.801 0.235133081608979
0.8015 0.234210991092866
0.802 0.234210991092866
0.8025 0.233288900576752
0.803 0.232366810060638
0.8035 0.232366810060638
0.804 0.231444719544525
0.8045 0.230522629028411
0.805 0.230522629028411
0.8055 0.229600538512297
0.806 0.228678447996184
0.8065 0.228678447996184
0.807 0.22775635748007
0.8075 0.226834266963957
0.808 0.226834266963957
0.8085 0.225912176447843
0.809 0.224990085931729
0.8095 0.224990085931729
0.81 0.224067995415616
0.8105 0.224067995415616
0.811 0.223145904899502
0.8115 0.222223814383388
0.812 0.222223814383388
0.8125 0.221301723867275
0.813 0.220379633351161
0.8135 0.220379633351161
0.814 0.219457542835047
0.8145 0.218535452318934
0.815 0.218535452318934
0.8155 0.21761336180282
0.816 0.216691271286706
0.8165 0.216691271286706
0.817 0.215769180770593
0.8175 0.214847090254479
0.818 0.214847090254479
0.8185 0.213924999738366
0.819 0.213002909222252
0.8195 0.213002909222252
0.82 0.212080818706138
0.8205 0.212080818706138
0.821 0.211158728190025
0.8215 0.210236637673911
0.822 0.210236637673911
0.8225 0.209314547157797
0.823 0.208392456641684
0.8235 0.208392456641684
0.824 0.20747036612557
0.8245 0.206548275609456
0.825 0.206548275609456
0.8255 0.205626185093343
0.826 0.204704094577229
0.8265 0.204704094577229
0.827 0.203782004061115
0.8275 0.202859913545002
0.828 0.202859913545002
0.8285 0.201937823028888
0.829 0.201937823028888
0.8295 0.201015732512775
0.83 0.200093641996661
0.8305 0.200093641996661
0.831 0.199171551480547
0.8315 0.198249460964434
0.832 0.198249460964434
0.8325 0.19732737044832
0.833 0.196405279932206
0.8335 0.196405279932206
0.834 0.195483189416093
0.8345 0.194561098899979
0.835 0.194561098899979
0.8355 0.193639008383865
0.836 0.193639008383865
0.8365 0.192716917867752
0.837 0.191794827351638
0.8375 0.191794827351638
0.838 0.190872736835524
0.8385 0.189950646319411
0.839 0.189950646319411
0.8395 0.189028555803297
0.84 0.188106465287183
0.8405 0.188106465287183
0.841 0.18718437477107
0.8415 0.186262284254956
0.842 0.186262284254956
0.8425 0.185340193738843
0.843 0.184418103222729
0.8435 0.184418103222729
0.844 0.183496012706615
0.8445 0.183496012706615
0.845 0.182573922190502
0.8455 0.181651831674388
0.846 0.181651831674388
0.8465 0.180729741158274
0.847 0.179807650642161
0.8475 0.179807650642161
0.848 0.178885560126047
0.8485 0.177963469609933
0.849 0.177963469609933
0.8495 0.17704137909382
0.85 0.176119288577706
0.8505 0.176119288577706
0.851 0.175197198061592
0.8515 0.175197198061592
0.852 0.174275107545479
0.8525 0.173353017029365
0.853 0.173353017029365
0.8535 0.172430926513252
0.854 0.171508835997138
0.8545 0.171508835997138
0.855 0.170586745481024
0.8555 0.169664654964911
0.856 0.169664654964911
0.8565 0.168742564448797
0.857 0.167820473932683
0.8575 0.167820473932683
0.858 0.16689838341657
0.8585 0.16689838341657
0.859 0.165976292900456
0.8595 0.165054202384342
0.86 0.165054202384342
0.8605 0.164132111868229
0.861 0.163210021352115
0.8615 0.163210021352115
0.862 0.162287930836001
0.8625 0.161365840319888
0.863 0.161365840319888
0.8635 0.160443749803774
0.864 0.159521659287661
0.8645 0.159521659287661
0.865 0.158599568771547
0.8655 0.158599568771547
0.866 0.157677478255433
0.8665 0.15675538773932
0.867 0.15675538773932
0.8675 0.155833297223206
0.868 0.154911206707092
0.8685 0.154911206707092
0.869 0.153989116190979
0.8695 0.153067025674865
0.87 0.153067025674865
0.8705 0.152144935158751
0.871 0.151222844642638
0.8715 0.151222844642638
0.872 0.150300754126524
0.8725 0.150300754126524
0.873 0.14937866361041
0.8735 0.148456573094297
0.874 0.148456573094297
0.8745 0.147534482578183
0.875 0.146612392062069
0.8755 0.146612392062069
0.876 0.145690301545956
0.8765 0.144768211029842
0.877 0.144768211029842
0.8775 0.143846120513729
0.878 0.142924029997615
0.8785 0.142924029997615
0.879 0.142001939481501
0.8795 0.142001939481501
0.88 0.141079848965388
0.8805 0.140157758449274
0.881 0.140157758449274
0.8815 0.13923566793316
0.882 0.138313577417047
0.8825 0.138313577417047
0.883 0.137391486900933
0.8835 0.136469396384819
0.884 0.136469396384819
0.8845 0.135547305868706
0.885 0.134625215352592
0.8855 0.134625215352592
0.886 0.133703124836478
0.8865 0.133703124836478
0.887 0.132781034320365
0.8875 0.131858943804251
0.888 0.131858943804251
0.8885 0.130936853288138
0.889 0.130014762772024
0.8895 0.130014762772024
0.89 0.12909267225591
0.8905 0.128170581739797
0.891 0.128170581739797
0.8915 0.127248491223683
0.892 0.127248491223683
0.8925 0.126326400707569
0.893 0.125404310191456
0.8935 0.125404310191456
0.894 0.124482219675342
0.8945 0.123560129159228
0.895 0.123560129159228
0.8955 0.122638038643115
0.896 0.121715948127001
0.8965 0.121715948127001
0.897 0.120793857610887
0.8975 0.119871767094774
0.898 0.119871767094774
0.8985 0.11894967657866
0.899 0.11894967657866
0.8995 0.118027586062546
0.9 0.117105495546433
0.9005 0.117105495546433
0.901 0.116183405030319
0.9015 0.115261314514206
0.902 0.115261314514206
0.9025 0.114339223998092
0.903 0.113417133481978
0.9035 0.113417133481978
0.904 0.112495042965865
0.9045 0.112495042965865
0.905 0.111572952449751
0.9055 0.110650861933637
0.906 0.110650861933637
0.9065 0.109728771417524
0.907 0.10880668090141
0.9075 0.10880668090141
0.908 0.107884590385296
0.9085 0.106962499869183
0.909 0.106962499869183
0.9095 0.106040409353069
0.91 0.106040409353069
0.9105 0.105118318836955
0.911 0.104196228320842
0.9115 0.104196228320842
0.912 0.103274137804728
0.9125 0.102352047288615
0.913 0.102352047288615
0.9135 0.101429956772501
0.914 0.100507866256387
0.9145 0.100507866256387
0.915 0.0995857757402736
0.9155 0.09866368522416
0.916 0.09866368522416
0.9165 0.0977415947080463
0.917 0.0977415947080463
0.9175 0.0968195041919327
0.918 0.095897413675819
0.9185 0.095897413675819
0.919 0.0949753231597054
0.9195 0.0940532326435917
0.92 0.0940532326435917
0.9205 0.0931311421274781
0.921 0.0922090516113645
0.9215 0.0922090516113645
0.922 0.0912869610952508
0.9225 0.0912869610952508
0.923 0.0903648705791372
0.9235 0.0894427800630235
0.924 0.0894427800630235
0.9245 0.0885206895469099
0.925 0.0875985990307962
0.9255 0.0875985990307962
0.926 0.0866765085146826
0.9265 0.0857544179985689
0.927 0.0857544179985689
0.9275 0.0848323274824553
0.928 0.0848323274824553
0.9285 0.0839102369663417
0.929 0.082988146450228
0.9295 0.082988146450228
0.93 0.0820660559341144
0.9305 0.0811439654180007
0.931 0.0811439654180007
0.9315 0.0802218749018871
0.932 0.0792997843857734
0.9325 0.0792997843857734
0.933 0.0783776938696598
0.9335 0.0783776938696598
0.934 0.0774556033535461
0.9345 0.0765335128374325
0.935 0.0765335128374325
0.9355 0.0756114223213189
0.936 0.0746893318052052
0.9365 0.0746893318052052
0.937 0.0737672412890916
0.9375 0.0728451507729779
0.938 0.0728451507729779
0.9385 0.0719230602568643
0.939 0.0719230602568643
0.9395 0.0710009697407506
0.94 0.070078879224637
0.9405 0.070078879224637
0.941 0.0691567887085233
0.9415 0.0682346981924097
0.942 0.0682346981924097
0.9425 0.0673126076762961
0.943 0.0663905171601824
0.9435 0.0663905171601824
0.944 0.0654684266440688
0.9445 0.0654684266440688
0.945 0.0645463361279551
0.9455 0.0636242456118415
0.946 0.0636242456118415
0.9465 0.0627021550957278
0.947 0.0617800645796142
0.9475 0.0617800645796142
0.948 0.0608579740635005
0.9485 0.0599358835473869
0.949 0.0599358835473869
0.9495 0.0590137930312732
0.95 0.0590137930312732
0.9505 0.0580917025151596
0.951 0.057169611999046
0.9515 0.057169611999046
0.952 0.0562475214829323
0.9525 0.0553254309668187
0.953 0.0553254309668187
0.9535 0.054403340450705
0.954 0.0534812499345914
0.9545 0.0534812499345914
0.955 0.0525591594184777
0.9555 0.0525591594184777
0.956 0.0516370689023641
0.9565 0.0507149783862504
0.957 0.0507149783862504
0.9575 0.0497928878701368
0.958 0.0488707973540232
0.9585 0.0488707973540232
0.959 0.0479487068379095
0.9595 0.0470266163217959
0.96 0.0470266163217959
0.9605 0.0461045258056822
0.961 0.0461045258056822
0.9615 0.0451824352895686
0.962 0.0442603447734549
0.9625 0.0442603447734549
0.963 0.0433382542573413
0.9635 0.0424161637412276
0.964 0.0424161637412276
0.9645 0.041494073225114
0.965 0.0405719827090004
0.9655 0.0405719827090004
0.966 0.0396498921928867
0.9665 0.0396498921928867
0.967 0.0387278016767731
0.9675 0.0378057111606594
0.968 0.0378057111606594
0.9685 0.0368836206445458
0.969 0.0359615301284321
0.9695 0.0359615301284321
0.97 0.0350394396123185
0.9705 0.0341173490962048
0.971 0.0341173490962048
0.9715 0.0331952585800912
0.972 0.0331952585800912
0.9725 0.0322731680639776
0.973 0.0313510775478639
0.9735 0.0313510775478639
0.974 0.0304289870317503
0.9745 0.0295068965156366
0.975 0.0295068965156366
0.9755 0.028584805999523
0.976 0.0276627154834093
0.9765 0.0276627154834093
0.977 0.0267406249672957
0.9775 0.0267406249672957
0.978 0.025818534451182
0.9785 0.0248964439350684
0.979 0.0248964439350684
0.9795 0.0239743534189548
0.98 0.0230522629028411
0.9805 0.0230522629028411
0.981 0.0221301723867275
0.9815 0.0212080818706138
0.982 0.0212080818706138
0.9825 0.0202859913545002
0.983 0.0202859913545002
0.9835 0.0193639008383865
0.984 0.0184418103222729
0.9845 0.0184418103222729
0.985 0.0175197198061592
0.9855 0.0165976292900456
0.986 0.0165976292900456
0.9865 0.015675538773932
0.987 0.0147534482578183
0.9875 0.0147534482578183
0.988 0.0138313577417047
0.9885 0.0138313577417047
0.989 0.012909267225591
0.9895 0.0119871767094774
0.99 0.0119871767094774
0.9905 0.0110650861933637
0.991 0.0101429956772501
0.9915 0.0101429956772501
0.992 0.00922090516113645
0.9925 0.00922090516113645
0.993 0.0082988146450228
0.9935 0.00737672412890916
0.994 0.00737672412890916
0.9945 0.00645463361279551
0.995 0.00553254309668187
0.9955 0.00553254309668187
0.996 0.00461045258056822
0.9965 0.00368836206445458
0.997 0.00368836206445458
0.9975 0.00276627154834093
0.998 0.00276627154834093
0.9985 0.00184418103222729
0.999 0.000922090516113645
0.9995 0.000922090516113645
1 0
