"EPS" "T"
5e-04 3.26931953846859
0.001 3.08593862830797
0.0015 3.00067234523966
0.002 2.96095928189277
0.0025 2.90606181197208
0.003 2.85934056097574
0.0035 2.82079552890377
0.004 2.78575459065652
0.0045 2.75421774623399
0.005 2.72618499563619
0.0055 2.7004883075882
0.006 2.67712768209004
0.0065 2.65493508786678
0.007 2.63507855619333
0.0075 2.6163900557948
0.008 2.59770155539626
0.0085 2.58134911754755
0.009 2.56499667969883
0.0095 2.54981227312502
0.01 2.53462786655121
0.0105 2.52061149125231
0.011 2.50776314722832
0.0115 2.49491480320433
0.012 2.48206645918033
0.0125 2.47038614643125
0.013 2.45870583368217
0.0135 2.44819355220799
0.014 2.43768127073381
0.0145 2.42716898925964
0.015 2.41665670778546
0.0155 2.4073124575862
0.016 2.39796820738693
0.0165 2.38862395718766
0.017 2.3792797069884
0.0175 2.37110348806404
0.018 2.36292726913968
0.0185 2.35358301894041
0.019 2.34657483129096
0.0195 2.3383986123666
0.02 2.33022239344224
0.0205 2.32321420579279
0.021 2.31503798686843
0.0215 2.30802979921898
0.022 2.30102161156953
0.0225 2.29401342392008
0.023 2.28700523627063
0.0235 2.27999704862118
0.024 2.27415689224664
0.0245 2.26714870459719
0.025 2.26130854822265
0.0255 2.25546839184811
0.026 2.24846020419866
0.0265 2.24262004782411
0.027 2.23677989144957
0.0275 2.23093973507503
0.028 2.22509957870049
0.0285 2.21925942232595
0.029 2.21458729722631
0.0295 2.20874714085177
0.03 2.20290698447723
0.0305 2.19823485937759
0.031 2.19239470300305
0.0315 2.18772257790342
0.032 2.18188242152888
0.0325 2.17721029642924
0.033 2.17253817132961
0.0335 2.16786604622998
0.034 2.16319392113034
0.0345 2.1573537647558
0.035 2.15268163965617
0.0355 2.14800951455653
0.036 2.1433373894569
0.0365 2.13983329563218
0.037 2.13516117053254
0.0375 2.13048904543291
0.038 2.12581692033327
0.0385 2.12114479523364
0.039 2.11764070140892
0.0395 2.11296857630928
0.04 2.10946448248456
0.0405 2.10479235738492
0.041 2.10012023228529
0.0415 2.09661613846056
0.042 2.09194401336093
0.0425 2.08843991953621
0.043 2.08493582571148
0.0435 2.08026370061185
0.044 2.07675960678712
0.0445 2.0732555129624
0.045 2.06858338786276
0.0455 2.06507929403804
0.046 2.06157520021331
0.0465 2.05807110638859
0.047 2.05456701256386
0.0475 2.05106291873914
0.048 2.04755882491441
0.0485 2.04405473108969
0.049 2.03938260599005
0.0495 2.03587851216533
0.05 2.0323744183406
0.0505 2.03003835579079
0.051 2.02653426196606
0.0515 2.02303016814134
0.052 2.01952607431661
0.0525 2.01602198049189
0.053 2.01251788666716
0.0535 2.00901379284243
0.054 2.00667773029262
0.0545 2.00317363646789
0.055 1.99966954264317
0.0555 1.99616544881844
0.056 1.99382938626863
0.0565 1.9903252924439
0.057 1.98682119861918
0.0575 1.98448513606936
0.058 1.98098104224463
0.0585 1.97747694841991
0.059 1.97514088587009
0.0595 1.97163679204537
0.06 1.96930072949555
0.0605 1.96579663567082
0.061 1.96346057312101
0.0615 1.95995647929628
0.062 1.95762041674647
0.0625 1.95411632292174
0.063 1.95178026037192
0.0635 1.9482761665472
0.064 1.94594010399738
0.0645 1.94243601017266
0.065 1.94009994762284
0.0655 1.93776388507302
0.066 1.9342597912483
0.0665 1.93192372869848
0.067 1.92841963487376
0.0675 1.92608357232394
0.068 1.92374750977412
0.0685 1.92141144722431
0.069 1.91790735339958
0.0695 1.91557129084976
0.07 1.91323522829995
0.0705 1.90973113447522
0.071 1.9073950719254
0.0715 1.90505900937559
0.072 1.90272294682577
0.0725 1.90038688427595
0.073 1.89688279045123
0.0735 1.89454672790141
0.074 1.8922106653516
0.0745 1.88987460280178
0.075 1.88753854025196
0.0755 1.88520247770215
0.076 1.88286641515233
0.0765 1.8793623213276
0.077 1.87702625877779
0.0775 1.87469019622797
0.078 1.87235413367815
0.0785 1.87001807112834
0.079 1.86768200857852
0.0795 1.8653459460287
0.08 1.86300988347889
0.0805 1.86067382092907
0.081 1.85833775837925
0.0815 1.85600169582944
0.082 1.85366563327962
0.0825 1.8513295707298
0.083 1.84899350817999
0.0835 1.84665744563017
0.084 1.84432138308035
0.0845 1.84198532053053
0.085 1.83964925798072
0.0855 1.8373131954309
0.086 1.83497713288108
0.0865 1.83264107033127
0.087 1.83147303905636
0.0875 1.82913697650654
0.088 1.82680091395673
0.0885 1.82446485140691
0.089 1.82212878885709
0.0895 1.81979272630728
0.09 1.81745666375746
0.0905 1.81512060120764
0.091 1.81395256993273
0.0915 1.81161650738292
0.092 1.8092804448331
0.0925 1.80694438228328
0.093 1.80460831973347
0.0935 1.80344028845856
0.094 1.80110422590874
0.0945 1.79876816335892
0.095 1.79643210080911
0.0955 1.79409603825929
0.096 1.79292800698438
0.0965 1.79059194443457
0.097 1.78825588188475
0.0975 1.78591981933493
0.098 1.78475178806002
0.0985 1.78241572551021
0.099 1.78007966296039
0.0995 1.77891163168548
0.1 1.77657556913566
0.1005 1.77423950658585
0.101 1.77190344403603
0.1015 1.77073541276112
0.102 1.76839935021131
0.1025 1.76606328766149
0.103 1.76489525638658
0.1035 1.76255919383676
0.104 1.76022313128695
0.1045 1.75905510001204
0.105 1.75671903746222
0.1055 1.75438297491241
0.106 1.7532149436375
0.1065 1.75087888108768
0.107 1.74971084981277
0.1075 1.74737478726296
0.108 1.74503872471314
0.1085 1.74387069343823
0.109 1.74153463088841
0.1095 1.7391985683386
0.11 1.73803053706369
0.1105 1.73569447451387
0.111 1.73452644323896
0.1115 1.73219038068915
0.112 1.73102234941424
0.1125 1.72868628686442
0.113 1.7263502243146
0.1135 1.7251821930397
0.114 1.72284613048988
0.1145 1.72167809921497
0.115 1.71934203666515
0.1155 1.71817400539025
0.116 1.71583794284043
0.1165 1.71466991156552
0.117 1.7123338490157
0.1175 1.71116581774079
0.118 1.70882975519098
0.1185 1.70766172391607
0.119 1.70532566136625
0.1195 1.70415763009134
0.12 1.70182156754153
0.1205 1.70065353626662
0.121 1.6983174737168
0.1215 1.69714944244189
0.122 1.69481337989208
0.1225 1.69364534861717
0.123 1.69130928606735
0.1235 1.69014125479244
0.124 1.68780519224263
0.1245 1.68663716096772
0.125 1.6843010984179
0.1255 1.68313306714299
0.126 1.68079700459318
0.1265 1.67962897331827
0.127 1.67846094204336
0.1275 1.67612487949354
0.128 1.67495684821863
0.1285 1.67262078566882
0.129 1.67145275439391
0.1295 1.66911669184409
0.13 1.66794866056918
0.1305 1.66678062929428
0.131 1.66444456674446
0.1315 1.66327653546955
0.132 1.66094047291973
0.1325 1.65977244164483
0.133 1.65860441036992
0.1335 1.6562683478201
0.134 1.65510031654519
0.1345 1.65276425399538
0.135 1.65159622272047
0.1355 1.65042819144556
0.136 1.64809212889574
0.1365 1.64692409762083
0.137 1.64575606634592
0.1375 1.64342000379611
0.138 1.6422519725212
0.1385 1.64108394124629
0.139 1.63874787869647
0.1395 1.63757984742157
0.14 1.63641181614666
0.1405 1.63407575359684
0.141 1.63290772232193
0.1415 1.63173969104702
0.142 1.62940362849721
0.1425 1.6282355972223
0.143 1.62706756594739
0.1435 1.62473150339757
0.144 1.62356347212267
0.1445 1.62239544084776
0.145 1.62005937829794
0.1455 1.61889134702303
0.146 1.61772331574812
0.1465 1.61538725319831
0.147 1.6142192219234
0.1475 1.61305119064849
0.148 1.61071512809867
0.1485 1.60954709682376
0.149 1.60837906554886
0.1495 1.60721103427395
0.15 1.60487497172413
0.1505 1.60370694044922
0.151 1.60253890917431
0.1515 1.6002028466245
0.152 1.59903481534959
0.1525 1.59786678407468
0.153 1.59669875279977
0.1535 1.59436269024996
0.154 1.59319465897505
0.1545 1.59202662770014
0.155 1.59085859642523
0.1555 1.58852253387541
0.156 1.58735450260051
0.1565 1.5861864713256
0.157 1.58501844005069
0.1575 1.58268237750087
0.158 1.58151434622596
0.1585 1.58034631495106
0.159 1.57917828367615
0.1595 1.57684222112633
0.16 1.57567418985142
0.1605 1.57450615857651
0.161 1.5733381273016
0.1615 1.5721700960267
0.162 1.56983403347688
0.1625 1.56866600220197
0.163 1.56749797092706
0.1635 1.56632993965215
0.164 1.56516190837725
0.1645 1.56282584582743
0.165 1.56165781455252
0.1655 1.56048978327761
0.166 1.5593217520027
0.1665 1.55698568945289
0.167 1.55581765817798
0.1675 1.55464962690307
0.168 1.55348159562816
0.1685 1.55231356435325
0.169 1.55114553307835
0.1695 1.54880947052853
0.17 1.54764143925362
0.1705 1.54647340797871
0.171 1.5453053767038
0.1715 1.54413734542889
0.172 1.54180128287908
0.1725 1.54063325160417
0.173 1.53946522032926
0.1735 1.53829718905435
0.174 1.53712915777944
0.1745 1.53596112650454
0.175 1.53362506395472
0.1755 1.53245703267981
0.176 1.5312890014049
0.1765 1.53012097012999
0.177 1.52895293885509
0.1775 1.52778490758018
0.178 1.52661687630527
0.1785 1.52428081375545
0.179 1.52311278248054
0.1795 1.52194475120564
0.18 1.52077671993073
0.1805 1.51960868865582
0.181 1.51844065738091
0.1815 1.517272626106
0.182 1.51493656355618
0.1825 1.51376853228128
0.183 1.51260050100637
0.1835 1.51143246973146
0.184 1.51026443845655
0.1845 1.50909640718164
0.185 1.50792837590673
0.1855 1.50676034463183
0.186 1.50442428208201
0.1865 1.5032562508071
0.187 1.50208821953219
0.1875 1.50092018825728
0.188 1.49975215698238
0.1885 1.49858412570747
0.189 1.49741609443256
0.1895 1.49624806315765
0.19 1.49508003188274
0.1905 1.49274396933293
0.191 1.49157593805802
0.1915 1.49040790678311
0.192 1.4892398755082
0.1925 1.48807184423329
0.193 1.48690381295838
0.1935 1.48573578168348
0.194 1.48456775040857
0.1945 1.48339971913366
0.195 1.48223168785875
0.1955 1.47989562530893
0.196 1.47872759403402
0.1965 1.47755956275912
0.197 1.47639153148421
0.1975 1.4752235002093
0.198 1.47405546893439
0.1985 1.47288743765948
0.199 1.47171940638457
0.1995 1.47055137510967
0.2 1.46938334383476
0.2005 1.46821531255985
0.201 1.46704728128494
0.2015 1.46587925001003
0.202 1.46471121873512
0.2025 1.46237515618531
0.203 1.4612071249104
0.2035 1.46003909363549
0.204 1.45887106236058
0.2045 1.45770303108567
0.205 1.45653499981077
0.2055 1.45536696853586
0.206 1.45419893726095
0.2065 1.45303090598604
0.207 1.45186287471113
0.2075 1.45069484343622
0.208 1.44952681216131
0.2085 1.44835878088641
0.209 1.4471907496115
0.2095 1.44602271833659
0.21 1.44485468706168
0.2105 1.44368665578677
0.211 1.44251862451186
0.2115 1.44135059323696
0.212 1.44018256196205
0.2125 1.43784649941223
0.213 1.43667846813732
0.2135 1.43551043686241
0.214 1.43434240558751
0.2145 1.4331743743126
0.215 1.43200634303769
0.2155 1.43083831176278
0.216 1.42967028048787
0.2165 1.42850224921296
0.217 1.42733421793806
0.2175 1.42616618666315
0.218 1.42499815538824
0.2185 1.42383012411333
0.219 1.42266209283842
0.2195 1.42149406156351
0.22 1.42032603028861
0.2205 1.4191579990137
0.221 1.41798996773879
0.2215 1.41682193646388
0.222 1.41565390518897
0.2225 1.41448587391406
0.223 1.41331784263915
0.2235 1.41214981136425
0.224 1.41098178008934
0.2245 1.40981374881443
0.225 1.40864571753952
0.2255 1.40747768626461
0.226 1.4063096549897
0.2265 1.4051416237148
0.227 1.40397359243989
0.2275 1.40280556116498
0.228 1.40163752989007
0.2285 1.40046949861516
0.229 1.39930146734025
0.2295 1.39813343606535
0.23 1.39696540479044
0.2305 1.39579737351553
0.231 1.39462934224062
0.2315 1.39346131096571
0.232 1.3922932796908
0.2325 1.3911252484159
0.233 1.38995721714099
0.2335 1.38878918586608
0.234 1.38762115459117
0.2345 1.38645312331626
0.235 1.38528509204135
0.2355 1.38411706076645
0.236 1.38294902949154
0.2365 1.38178099821663
0.237 1.38061296694172
0.2375 1.37944493566681
0.238 1.3782769043919
0.2385 1.37710887311699
0.239 1.37594084184209
0.2395 1.37477281056718
0.24 1.37360477929227
0.2405 1.37243674801736
0.241 1.37243674801736
0.2415 1.37126871674245
0.242 1.37010068546754
0.2425 1.36893265419264
0.243 1.36776462291773
0.2435 1.36659659164282
0.244 1.36542856036791
0.2445 1.364260529093
0.245 1.36309249781809
0.2455 1.36192446654319
0.246 1.36075643526828
0.2465 1.35958840399337
0.247 1.35842037271846
0.2475 1.35725234144355
0.248 1.35608431016864
0.2485 1.35491627889374
0.249 1.35374824761883
0.2495 1.35258021634392
0.25 1.35141218506901
0.2505 1.3502441537941
0.251 1.34907612251919
0.2515 1.34790809124428
0.252 1.34674005996938
0.2525 1.34674005996938
0.253 1.34557202869447
0.2535 1.34440399741956
0.254 1.34323596614465
0.2545 1.34206793486974
0.255 1.34089990359483
0.2555 1.33973187231993
0.256 1.33856384104502
0.2565 1.33739580977011
0.257 1.3362277784952
0.2575 1.33505974722029
0.258 1.33389171594538
0.2585 1.33272368467048
0.259 1.33155565339557
0.2595 1.33038762212066
0.26 1.32921959084575
0.2605 1.32921959084575
0.261 1.32805155957084
0.2615 1.32688352829593
0.262 1.32571549702103
0.2625 1.32454746574612
0.263 1.32337943447121
0.2635 1.3222114031963
0.264 1.32104337192139
0.2645 1.31987534064648
0.265 1.31870730937158
0.2655 1.31753927809667
0.266 1.31637124682176
0.2665 1.31520321554685
0.267 1.31403518427194
0.2675 1.31403518427194
0.268 1.31286715299703
0.2685 1.31169912172212
0.269 1.31053109044722
0.2695 1.30936305917231
0.27 1.3081950278974
0.2705 1.30702699662249
0.271 1.30585896534758
0.2715 1.30469093407267
0.272 1.30352290279777
0.2725 1.30235487152286
0.273 1.30118684024795
0.2735 1.30118684024795
0.274 1.30001880897304
0.2745 1.29885077769813
0.275 1.29768274642322
0.2755 1.29651471514832
0.276 1.29534668387341
0.2765 1.2941786525985
0.277 1.29301062132359
0.2775 1.29184259004868
0.278 1.29067455877377
0.2785 1.28950652749887
0.279 1.28950652749887
0.2795 1.28833849622396
0.28 1.28717046494905
0.2805 1.28600243367414
0.281 1.28483440239923
0.2815 1.28366637112432
0.282 1.28249833984941
0.2825 1.28133030857451
0.283 1.2801622772996
0.2835 1.27899424602469
0.284 1.27899424602469
0.2845 1.27782621474978
0.285 1.27665818347487
0.2855 1.27549015219996
0.286 1.27432212092506
0.2865 1.27315408965015
0.287 1.27198605837524
0.2875 1.27081802710033
0.288 1.26964999582542
0.2885 1.26964999582542
0.289 1.26848196455051
0.2895 1.26731393327561
0.29 1.2661459020007
0.2905 1.26497787072579
0.291 1.26380983945088
0.2915 1.26264180817597
0.292 1.26147377690106
0.2925 1.26030574562616
0.293 1.26030574562616
0.2935 1.25913771435125
0.294 1.25796968307634
0.2945 1.25680165180143
0.295 1.25563362052652
0.2955 1.25446558925161
0.296 1.25329755797671
0.2965 1.2521295267018
0.297 1.2521295267018
0.2975 1.25096149542689
0.298 1.24979346415198
0.2985 1.24862543287707
0.299 1.24745740160216
0.2995 1.24628937032725
0.3 1.24512133905235
0.3005 1.24395330777744
0.301 1.24395330777744
0.3015 1.24278527650253
0.302 1.24161724522762
0.3025 1.24044921395271
0.303 1.2392811826778
0.3035 1.2381131514029
0.304 1.23694512012799
0.3045 1.23577708885308
0.305 1.23577708885308
0.3055 1.23460905757817
0.306 1.23344102630326
0.3065 1.23227299502835
0.307 1.23110496375345
0.3075 1.22993693247854
0.308 1.22876890120363
0.3085 1.22760086992872
0.309 1.22760086992872
0.3095 1.22643283865381
0.31 1.2252648073789
0.3105 1.224096776104
0.311 1.22292874482909
0.3115 1.22176071355418
0.312 1.22059268227927
0.3125 1.22059268227927
0.313 1.21942465100436
0.3135 1.21825661972945
0.314 1.21708858845454
0.3145 1.21592055717964
0.315 1.21475252590473
0.3155 1.21358449462982
0.316 1.21358449462982
0.3165 1.21241646335491
0.317 1.21124843208
0.3175 1.21008040080509
0.318 1.20891236953019
0.3185 1.20774433825528
0.319 1.20657630698037
0.3195 1.20657630698037
0.32 1.20540827570546
0.3205 1.20424024443055
0.321 1.20307221315564
0.3215 1.20190418188074
0.322 1.20073615060583
0.3225 1.19956811933092
0.323 1.19956811933092
0.3235 1.19840008805601
0.324 1.1972320567811
0.3245 1.19606402550619
0.325 1.19489599423129
0.3255 1.19372796295638
0.326 1.19372796295638
0.3265 1.19255993168147
0.327 1.19139190040656
0.3275 1.19022386913165
0.328 1.18905583785674
0.3285 1.18788780658184
0.329 1.18671977530693
0.3295 1.18671977530693
0.33 1.18555174403202
0.3305 1.18438371275711
0.331 1.1832156814822
0.3315 1.18204765020729
0.332 1.18087961893238
0.3325 1.18087961893238
0.333 1.17971158765748
0.3335 1.17854355638257
0.334 1.17737552510766
0.3345 1.17620749383275
0.335 1.17503946255784
0.3355 1.17503946255784
0.336 1.17387143128293
0.3365 1.17270340000803
0.337 1.17153536873312
0.3375 1.17036733745821
0.338 1.1691993061833
0.3385 1.16803127490839
0.339 1.16803127490839
0.3395 1.16686324363348
0.34 1.16569521235858
0.3405 1.16452718108367
0.341 1.16335914980876
0.3415 1.16219111853385
0.342 1.16219111853385
0.3425 1.16102308725894
0.343 1.15985505598403
0.3435 1.15868702470913
0.344 1.15751899343422
0.3445 1.15635096215931
0.345 1.15635096215931
0.3455 1.1551829308844
0.346 1.15401489960949
0.3465 1.15284686833458
0.347 1.15167883705967
0.3475 1.15167883705967
0.348 1.15051080578477
0.3485 1.14934277450986
0.349 1.14817474323495
0.3495 1.14700671196004
0.35 1.14583868068513
0.3505 1.14583868068513
0.351 1.14467064941022
0.3515 1.14350261813532
0.352 1.14233458686041
0.3525 1.1411665555855
0.353 1.13999852431059
0.3535 1.13999852431059
0.354 1.13883049303568
0.3545 1.13766246176077
0.355 1.13649443048587
0.3555 1.13532639921096
0.356 1.13415836793605
0.3565 1.13415836793605
0.357 1.13299033666114
0.3575 1.13182230538623
0.358 1.13065427411132
0.3585 1.12948624283642
0.359 1.12948624283642
0.3595 1.12831821156151
0.36 1.1271501802866
0.3605 1.12598214901169
0.361 1.12481411773678
0.3615 1.12364608646187
0.362 1.12364608646187
0.3625 1.12247805518697
0.363 1.12131002391206
0.3635 1.12014199263715
0.364 1.11897396136224
0.3645 1.11897396136224
0.365 1.11780593008733
0.3655 1.11663789881242
0.366 1.11546986753751
0.3665 1.11430183626261
0.367 1.1131338049877
0.3675 1.1131338049877
0.368 1.11196577371279
0.3685 1.11079774243788
0.369 1.10962971116297
0.3695 1.10846167988806
0.37 1.10846167988806
0.3705 1.10729364861316
0.371 1.10612561733825
0.3715 1.10495758606334
0.372 1.10378955478843
0.3725 1.10378955478843
0.373 1.10262152351352
0.3735 1.10145349223861
0.374 1.10028546096371
0.3745 1.0991174296888
0.375 1.09794939841389
0.3755 1.09794939841389
0.376 1.09678136713898
0.3765 1.09561333586407
0.377 1.09444530458916
0.3775 1.09327727331426
0.378 1.09327727331426
0.3785 1.09210924203935
0.379 1.09094121076444
0.3795 1.08977317948953
0.38 1.08860514821462
0.3805 1.08860514821462
0.381 1.08743711693971
0.3815 1.0862690856648
0.382 1.0851010543899
0.3825 1.08393302311499
0.383 1.08393302311499
0.3835 1.08276499184008
0.384 1.08159696056517
0.3845 1.08042892929026
0.385 1.07926089801535
0.3855 1.07926089801535
0.386 1.07809286674045
0.3865 1.07692483546554
0.387 1.07575680419063
0.3875 1.07458877291572
0.388 1.07458877291572
0.3885 1.07342074164081
0.389 1.0722527103659
0.3895 1.071084679091
0.39 1.06991664781609
0.3905 1.06991664781609
0.391 1.06874861654118
0.3915 1.06758058526627
0.392 1.06641255399136
0.3925 1.06524452271645
0.393 1.06524452271645
0.3935 1.06407649144155
0.394 1.06290846016664
0.3945 1.06174042889173
0.395 1.06057239761682
0.3955 1.06057239761682
0.396 1.05940436634191
0.3965 1.058236335067
0.397 1.0570683037921
0.3975 1.05590027251719
0.398 1.05590027251719
0.3985 1.05473224124228
0.399 1.05356420996737
0.3995 1.05239617869246
0.4 1.05122814741755
0.4005 1.05122814741755
0.401 1.05006011614264
0.4015 1.04889208486774
0.402 1.04772405359283
0.4025 1.04655602231792
0.403 1.04655602231792
0.4035 1.04538799104301
0.404 1.0442199597681
0.4045 1.04305192849319
0.405 1.04188389721829
0.4055 1.04188389721829
0.406 1.04071586594338
0.4065 1.03954783466847
0.407 1.03837980339356
0.4075 1.03837980339356
0.408 1.03721177211865
0.4085 1.03604374084374
0.409 1.03487570956884
0.4095 1.03370767829393
0.41 1.03370767829393
0.4105 1.03253964701902
0.411 1.03137161574411
0.4115 1.0302035844692
0.412 1.02903555319429
0.4125 1.02903555319429
0.413 1.02786752191939
0.4135 1.02669949064448
0.414 1.02553145936957
0.4145 1.02436342809466
0.415 1.02436342809466
0.4155 1.02319539681975
0.416 1.02202736554484
0.4165 1.02085933426994
0.417 1.02085933426994
0.4175 1.01969130299503
0.418 1.01852327172012
0.4185 1.01735524044521
0.419 1.0161872091703
0.4195 1.0161872091703
0.42 1.01501917789539
0.4205 1.01385114662048
0.421 1.01268311534558
0.4215 1.01151508407067
0.422 1.01151508407067
0.4225 1.01034705279576
0.423 1.00917902152085
0.4235 1.00801099024594
0.424 1.00801099024594
0.4245 1.00684295897103
0.425 1.00567492769613
0.4255 1.00450689642122
0.426 1.00333886514631
0.4265 1.00333886514631
0.427 1.0021708338714
0.4275 1.00100280259649
0.428 0.999834771321584
0.4285 0.998666740046676
0.429 0.998666740046676
0.4295 0.997498708771767
0.43 0.996330677496859
0.4305 0.99516264622195
0.431 0.99516264622195
0.4315 0.993994614947042
0.432 0.992826583672134
0.4325 0.991658552397225
0.433 0.990490521122317
0.4335 0.990490521122317
0.434 0.989322489847408
0.4345 0.9881544585725
0.435 0.986986427297592
0.4355 0.986986427297592
0.436 0.985818396022683
0.4365 0.984650364747775
0.437 0.983482333472866
0.4375 0.982314302197958
0.438 0.982314302197958
0.4385 0.98114627092305
0.439 0.979978239648141
0.4395 0.978810208373233
0.44 0.978810208373233
0.4405 0.977642177098324
0.441 0.976474145823416
0.4415 0.975306114548508
0.442 0.974138083273599
0.4425 0.974138083273599
0.443 0.972970051998691
0.4435 0.971802020723783
0.444 0.970633989448874
0.4445 0.970633989448874
0.445 0.969465958173966
0.4455 0.968297926899057
0.446 0.967129895624149
0.4465 0.965961864349241
0.447 0.965961864349241
0.4475 0.964793833074332
0.448 0.963625801799424
0.4485 0.962457770524515
0.449 0.962457770524515
0.4495 0.961289739249607
0.45 0.960121707974699
0.4505 0.95895367669979
0.451 0.957785645424882
0.4515 0.957785645424882
0.452 0.956617614149973
0.4525 0.955449582875065
0.453 0.954281551600157
0.4535 0.954281551600157
0.454 0.953113520325248
0.4545 0.95194548905034
0.455 0.950777457775431
0.4555 0.950777457775431
0.456 0.949609426500523
0.4565 0.948441395225615
0.457 0.947273363950706
0.4575 0.946105332675798
0.458 0.946105332675798
0.4585 0.944937301400889
0.459 0.943769270125981
0.4595 0.942601238851073
0.46 0.942601238851073
0.4605 0.941433207576164
0.461 0.940265176301256
0.4615 0.939097145026348
0.462 0.937929113751439
0.4625 0.937929113751439
0.463 0.936761082476531
0.4635 0.935593051201622
0.464 0.934425019926714
0.4645 0.934425019926714
0.465 0.933256988651806
0.4655 0.932088957376897
0.466 0.930920926101989
0.4665 0.930920926101989
0.467 0.92975289482708
0.4675 0.928584863552172
0.468 0.927416832277264
0.4685 0.926248801002355
0.469 0.926248801002355
0.4695 0.925080769727447
0.47 0.923912738452538
0.4705 0.92274470717763
0.471 0.92274470717763
0.4715 0.921576675902722
0.472 0.920408644627813
0.4725 0.919240613352905
0.473 0.919240613352905
0.4735 0.918072582077996
0.474 0.916904550803088
0.4745 0.91573651952818
0.475 0.914568488253271
0.4755 0.914568488253271
0.476 0.913400456978363
0.4765 0.912232425703455
0.477 0.911064394428546
0.4775 0.911064394428546
0.478 0.909896363153638
0.4785 0.908728331878729
0.479 0.907560300603821
0.4795 0.907560300603821
0.48 0.906392269328912
0.4805 0.905224238054004
0.481 0.904056206779096
0.4815 0.904056206779096
0.482 0.902888175504187
0.4825 0.901720144229279
0.483 0.900552112954371
0.4835 0.899384081679462
0.484 0.899384081679462
0.4845 0.898216050404554
0.485 0.897048019129645
0.4855 0.895879987854737
0.486 0.895879987854737
0.4865 0.894711956579829
0.487 0.89354392530492
0.4875 0.892375894030012
0.488 0.892375894030012
0.4885 0.891207862755103
0.489 0.890039831480195
0.4895 0.888871800205287
0.49 0.888871800205287
0.4905 0.887703768930378
0.491 0.88653573765547
0.4915 0.885367706380562
0.492 0.884199675105653
0.4925 0.884199675105653
0.493 0.883031643830745
0.4935 0.881863612555836
0.494 0.880695581280928
0.4945 0.880695581280928
0.495 0.879527550006019
0.4955 0.878359518731111
0.496 0.877191487456203
0.4965 0.877191487456203
0.497 0.876023456181294
0.4975 0.874855424906386
0.498 0.873687393631478
0.4985 0.873687393631478
0.499 0.872519362356569
0.4995 0.871351331081661
0.5 0.870183299806752
0.5005 0.870183299806752
0.501 0.869015268531844
0.5015 0.867847237256936
0.502 0.866679205982027
0.5025 0.866679205982027
0.503 0.865511174707119
0.5035 0.86434314343221
0.504 0.863175112157302
0.5045 0.862007080882394
0.505 0.862007080882394
0.5055 0.860839049607485
0.506 0.859671018332577
0.5065 0.858502987057668
0.507 0.858502987057668
0.5075 0.85733495578276
0.508 0.856166924507852
0.5085 0.854998893232943
0.509 0.854998893232943
0.5095 0.853830861958035
0.51 0.852662830683126
0.5105 0.851494799408218
0.511 0.851494799408218
0.5115 0.85032676813331
0.512 0.849158736858401
0.5125 0.847990705583493
0.513 0.847990705583493
0.5135 0.846822674308584
0.514 0.845654643033676
0.5145 0.844486611758768
0.515 0.844486611758768
0.5155 0.843318580483859
0.516 0.842150549208951
0.5165 0.840982517934043
0.517 0.839814486659134
0.5175 0.839814486659134
0.518 0.838646455384226
0.5185 0.837478424109317
0.519 0.836310392834409
0.5195 0.836310392834409
0.52 0.835142361559501
0.5205 0.833974330284592
0.521 0.832806299009684
0.5215 0.832806299009684
0.522 0.831638267734775
0.5225 0.830470236459867
0.523 0.829302205184959
0.5235 0.829302205184959
0.524 0.82813417391005
0.5245 0.826966142635142
0.525 0.825798111360233
0.5255 0.825798111360233
0.526 0.824630080085325
0.5265 0.823462048810417
0.527 0.822294017535508
0.5275 0.822294017535508
0.528 0.8211259862606
0.5285 0.819957954985691
0.529 0.818789923710783
0.5295 0.818789923710783
0.53 0.817621892435875
0.5305 0.816453861160966
0.531 0.815285829886058
0.5315 0.815285829886058
0.532 0.81411779861115
0.5325 0.812949767336241
0.533 0.811781736061333
0.5335 0.811781736061333
0.534 0.810613704786424
0.5345 0.809445673511516
0.535 0.808277642236608
0.5355 0.808277642236608
0.536 0.807109610961699
0.5365 0.805941579686791
0.537 0.804773548411882
0.5375 0.803605517136974
0.538 0.803605517136974
0.5385 0.802437485862066
0.539 0.801269454587157
0.5395 0.800101423312249
0.54 0.800101423312249
0.5405 0.79893339203734
0.541 0.797765360762432
0.5415 0.796597329487524
0.542 0.796597329487524
0.5425 0.795429298212615
0.543 0.794261266937707
0.5435 0.793093235662798
0.544 0.793093235662798
0.5445 0.79192520438789
0.545 0.790757173112982
0.5455 0.789589141838073
0.546 0.789589141838073
0.5465 0.788421110563165
0.547 0.787253079288256
0.5475 0.786085048013348
0.548 0.786085048013348
0.5485 0.78491701673844
0.549 0.783748985463531
0.5495 0.782580954188623
0.55 0.782580954188623
0.5505 0.781412922913715
0.551 0.780244891638806
0.5515 0.779076860363898
0.552 0.779076860363898
0.5525 0.777908829088989
0.553 0.776740797814081
0.5535 0.775572766539173
0.554 0.775572766539173
0.5545 0.774404735264264
0.555 0.773236703989356
0.5555 0.772068672714447
0.556 0.772068672714447
0.5565 0.770900641439539
0.557 0.769732610164631
0.5575 0.768564578889722
0.558 0.768564578889722
0.5585 0.767396547614814
0.559 0.766228516339905
0.5595 0.765060485064997
0.56 0.765060485064997
0.5605 0.763892453790089
0.561 0.76272442251518
0.5615 0.761556391240272
0.562 0.761556391240272
0.5625 0.760388359965363
0.563 0.759220328690455
0.5635 0.758052297415547
0.564 0.758052297415547
0.5645 0.756884266140638
0.565 0.75571623486573
0.5655 0.754548203590822
0.566 0.754548203590822
0.5665 0.753380172315913
0.567 0.752212141041005
0.5675 0.751044109766096
0.568 0.751044109766096
0.5685 0.749876078491188
0.569 0.74870804721628
0.5695 0.747540015941371
0.57 0.747540015941371
0.5705 0.746371984666463
0.571 0.745203953391554
0.5715 0.744035922116646
0.572 0.744035922116646
0.5725 0.742867890841738
0.573 0.741699859566829
0.5735 0.740531828291921
0.574 0.740531828291921
0.5745 0.739363797017012
0.575 0.738195765742104
0.5755 0.737027734467196
0.576 0.737027734467196
0.5765 0.735859703192287
0.577 0.734691671917379
0.5775 0.73352364064247
0.578 0.73352364064247
0.5785 0.732355609367562
0.579 0.731187578092654
0.5795 0.730019546817745
0.58 0.730019546817745
0.5805 0.728851515542837
0.581 0.727683484267929
0.5815 0.72651545299302
0.582 0.72651545299302
0.5825 0.725347421718112
0.583 0.724179390443203
0.5835 0.723011359168295
0.584 0.723011359168295
0.5845 0.721843327893387
0.585 0.720675296618478
0.5855 0.71950726534357
0.586 0.71950726534357
0.5865 0.718339234068661
0.587 0.717171202793753
0.5875 0.716003171518845
0.588 0.716003171518845
0.5885 0.714835140243936
0.589 0.713667108969028
0.5895 0.712499077694119
0.59 0.712499077694119
0.5905 0.711331046419211
0.591 0.710163015144303
0.5915 0.708994983869394
0.592 0.708994983869394
0.5925 0.707826952594486
0.593 0.706658921319577
0.5935 0.705490890044669
0.594 0.705490890044669
0.5945 0.704322858769761
0.595 0.703154827494852
0.5955 0.701986796219944
0.596 0.701986796219944
0.5965 0.700818764945035
0.597 0.699650733670127
0.5975 0.698482702395219
0.598 0.698482702395219
0.5985 0.69731467112031
0.599 0.696146639845402
0.5995 0.694978608570494
0.6 0.694978608570494
0.6005 0.693810577295585
0.601 0.692642546020677
0.6015 0.691474514745768
0.602 0.691474514745768
0.6025 0.69030648347086
0.603 0.689138452195951
0.6035 0.687970420921043
0.604 0.687970420921043
0.6045 0.686802389646135
0.605 0.685634358371226
0.6055 0.684466327096318
0.606 0.684466327096318
0.6065 0.68329829582141
0.607 0.682130264546501
0.6075 0.680962233271593
0.608 0.680962233271593
0.6085 0.679794201996684
0.609 0.678626170721776
0.6095 0.677458139446868
0.61 0.677458139446868
0.6105 0.676290108171959
0.611 0.675122076897051
0.6115 0.673954045622142
0.612 0.673954045622142
0.6125 0.672786014347234
0.613 0.671617983072326
0.6135 0.670449951797417
0.614 0.670449951797417
0.6145 0.669281920522509
0.615 0.668113889247601
0.6155 0.666945857972692
0.616 0.666945857972692
0.6165 0.665777826697784
0.617 0.664609795422875
0.6175 0.663441764147967
0.618 0.663441764147967
0.6185 0.662273732873058
0.619 0.66110570159815
0.6195 0.659937670323242
0.62 0.659937670323242
0.6205 0.658769639048333
0.621 0.657601607773425
0.6215 0.656433576498517
0.622 0.656433576498517
0.6225 0.655265545223608
0.623 0.6540975139487
0.6235 0.6540975139487
0.624 0.652929482673791
0.6245 0.651761451398883
0.625 0.650593420123975
0.6255 0.650593420123975
0.626 0.649425388849066
0.6265 0.648257357574158
0.627 0.647089326299249
0.6275 0.647089326299249
0.628 0.645921295024341
0.6285 0.644753263749433
0.629 0.643585232474524
0.6295 0.643585232474524
0.63 0.642417201199616
0.6305 0.641249169924707
0.631 0.640081138649799
0.6315 0.640081138649799
0.632 0.638913107374891
0.6325 0.637745076099982
0.633 0.636577044825074
0.6335 0.636577044825074
0.634 0.635409013550165
0.6345 0.634240982275257
0.635 0.633072951000349
0.6355 0.633072951000349
0.636 0.63190491972544
0.6365 0.630736888450532
0.637 0.629568857175623
0.6375 0.629568857175623
0.638 0.628400825900715
0.6385 0.627232794625807
0.639 0.626064763350898
0.6395 0.626064763350898
0.64 0.62489673207599
0.6405 0.623728700801082
0.641 0.622560669526173
0.6415 0.622560669526173
0.642 0.621392638251265
0.6425 0.620224606976356
0.643 0.619056575701448
0.6435 0.619056575701448
0.644 0.61788854442654
0.6445 0.616720513151631
0.645 0.615552481876723
0.6455 0.615552481876723
0.646 0.614384450601814
0.6465 0.613216419326906
0.647 0.612048388051998
0.6475 0.612048388051998
0.648 0.610880356777089
0.6485 0.609712325502181
0.649 0.608544294227272
0.6495 0.608544294227272
0.65 0.607376262952364
0.6505 0.606208231677456
0.651 0.605040200402547
0.6515 0.605040200402547
0.652 0.603872169127639
0.6525 0.60270413785273
0.653 0.60270413785273
0.6535 0.601536106577822
0.654 0.600368075302914
0.6545 0.599200044028005
0.655 0.599200044028005
0.6555 0.598032012753097
0.656 0.596863981478189
0.6565 0.59569595020328
0.657 0.59569595020328
0.6575 0.594527918928372
0.658 0.593359887653463
0.6585 0.592191856378555
0.659 0.592191856378555
0.6595 0.591023825103647
0.66 0.589855793828738
0.6605 0.58868776255383
0.661 0.58868776255383
0.6615 0.587519731278921
0.662 0.586351700004013
0.6625 0.585183668729105
0.663 0.585183668729105
0.6635 0.584015637454196
0.664 0.582847606179288
0.6645 0.581679574904379
0.665 0.581679574904379
0.6655 0.580511543629471
0.666 0.579343512354563
0.6665 0.578175481079654
0.667 0.578175481079654
0.6675 0.577007449804746
0.668 0.575839418529837
0.6685 0.574671387254929
0.669 0.574671387254929
0.6695 0.573503355980021
0.67 0.572335324705112
0.6705 0.571167293430204
0.671 0.571167293430204
0.6715 0.569999262155296
0.672 0.568831230880387
0.6725 0.567663199605479
0.673 0.567663199605479
0.6735 0.56649516833057
0.674 0.565327137055662
0.6745 0.564159105780754
0.675 0.564159105780754
0.6755 0.562991074505845
0.676 0.561823043230937
0.6765 0.561823043230937
0.677 0.560655011956028
0.6775 0.55948698068112
0.678 0.558318949406212
0.6785 0.558318949406212
0.679 0.557150918131303
0.6795 0.555982886856395
0.68 0.554814855581486
0.6805 0.554814855581486
0.681 0.553646824306578
0.6815 0.55247879303167
0.682 0.551310761756761
0.6825 0.551310761756761
0.683 0.550142730481853
0.6835 0.548974699206944
0.684 0.547806667932036
0.6845 0.547806667932036
0.685 0.546638636657128
0.6855 0.545470605382219
0.686 0.544302574107311
0.6865 0.544302574107311
0.687 0.543134542832402
0.6875 0.541966511557494
0.688 0.540798480282586
0.6885 0.540798480282586
0.689 0.539630449007677
0.6895 0.538462417732769
0.69 0.537294386457861
0.6905 0.537294386457861
0.691 0.536126355182952
0.6915 0.534958323908044
0.692 0.533790292633135
0.6925 0.533790292633135
0.693 0.532622261358227
0.6935 0.531454230083319
0.694 0.53028619880841
0.6945 0.53028619880841
0.695 0.529118167533502
0.6955 0.527950136258593
0.696 0.526782104983685
0.6965 0.526782104983685
0.697 0.525614073708777
0.6975 0.524446042433868
0.698 0.524446042433868
0.6985 0.52327801115896
0.699 0.522109979884051
0.6995 0.520941948609143
0.7 0.520941948609143
0.7005 0.519773917334235
0.701 0.518605886059326
0.7015 0.517437854784418
0.702 0.517437854784418
0.7025 0.516269823509509
0.703 0.515101792234601
0.7035 0.513933760959693
0.704 0.513933760959693
0.7045 0.512765729684784
0.705 0.511597698409876
0.7055 0.510429667134968
0.706 0.510429667134968
0.7065 0.509261635860059
0.707 0.508093604585151
0.7075 0.506925573310242
0.708 0.506925573310242
0.7085 0.505757542035334
0.709 0.504589510760426
0.7095 0.503421479485517
0.71 0.503421479485517
0.7105 0.502253448210609
0.711 0.5010854169357
0.7115 0.499917385660792
0.712 0.499917385660792
0.7125 0.498749354385884
0.713 0.497581323110975
0.7135 0.496413291836067
0.714 0.496413291836067
0.7145 0.495245260561158
0.715 0.49407722928625
0.7155 0.492909198011342
0.716 0.492909198011342
0.7165 0.491741166736433
0.717 0.490573135461525
0.7175 0.490573135461525
0.718 0.489405104186616
0.7185 0.488237072911708
0.719 0.4870690416368
0.7195 0.4870690416368
0.72 0.485901010361891
0.7205 0.484732979086983
0.721 0.483564947812074
0.7215 0.483564947812074
0.722 0.482396916537166
0.7225 0.481228885262258
0.723 0.480060853987349
0.7235 0.480060853987349
0.724 0.478892822712441
0.7245 0.477724791437532
0.725 0.476556760162624
0.7255 0.476556760162624
0.726 0.475388728887716
0.7265 0.474220697612807
0.727 0.473052666337899
0.7275 0.473052666337899
0.728 0.471884635062991
0.7285 0.470716603788082
0.729 0.469548572513174
0.7295 0.469548572513174
0.73 0.468380541238265
0.7305 0.467212509963357
0.731 0.466044478688449
0.7315 0.466044478688449
0.732 0.46487644741354
0.7325 0.463708416138632
0.733 0.462540384863723
0.7335 0.462540384863723
0.734 0.461372353588815
0.7345 0.460204322313907
0.735 0.460204322313907
0.7355 0.459036291038998
0.736 0.45786825976409
0.7365 0.456700228489181
0.737 0.456700228489181
0.7375 0.455532197214273
0.738 0.454364165939365
0.7385 0.453196134664456
0.739 0.453196134664456
0.7395 0.452028103389548
0.74 0.450860072114639
0.7405 0.449692040839731
0.741 0.449692040839731
0.7415 0.448524009564823
0.742 0.447355978289914
0.7425 0.446187947015006
0.743 0.446187947015006
0.7435 0.445019915740098
0.744 0.443851884465189
0.7445 0.442683853190281
0.745 0.442683853190281
0.7455 0.441515821915372
0.746 0.440347790640464
0.7465 0.439179759365556
0.747 0.439179759365556
0.7475 0.438011728090647
0.748 0.436843696815739
0.7485 0.43567566554083
0.749 0.43567566554083
0.7495 0.434507634265922
0.75 0.433339602991014
0.7505 0.432171571716105
0.751 0.432171571716105
0.7515 0.431003540441197
0.752 0.429835509166288
0.7525 0.429835509166288
0.753 0.42866747789138
0.7535 0.427499446616472
0.754 0.426331415341563
0.7545 0.426331415341563
0.755 0.425163384066655
0.7555 0.423995352791746
0.756 0.422827321516838
0.7565 0.422827321516838
0.757 0.42165929024193
0.7575 0.420491258967021
0.758 0.419323227692113
0.7585 0.419323227692113
0.759 0.418155196417204
0.7595 0.416987165142296
0.76 0.415819133867388
0.7605 0.415819133867388
0.761 0.414651102592479
0.7615 0.413483071317571
0.762 0.412315040042663
0.7625 0.412315040042663
0.763 0.411147008767754
0.7635 0.409978977492846
0.764 0.408810946217937
0.7645 0.408810946217937
0.765 0.407642914943029
0.7655 0.406474883668121
0.766 0.405306852393212
0.7665 0.405306852393212
0.767 0.404138821118304
0.7675 0.402970789843395
0.768 0.401802758568487
0.7685 0.401802758568487
0.769 0.400634727293579
0.7695 0.39946669601867
0.77 0.39946669601867
0.7705 0.398298664743762
0.771 0.397130633468853
0.7715 0.395962602193945
0.772 0.395962602193945
0.7725 0.394794570919037
0.773 0.393626539644128
0.7735 0.39245850836922
0.774 0.39245850836922
0.7745 0.391290477094311
0.775 0.390122445819403
0.7755 0.388954414544495
0.776 0.388954414544495
0.7765 0.387786383269586
0.777 0.386618351994678
0.7775 0.385450320719769
0.778 0.385450320719769
0.7785 0.384282289444861
0.779 0.383114258169953
0.7795 0.381946226895044
0.78 0.381946226895044
0.7805 0.380778195620136
0.781 0.379610164345228
0.7815 0.378442133070319
0.782 0.378442133070319
0.7825 0.377274101795411
0.783 0.376106070520502
0.7835 0.374938039245594
0.784 0.374938039245594
0.7845 0.373770007970686
0.785 0.372601976695777
0.7855 0.371433945420869
0.786 0.371433945420869
0.7865 0.37026591414596
0.787 0.369097882871052
0.7875 0.369097882871052
0.788 0.367929851596144
0.7885 0.366761820321235
0.789 0.365593789046327
0.7895 0.365593789046327
0.79 0.364425757771418
0.7905 0.36325772649651
0.791 0.362089695221602
0.7915 0.362089695221602
0.792 0.360921663946693
0.7925 0.359753632671785
0.793 0.358585601396876
0.7935 0.358585601396876
0.794 0.357417570121968
0.7945 0.35624953884706
0.795 0.355081507572151
0.7955 0.355081507572151
0.796 0.353913476297243
0.7965 0.352745445022335
0.797 0.351577413747426
0.7975 0.351577413747426
0.798 0.350409382472518
0.7985 0.349241351197609
0.799 0.348073319922701
0.7995 0.348073319922701
0.8 0.346905288647793
0.8005 0.345737257372884
0.801 0.344569226097976
0.8015 0.344569226097976
0.802 0.343401194823067
0.8025 0.342233163548159
0.803 0.341065132273251
0.8035 0.341065132273251
0.804 0.339897100998342
0.8045 0.338729069723434
0.805 0.338729069723434
0.8055 0.337561038448525
0.806 0.336393007173617
0.8065 0.335224975898709
0.807 0.335224975898709
0.8075 0.3340569446238
0.808 0.332888913348892
0.8085 0.331720882073983
0.809 0.331720882073983
0.8095 0.330552850799075
0.81 0.329384819524167
0.8105 0.328216788249258
0.811 0.328216788249258
0.8115 0.32704875697435
0.812 0.325880725699441
0.8125 0.324712694424533
0.813 0.324712694424533
0.8135 0.323544663149625
0.814 0.322376631874716
0.8145 0.321208600599808
0.815 0.321208600599808
0.8155 0.3200405693249
0.816 0.318872538049991
0.8165 0.317704506775083
0.817 0.317704506775083
0.8175 0.316536475500174
0.818 0.315368444225266
0.8185 0.314200412950358
0.819 0.314200412950358
0.8195 0.313032381675449
0.82 0.311864350400541
0.8205 0.310696319125632
0.821 0.310696319125632
0.8215 0.309528287850724
0.822 0.308360256575816
0.8225 0.308360256575816
0.823 0.307192225300907
0.8235 0.306024194025999
0.824 0.30485616275109
0.8245 0.30485616275109
0.825 0.303688131476182
0.8255 0.302520100201274
0.826 0.301352068926365
0.8265 0.301352068926365
0.827 0.300184037651457
0.8275 0.299016006376548
0.828 0.29784797510164
0.8285 0.29784797510164
0.829 0.296679943826732
0.8295 0.295511912551823
0.83 0.294343881276915
0.8305 0.294343881276915
0.831 0.293175850002007
0.8315 0.292007818727098
0.832 0.29083978745219
0.8325 0.29083978745219
0.833 0.289671756177281
0.8335 0.288503724902373
0.834 0.287335693627465
0.8345 0.287335693627465
0.835 0.286167662352556
0.8355 0.284999631077648
0.836 0.283831599802739
0.8365 0.283831599802739
0.837 0.282663568527831
0.8375 0.281495537252923
0.838 0.281495537252923
0.8385 0.280327505978014
0.839 0.279159474703106
0.8395 0.277991443428197
0.84 0.277991443428197
0.8405 0.276823412153289
0.841 0.275655380878381
0.8415 0.274487349603472
0.842 0.274487349603472
0.8425 0.273319318328564
0.843 0.272151287053655
0.8435 0.270983255778747
0.844 0.270983255778747
0.8445 0.269815224503839
0.845 0.26864719322893
0.8455 0.267479161954022
0.846 0.267479161954022
0.8465 0.266311130679113
0.847 0.265143099404205
0.8475 0.263975068129297
0.848 0.263975068129297
0.8485 0.262807036854388
0.849 0.26163900557948
0.8495 0.260470974304572
0.85 0.260470974304572
0.8505 0.259302943029663
0.851 0.258134911754755
0.8515 0.256966880479846
0.852 0.256966880479846
0.8525 0.255798849204938
0.853 0.25463081793003
0.8535 0.253462786655121
0.854 0.253462786655121
0.8545 0.252294755380213
0.855 0.251126724105304
0.8555 0.251126724105304
0.856 0.249958692830396
0.8565 0.248790661555488
0.857 0.247622630280579
0.8575 0.247622630280579
0.858 0.246454599005671
0.8585 0.245286567730762
0.859 0.244118536455854
0.8595 0.244118536455854
0.86 0.242950505180946
0.8605 0.241782473906037
0.861 0.240614442631129
0.8615 0.240614442631129
0.862 0.23944641135622
0.8625 0.238278380081312
0.863 0.237110348806404
0.8635 0.237110348806404
0.864 0.235942317531495
0.8645 0.234774286256587
0.865 0.233606254981678
0.8655 0.233606254981678
0.866 0.23243822370677
0.8665 0.231270192431862
0.867 0.230102161156953
0.8675 0.230102161156953
0.868 0.228934129882045
0.8685 0.227766098607137
0.869 0.226598067332228
0.8695 0.226598067332228
0.87 0.22543003605732
0.8705 0.224262004782411
0.871 0.224262004782411
0.8715 0.223093973507503
0.872 0.221925942232595
0.8725 0.220757910957686
0.873 0.220757910957686
0.8735 0.219589879682778
0.874 0.218421848407869
0.8745 0.217253817132961
0.875 0.217253817132961
0.8755 0.216085785858053
0.876 0.214917754583144
0.8765 0.213749723308236
0.877 0.213749723308236
0.8775 0.212581692033327
0.878 0.211413660758419
0.8785 0.210245629483511
0.879 0.210245629483511
0.8795 0.209077598208602
0.88 0.207909566933694
0.8805 0.206741535658785
0.881 0.206741535658785
0.8815 0.205573504383877
0.882 0.204405473108969
0.8825 0.20323744183406
0.883 0.20323744183406
0.8835 0.202069410559152
0.884 0.200901379284244
0.8845 0.199733348009335
0.885 0.199733348009335
0.8855 0.198565316734427
0.886 0.197397285459518
0.8865 0.19622925418461
0.887 0.19622925418461
0.8875 0.195061222909702
0.888 0.193893191634793
0.8885 0.193893191634793
0.889 0.192725160359885
0.8895 0.191557129084976
0.89 0.190389097810068
0.8905 0.190389097810068
0.891 0.18922106653516
0.8915 0.188053035260251
0.892 0.186885003985343
0.8925 0.186885003985343
0.893 0.185716972710434
0.8935 0.184548941435526
0.894 0.183380910160618
0.8945 0.183380910160618
0.895 0.182212878885709
0.8955 0.181044847610801
0.896 0.179876816335892
0.8965 0.179876816335892
0.897 0.178708785060984
0.8975 0.177540753786076
0.898 0.176372722511167
0.8985 0.176372722511167
0.899 0.175204691236259
0.8995 0.17403665996135
0.9 0.172868628686442
0.9005 0.172868628686442
0.901 0.171700597411534
0.9015 0.170532566136625
0.902 0.169364534861717
0.9025 0.169364534861717
0.903 0.168196503586809
0.9035 0.1670284723119
0.904 0.1670284723119
0.9045 0.165860441036992
0.905 0.164692409762083
0.9055 0.163524378487175
0.906 0.163524378487175
0.9065 0.162356347212267
0.907 0.161188315937358
0.9075 0.16002028466245
0.908 0.16002028466245
0.9085 0.158852253387541
0.909 0.157684222112633
0.9095 0.156516190837725
0.91 0.156516190837725
0.9105 0.155348159562816
0.911 0.154180128287908
0.9115 0.153012097012999
0.912 0.153012097012999
0.9125 0.151844065738091
0.913 0.150676034463183
0.9135 0.149508003188274
0.914 0.149508003188274
0.9145 0.148339971913366
0.915 0.147171940638457
0.9155 0.146003909363549
0.916 0.146003909363549
0.9165 0.144835878088641
0.917 0.143667846813732
0.9175 0.142499815538824
0.918 0.142499815538824
0.9185 0.141331784263915
0.919 0.140163752989007
0.9195 0.140163752989007
0.92 0.138995721714099
0.9205 0.13782769043919
0.921 0.136659659164282
0.9215 0.136659659164282
0.922 0.135491627889374
0.9225 0.134323596614465
0.923 0.133155565339557
0.9235 0.133155565339557
0.924 0.131987534064648
0.9245 0.13081950278974
0.925 0.129651471514832
0.9255 0.129651471514832
0.926 0.128483440239923
0.9265 0.127315408965015
0.927 0.126147377690106
0.9275 0.126147377690106
0.928 0.124979346415198
0.9285 0.12381131514029
0.929 0.122643283865381
0.9295 0.122643283865381
0.93 0.121475252590473
0.9305 0.120307221315564
0.931 0.119139190040656
0.9315 0.119139190040656
0.932 0.117971158765748
0.9325 0.116803127490839
0.933 0.115635096215931
0.9335 0.115635096215931
0.934 0.114467064941022
0.9345 0.113299033666114
0.935 0.112131002391206
0.9355 0.112131002391206
0.936 0.110962971116297
0.9365 0.109794939841389
0.937 0.109794939841389
0.9375 0.10862690856648
0.938 0.107458877291572
0.9385 0.106290846016664
0.939 0.106290846016664
0.9395 0.105122814741755
0.94 0.103954783466847
0.9405 0.102786752191939
0.941 0.102786752191939
0.9415 0.10161872091703
0.942 0.100450689642122
0.9425 0.0992826583672134
0.943 0.0992826583672134
0.9435 0.098114627092305
0.944 0.0969465958173966
0.9445 0.0957785645424882
0.945 0.0957785645424882
0.9455 0.0946105332675798
0.946 0.0934425019926714
0.9465 0.092274470717763
0.947 0.092274470717763
0.9475 0.0911064394428546
0.948 0.0899384081679462
0.9485 0.0887703768930378
0.949 0.0887703768930378
0.9495 0.0876023456181294
0.95 0.086434314343221
0.9505 0.0852662830683126
0.951 0.0852662830683126
0.9515 0.0840982517934043
0.952 0.0829302205184959
0.9525 0.0829302205184959
0.953 0.0817621892435875
0.9535 0.0805941579686791
0.954 0.0794261266937707
0.9545 0.0794261266937707
0.955 0.0782580954188623
0.9555 0.0770900641439539
0.956 0.0759220328690455
0.9565 0.0759220328690455
0.957 0.0747540015941371
0.9575 0.0735859703192287
0.958 0.0724179390443203
0.9585 0.0724179390443203
0.959 0.0712499077694119
0.9595 0.0700818764945036
0.96 0.0689138452195951
0.9605 0.0689138452195951
0.961 0.0677458139446868
0.9615 0.0665777826697784
0.962 0.06540975139487
0.9625 0.06540975139487
0.963 0.0642417201199616
0.9635 0.0630736888450532
0.964 0.0619056575701448
0.9645 0.0619056575701448
0.965 0.0607376262952364
0.9655 0.059569595020328
0.966 0.0584015637454196
0.9665 0.0584015637454196
0.967 0.0572335324705112
0.9675 0.0560655011956028
0.968 0.0560655011956028
0.9685 0.0548974699206944
0.969 0.0537294386457861
0.9695 0.0525614073708777
0.97 0.0525614073708777
0.9705 0.0513933760959693
0.971 0.0502253448210609
0.9715 0.0490573135461525
0.972 0.0490573135461525
0.9725 0.0478892822712441
0.973 0.0467212509963357
0.9735 0.0455532197214273
0.974 0.0455532197214273
0.9745 0.0443851884465189
0.975 0.0432171571716105
0.9755 0.0420491258967021
0.976 0.0420491258967021
0.9765 0.0408810946217937
0.977 0.0397130633468853
0.9775 0.038545032071977
0.978 0.038545032071977
0.9785 0.0373770007970686
0.979 0.0362089695221602
0.9795 0.0350409382472518
0.98 0.0350409382472518
0.9805 0.0338729069723434
0.981 0.032704875697435
0.9815 0.0315368444225266
0.982 0.0315368444225266
0.9825 0.0303688131476182
0.983 0.0292007818727098
0.9835 0.0280327505978014
0.984 0.0280327505978014
0.9845 0.026864719322893
0.985 0.0256966880479846
0.9855 0.0256966880479846
0.986 0.0245286567730762
0.9865 0.0233606254981679
0.987 0.0221925942232595
0.9875 0.0221925942232595
0.988 0.0210245629483511
0.9885 0.0198565316734427
0.989 0.0186885003985343
0.9895 0.0186885003985343
0.99 0.0175204691236259
0.9905 0.0163524378487175
0.991 0.0151844065738091
0.9915 0.0151844065738091
0.992 0.0140163752989007
0.9925 0.0128483440239923
0.993 0.0116803127490839
0.9935 0.0116803127490839
0.994 0.0105122814741755
0.9945 0.00934425019926714
0.995 0.00817621892435875
0.9955 0.00817621892435875
0.996 0.00700818764945035
0.9965 0.00584015637454196
0.997 0.00467212509963357
0.9975 0.00467212509963357
0.998 0.00350409382472518
0.9985 0.00233606254981678
0.999 0.00116803127490839
0.9995 0.00116803127490839
1 0
